500.34 -0.00145331 1 6.02955e-05 -0.0015136
500.8 0.00161205 1 6.39067e-05 0.00154815
501.25 -0.000324005 1 6.76346e-05 -0.000391639
501.71 0.000741362 1 7.16551e-05 0.000669707
502.17 0.00180673 1 7.58984e-05 0.00173083
502.62 0.000870679 1 8.0276e-05 0.000790403
503.08 -0.00206395 1 8.4994e-05 -0.00214894
503.53 0 1 8.98591e-05 -8.98591e-05
503.99 0.00106537 1 9.51001e-05 0.000970271
504.44 0.000129321 1 0.000100502 2.88189e-05
504.9 -0.00180531 1 0.000106319 -0.00191163
505.36 0.000260059 1 0.000112449 0.00014761
505.81 -0.000675995 1 0.000118763 -0.000794758
506.27 -0.000610631 1 0.000125557 -0.000736188
506.72 0.00145331 1 0.000132552 0.00132076
507.18 0.00151867 1 0.000140076 0.00137859
507.63 -0.000417402 1 0.000147819 -0.00056522
508.09 -0.000352053 1 0.000156143 -0.000508196
508.54 0.00071187 1 0.000164706 0.000547164
509 0.00277721 1 0.000173908 0.0026033
509.45 -0.000158879 1 0.00018337 -0.000342249
509.91 0.00390645 1 0.000193534 0.00371291
510.36 -2.96547e-05 1 0.000203979 -0.000233633
510.82 0.00103566 1 0.000215194 0.000820463
511.27 -0.00090046 1 0.000226714 -0.00112717
511.73 -0.00183517 1 0.000239078 -0.00207424
512.19 -0.000769879 1 0.000252063 -0.00102194
512.64 0.00329398 1 0.000265392 0.00302859
513.1 0.00135924 1 0.000279688 0.00107956
513.55 -0.00157692 1 0.000294357 -0.00187128
514.01 -0.000511675 1 0.000310082 -0.000821756
514.46 0.00055214 1 0.00032621 0.00022593
514.92 -0.00138264 1 0.000343492 -0.00172613
515.37 0.000681153 1 0.000361209 0.000319943
515.83 -0.00125365 1 0.000380185 -0.00163384
516.28 0.00281011 1 0.00039963 0.00241048
516.73 0.000873865 1 0.000419983 0.000453882
517.19 -6.09816e-05 1 0.000441768 -0.000502749
517.64 2.74106e-06 1 0.000464076 -0.000461335
518.1 0.00106786 1 0.000487942 0.000579923
518.55 0.00213156 1 0.00051237 0.00161919
519.01 -0.00180335 1 0.000538492 -0.00234185
519.46 0.00126031 1 0.000565218 0.000695088
519.92 0.000325362 1 0.000593784 -0.000268422
520.37 0.00338899 1 0.000622997 0.00276599
520.83 0.00345401 1 0.000654208 0.0027998
521.28 0.000517594 1 0.00068611 -0.000168516
521.74 -0.000417425 1 0.000720178 -0.0011376
522.19 0.000646124 1 0.000754986 -0.000108862
522.65 0.000711065 1 0.00079214 -8.10756e-05
523.1 0.00277457 1 0.000830084 0.00194449
523.55 0.000838061 1 0.000869667 -3.16067e-05
524.01 0.00290294 1 0.00091189 0.00199105
524.46 0.000966381 1 0.00095498 1.14008e-05
524.92 0.00203121 1 0.00100092 0.00103029
525.37 9.46106e-05 1 0.00104779 -0.000953177
525.83 0.00315939 1 0.00109773 0.00206166
526.28 0.00122275 1 0.00114866 7.40897e-05
526.73 0.00228607 1 0.0012017 0.00108438
527.19 0.00335078 1 0.00125818 0.0020926
527.64 0.00441406 1 0.00131574 0.00309832
528.1 0.00447871 1 0.00137701 0.00310171
528.55 0.00354194 1 0.0014394 0.00210254
529.01 0.00360654 1 0.00150579 0.00210075
529.46 0.00566971 1 0.00157338 0.00409633
529.91 0.000732852 1 0.00164366 -0.000910805
530.37 0.00179737 1 0.00171838 7.89854e-05
530.82 0.00286045 1 0.0017944 0.00106605
531.28 0.00392491 1 0.00187519 0.00204972
531.73 0.00398794 1 0.00195734 0.0020306
532.18 0.00505093 1 0.00204267 0.00300827
532.64 0.0041153 1 0.00213329 0.00198201
533.09 0.00617823 1 0.00222537 0.00395286
533.54 0.00424114 1 0.00232095 0.00192018
534 0.0033054 1 0.00242239 0.00088301
534.45 0.00636824 1 0.00252539 0.00384285
534.91 0.00443244 1 0.00263466 0.00179778
535.36 0.00549521 1 0.00274555 0.00274966
535.81 0.00455795 1 0.00286053 0.00169742
536.27 0.00862204 1 0.00298242 0.00563963
536.72 0.00468471 1 0.00310603 0.00157868
537.17 0.00674734 1 0.00323411 0.00351323
537.63 0.00981133 1 0.00336979 0.00644154
538.08 0.00687389 1 0.0035073 0.00336659
538.54 0.0059378 1 0.00365289 0.00228491
538.99 0.00800028 1 0.00380038 0.0041999
539.44 0.0100627 1 0.00395303 0.0061097
539.9 0.0111265 1 0.00411453 0.007012
540.35 0.00818889 1 0.00427802 0.00391087
540.8 0.00825122 1 0.00444711 0.00380412
541.26 0.0073149 1 0.00462588 0.00268902
541.71 0.0103771 1 0.00480673 0.00557042
542.16 0.00943936 1 0.00499362 0.00444573
542.62 0.0095029 1 0.00519109 0.00431181
543.07 0.011565 1 0.00539071 0.00617432
543.52 0.00962711 1 0.00559686 0.00403025
543.98 0.0126905 1 0.00581452 0.00687601
544.43 0.0117525 1 0.00603439 0.00571814
544.88 0.0138145 1 0.0062613 0.00755318
545.34 0.0128778 1 0.0065007 0.00637707
545.79 0.0119396 1 0.00674235 0.00519728
546.24 0.0130014 1 0.00699157 0.00600988
546.69 0.0110632 1 0.00724851 0.00381471
547.15 0.0131263 1 0.00751935 0.00560697
547.6 0.017188 1 0.00779247 0.00939553
548.05 0.0132496 1 0.00807387 0.00517576
548.51 0.0123126 1 0.00837026 0.00394232
548.96 0.0143741 1 0.00866895 0.00570517
549.41 0.0154356 1 0.00897647 0.00645915
549.86 0.0164971 1 0.00929299 0.00720406
550.32 0.0155598 1 0.00962606 0.00593375
550.77 0.0176211 1 0.00996138 0.00765977
551.22 0.0176824 1 0.0103063 0.00737616
551.68 0.015745 1 0.0106689 0.0050761
552.13 0.0168062 1 0.0110338 0.00577245
552.58 0.0168674 1 0.0114088 0.00545859
553.03 0.0179284 1 0.0117941 0.00613435
553.49 0.0189908 1 0.0121989 0.00679196
553.94 0.0190518 1 0.0126057 0.00644612
554.39 0.0201127 1 0.0130234 0.00708933
554.84 0.0211736 1 0.0134522 0.00772138
555.3 0.0192358 1 0.0139022 0.00533353
555.75 0.0212965 1 0.0143541 0.00694246
556.2 0.0223572 1 0.0148175 0.00753967
556.65 0.0224179 1 0.0152929 0.00712498
557.11 0.0214798 1 0.0157912 0.00568859
557.56 0.0235403 1 0.0162911 0.00724927
558.01 0.0246008 1 0.0168033 0.00779751
558.46 0.0266612 1 0.0173281 0.00933311
558.92 0.0237229 1 0.0178778 0.00584516
559.37 0.0247832 1 0.0184285 0.0063547
559.82 0.0268435 1 0.0189924 0.00785108
560.27 0.0289036 1 0.0195695 0.00933415
560.72 0.0249638 1 0.02016 0.00480373
561.18 0.0270251 1 0.0207777 0.00624743
561.63 0.0280851 1 0.0213959 0.00668926
562.08 0.0311451 1 0.0220279 0.00911713
562.53 0.0282049 1 0.0226741 0.0055309
562.99 0.0302661 1 0.0233492 0.0069169
563.44 0.0303258 1 0.0240241 0.0063017
563.89 0.0303855 1 0.0247135 0.00567197
564.34 0.0324451 1 0.0254175 0.00702758
564.79 0.0315047 1 0.0261363 0.0053684
565.25 0.0335655 1 0.0268863 0.00667917
565.7 0.0316249 1 0.0276352 0.00398973
566.15 0.0336843 1 0.0283991 0.00528516
566.6 0.0337435 1 0.0291782 0.00456537
567.05 0.0368028 1 0.0299725 0.00683025
567.5 0.0378619 1 0.0307822 0.00707972
567.96 0.0359223 1 0.0316258 0.0042965
568.41 0.0389813 1 0.0324667 0.00651457
568.86 0.0370403 1 0.0333233 0.00371701
569.31 0.0400991 1 0.0341954 0.00590376
569.76 0.0401579 1 0.0350832 0.00507478
570.21 0.0402167 1 0.0359867 0.00423002
570.67 0.0372766 1 0.0369265 0.000350156
571.12 0.0413352 1 0.0378618 0.00347341
571.57 0.0433938 1 0.0388129 0.00458082
572.02 0.0454522 1 0.0397798 0.00567238
572.47 0.0455106 1 0.0407625 0.00474811
572.92 0.0455689 1 0.0417609 0.003808
573.37 0.0446271 1 0.042775 0.0018521
573.83 0.0476866 1 0.0438279 0.00385866
574.28 0.0467446 1 0.0448737 0.00187094
574.73 0.0478026 1 0.0459351 0.00186755
575.18 0.0478606 1 0.047012 0.000848581
575.63 0.0509184 1 0.0481043 0.0028141
576.08 0.0489762 1 0.049212 -0.00023579
576.53 0.0530339 1 0.0503349 0.00269901
576.98 0.0510915 1 0.0514729 -0.000381392
577.44 0.0531503 1 0.0526517 0.000498626
577.89 0.0522078 1 0.0538199 -0.0016121
578.34 0.0542652 1 0.0550028 -0.000737601
578.79 0.0583225 1 0.0562002 0.00212229
579.24 0.0553797 1 0.0574119 -0.00203225
579.69 0.0584368 1 0.0586379 -0.000201036
580.14 0.0584939 1 0.0598777 -0.00138386
580.59 0.0585509 1 0.0611314 -0.00258051
581.04 0.0586078 1 0.0623985 -0.00379075
581.49 0.0626646 1 0.0636789 -0.00101435
581.95 0.0637226 1 0.0650012 -0.00127868
582.4 0.0637792 1 0.0663077 -0.00252849
582.85 0.0628358 1 0.0676266 -0.00479084
583.3 0.0648922 1 0.0689577 -0.00406544
583.75 0.0669486 1 0.0703006 -0.00335199
584.2 0.0710049 1 0.0716551 -0.000650146
584.65 0.0690612 1 0.0730208 -0.00395959
585.1 0.0701173 1 0.0743973 -0.00427997
585.55 0.0701734 1 0.0757843 -0.00561092
586 0.0722293 1 0.0771814 -0.00495208
586.45 0.0752852 1 0.0785882 -0.00330304
586.9 0.076341 1 0.0800044 -0.00366342
587.35 0.0773967 1 0.0814295 -0.00403279
587.8 0.0784523 1 0.082863 -0.00441073
588.25 0.0795078 1 0.0843046 -0.00479681
588.71 0.0795645 1 0.0857861 -0.00622162
589.16 0.0826198 1 0.0872425 -0.00462274
589.61 0.0846751 1 0.0887057 -0.0040306
590.06 0.0867302 1 0.0901749 -0.0034447
590.51 0.0877853 1 0.0916498 -0.00386454
590.96 0.0898402 1 0.0931298 -0.00328961
591.41 0.0918951 1 0.0946145 -0.00271939
591.86 0.0919499 1 0.0961032 -0.00415335
592.31 0.0940046 1 0.0975955 -0.00359094
592.76 0.0940592 1 0.0990908 -0.00503161
593.21 0.0961137 1 0.100588 -0.00447479
593.66 0.0971681 1 0.102088 -0.00491992
594.11 0.100222 1 0.103589 -0.00336641
594.56 0.103277 1 0.10509 -0.00181368
595.01 0.103331 1 0.106592 -0.00326111
595.46 0.105385 1 0.108093 -0.00270812
595.91 0.105439 1 0.109593 -0.00415408
596.36 0.109492 1 0.111091 -0.00159838
596.81 0.111546 1 0.112587 -0.00104039
597.26 0.1116 1 0.114079 -0.00247948
597.71 0.113653 1 0.115568 -0.00191503
598.16 0.115707 1 0.117053 -0.00134637
598.61 0.11676 1 0.118533 -0.00177289
599.06 0.117813 1 0.120007 -0.00219393
599.51 0.118866 1 0.121475 -0.00260884
599.96 0.121919 1 0.122936 -0.00101699
600.41 0.122972 1 0.12439 -0.00141771
600.86 0.124025 1 0.125836 -0.00181038
601.31 0.126078 1 0.127272 -0.00119433
601.76 0.128131 1 0.128699 -0.000568941
602.21 0.128183 1 0.130117 -0.00193356
602.65 0.130234 1 0.131492 -0.00125759
603.1 0.132287 1 0.132887 -0.000600607
603.55 0.132339 1 0.134271 -0.00193177
604 0.136391 1 0.135641 0.000749531
604.45 0.136443 1 0.136999 -0.000556107
604.9 0.139495 1 0.138343 0.00115191
605.35 0.141546 1 0.139672 0.00187415
605.8 0.140598 1 0.140987 -0.000388809
606.25 0.14065 1 0.142286 -0.00163643
606.7 0.143701 1 0.143569 0.000131822
607.15 0.145752 1 0.144836 0.000916457
607.6 0.145804 1 0.146086 -0.000282032
608.05 0.147855 1 0.147318 0.000536823
608.5 0.148906 1 0.148532 0.000373467
608.95 0.149957 1 0.149728 0.000228319
609.39 0.152006 1 0.15088 0.0011266
609.84 0.152057 1 0.152038 1.85857e-05
610.29 0.152107 1 0.153178 -0.00107015
610.74 0.153158 1 0.154297 -0.0011393
611.19 0.154208 1 0.155397 -0.00118862
611.64 0.156258 1 0.156476 -0.000217892
612.09 0.158309 1 0.157535 0.000773073
612.54 0.157358 1 0.158574 -0.0012156
612.99 0.157408 1 0.159592 -0.00218381
613.44 0.159458 1 0.16059 -0.00113153
613.88 0.161507 1 0.161545 -3.83761e-05
614.33 0.158556 1 0.162502 -0.00394564
614.78 0.163606 1 0.163438 0.000167392
615.23 0.163655 1 0.164354 -0.000699451
615.68 0.163704 1 0.16525 -0.00154641
616.13 0.163753 1 0.166127 -0.00237379
616.58 0.164802 1 0.166984 -0.00218197
617.03 0.163851 1 0.167822 -0.00397137
617.47 0.163898 1 0.168624 -0.00472558
617.92 0.167947 1 0.169426 -0.00147944
618.37 0.166995 1 0.170212 -0.00321627
618.82 0.167044 1 0.17098 -0.00393682
619.27 0.168092 1 0.171734 -0.0036419
619.72 0.17014 1 0.172472 -0.0023324
620.17 0.168188 1 0.173197 -0.00500933
620.61 0.169235 1 0.173894 -0.0046591
621.06 0.172282 1 0.174595 -0.0023124
621.51 0.17233 1 0.175285 -0.00295556
621.96 0.172377 1 0.175967 -0.00358992
622.41 0.175425 1 0.176642 -0.00121691
622.86 0.172472 1 0.17731 -0.00483803
623.3 0.174518 1 0.177959 -0.00344123
623.75 0.175565 1 0.17862 -0.00305558
624.2 0.177612 1 0.179281 -0.00166911
624.65 0.178658 1 0.179942 -0.0012837
625.1 0.176705 1 0.180606 -0.0039013
625.54 0.17875 1 0.18126 -0.00251004
625.99 0.180797 1 0.181936 -0.00113969
626.44 0.179843 1 0.182621 -0.00277867
626.89 0.180889 1 0.183318 -0.00242925
627.34 0.184935 1 0.184029 0.00090621
627.78 0.181979 1 0.184739 -0.00275937
628.23 0.184025 1 0.185484 -0.00145866
628.68 0.187071 1 0.18625 0.000820734
629.13 0.188116 1 0.18704 0.00107624
629.58 0.186161 1 0.187856 -0.00169475
630.02 0.189205 1 0.188682 0.000523226
630.47 0.19025 1 0.189558 0.000691997
630.92 0.191295 1 0.190469 0.000826315
631.37 0.19334 1 0.191416 0.00192349
631.81 0.195384 1 0.192381 0.00300223
632.26 0.195428 1 0.19341 0.00201803
632.71 0.198472 1 0.194484 0.00398874
633.16 0.198517 1 0.195605 0.00291176
633.61 0.201561 1 0.196776 0.00478453
634.05 0.201603 1 0.197972 0.00363137
634.5 0.204647 1 0.19925 0.00539751
634.95 0.205691 1 0.200585 0.00510625
635.4 0.206734 1 0.201979 0.00475539
635.84 0.209777 1 0.203402 0.00637491
636.29 0.21082 1 0.20492 0.00590016
636.74 0.213863 1 0.206503 0.00736003
637.18 0.213905 1 0.208116 0.00578936
637.63 0.215948 1 0.209832 0.00611533
638.08 0.21699 1 0.211619 0.00537166
638.53 0.220033 1 0.213476 0.00655732
638.97 0.221074 1 0.21536 0.00571419
639.42 0.227117 1 0.217359 0.00975798
639.87 0.227159 1 0.219429 0.00772946
640.32 0.231201 1 0.221572 0.00962863
640.76 0.233241 1 0.223737 0.00950482
641.21 0.233283 1 0.226021 0.00726204
641.66 0.235325 1 0.228376 0.00694863
642.1 0.238365 1 0.230745 0.00761948
642.55 0.241406 1 0.233236 0.00817023
643 0.245447 1 0.235792 0.00965489
643.44 0.246487 1 0.238354 0.00813366
643.89 0.248528 1 0.241034 0.00749446
644.34 0.251569 1 0.243772 0.00779679
644.79 0.253609 1 0.246565 0.00704393
645.23 0.255648 1 0.249346 0.00630237
645.68 0.258689 1 0.252237 0.00645142
646.13 0.262729 1 0.255171 0.00755718
646.57 0.262768 1 0.258078 0.00468992
647.02 0.266807 1 0.261083 0.00572429
647.47 0.268847 1 0.264116 0.00473045
647.91 0.271885 1 0.267104 0.00478137
648.36 0.274925 1 0.270176 0.00474897
648.81 0.278964 1 0.273257 0.00570641
649.25 0.279002 1 0.276274 0.00272806
649.7 0.281041 1 0.279355 0.00168537
650.15 0.283079 1 0.282426 0.000653232
650.59 0.284117 1 0.285411 -0.00129415
651.04 0.288155 1 0.288438 -0.000283209
651.48 0.288193 1 0.291366 -0.00317358
651.93 0.294231 1 0.294319 -8.87296e-05
652.38 0.296268 1 0.297223 -0.000954368
652.82 0.295305 1 0.300006 -0.00470046
653.27 0.298343 1 0.302786 -0.00444356
653.72 0.30138 1 0.305492 -0.00411211
654.16 0.302417 1 0.308058 -0.00564111
654.61 0.304454 1 0.310591 -0.00613716
655.06 0.306491 1 0.313024 -0.00653337
655.5 0.307527 1 0.315298 -0.00777172
655.95 0.304563 1 0.317509 -0.0129458
656.39 0.308599 1 0.31955 -0.0109512
656.84 0.310635 1 0.321506 -0.0108712
657.29 0.311671 1 0.323322 -0.0116511
657.73 0.313706 1 0.324955 -0.0112487
658.18 0.317742 1 0.326472 -0.00872936
658.62 0.316777 1 0.327798 -0.0110207
659.07 0.317812 1 0.328987 -0.0111748
659.52 0.318848 1 0.330002 -0.0111543
659.96 0.319882 1 0.33082 -0.0109374
660.41 0.318917 1 0.331472 -0.0125544
660.85 0.319951 1 0.331924 -0.011973
661.3 0.320986 1 0.332194 -0.0112078
661.74 0.323019 1 0.332264 -0.00924429
662.19 0.325054 1 0.332135 -0.00708074
662.64 0.322088 1 0.331799 -0.00971096
663.08 0.322121 1 0.331269 -0.00914755
663.53 0.324155 1 0.330518 -0.00636296
663.97 0.321188 1 0.329579 -0.00839071
664.42 0.323221 1 0.328407 -0.00518576
664.86 0.323254 1 0.327055 -0.00380141
665.31 0.324287 1 0.325462 -0.00117504
665.75 0.323319 1 0.323699 -0.000379769
666.2 0.319352 1 0.321687 -0.00233543
666.65 0.320385 1 0.319467 0.000917485
667.09 0.317416 1 0.317097 0.000319515
667.54 0.317449 1 0.314472 0.00297674
667.98 0.31548 1 0.311712 0.00376752
668.43 0.312512 1 0.308697 0.00381456
668.87 0.312543 1 0.305565 0.0069779
669.32 0.309575 1 0.302178 0.0073962
669.76 0.306605 1 0.298693 0.00791208
670.21 0.302637 1 0.294957 0.00767931
670.65 0.299667 1 0.291143 0.00852419
671.1 0.298698 1 0.287083 0.0116146
671.54 0.294728 1 0.282966 0.0117618
671.99 0.288758 1 0.278612 0.0101467
672.43 0.284788 1 0.274221 0.0105668
672.88 0.279818 1 0.269603 0.0102149
673.32 0.279847 1 0.264971 0.0148764
673.77 0.269877 1 0.260123 0.00975439
674.21 0.267906 1 0.255283 0.0126237
674.66 0.262936 1 0.250239 0.0126968
675.1 0.257964 1 0.245225 0.0127395
675.55 0.250993 1 0.240022 0.0109718
675.99 0.247022 1 0.234869 0.0121524
676.44 0.24405 1 0.229543 0.0145077
676.88 0.234078 1 0.224288 0.00979077
677.33 0.228107 1 0.218874 0.00923271
677.77 0.220134 1 0.213551 0.00658294
678.22 0.217162 1 0.208087 0.00907579
678.66 0.21019 1 0.202731 0.00745867
679.11 0.202217 1 0.197249 0.0049677
679.55 0.196244 1 0.191894 0.00434991
679.99 0.194271 1 0.186551 0.00771994
680.44 0.186298 1 0.181106 0.00519156
680.88 0.178324 1 0.17581 0.00251415
681.33 0.173351 1 0.170429 0.00292226
681.77 0.166377 1 0.165208 0.00116864
682.22 0.159403 1 0.159918 -0.000515013
682.66 0.153429 1 0.1548 -0.00137127
683.11 0.147455 1 0.149627 -0.00217244
683.55 0.14348 1 0.144635 -0.00115521
683.99 0.134505 1 0.139713 -0.00520852
684.44 0.13153 1 0.134758 -0.00322742
684.88 0.125555 1 0.129993 -0.00443785
685.33 0.11758 1 0.125206 -0.00762648
685.77 0.113604 1 0.120615 -0.007011
686.21 0.109628 1 0.116115 -0.00648697
686.66 0.103653 1 0.111611 -0.00795795
687.1 0.100676 1 0.107304 -0.00662805
687.55 0.0947004 1 0.103003 -0.00830299
687.99 0.0927238 1 0.0989009 -0.00617712
688.44 0.0867475 1 0.0948122 -0.00806476
688.88 0.0827704 1 0.0909206 -0.00815016
689.32 0.0797932 1 0.087135 -0.00734186
689.77 0.0728163 1 0.0833741 -0.0105579
690.21 0.0698386 1 0.0798055 -0.00996688
690.65 0.0688608 1 0.0763447 -0.0074839
691.1 0.0628833 1 0.0729168 -0.0100335
691.54 0.0599052 1 0.0696739 -0.0097687
691.99 0.0579273 1 0.066468 -0.00854068
692.43 0.0539487 1 0.0634409 -0.00949218
692.87 0.0509699 1 0.0605192 -0.00954932
693.32 0.0489914 1 0.0576391 -0.00864768
693.76 0.0450123 1 0.0549272 -0.0099149
694.2 0.0430329 1 0.0523168 -0.00928386
694.65 0.0440538 1 0.0497504 -0.00569655
695.09 0.0380741 1 0.0473403 -0.00926618
695.53 0.0370942 1 0.0450264 -0.00793221
695.98 0.0351145 1 0.0427573 -0.00764283
696.42 0.0301341 1 0.0406318 -0.0104976
696.86 0.0301536 1 0.0385961 -0.00844246
697.31 0.0291733 1 0.0366047 -0.00743135
697.75 0.0281924 1 0.0347437 -0.0065513
698.19 0.0252113 1 0.0329655 -0.00775421
698.64 0.0232304 1 0.0312299 -0.00799957
699.08 0.0222488 1 0.0296117 -0.00736283
699.52 0.0212671 1 0.0280687 -0.00680161
699.97 0.0222856 1 0.026566 -0.00428041
700.41 0.0203035 1 0.0251678 -0.00486428
700.85 0.0173211 1 0.0238372 -0.0065161
701.3 0.016339 1 0.022544 -0.00620495
701.74 0.0123563 1 0.0213429 -0.00898659
702.18 0.0153733 1 0.0202021 -0.00482871
702.63 0.0133906 1 0.0190951 -0.00570454
703.07 0.0154072 1 0.0180689 -0.00266163
703.51 0.0114237 1 0.0170957 -0.00567201
703.96 0.0114403 1 0.016153 -0.00471264
704.4 0.0114564 1 0.0152802 -0.00382387
704.84 0.0074722 1 0.0144538 -0.00698162
705.28 0.00948783 1 0.0136716 -0.00418377
705.73 0.00750361 1 0.0129152 -0.00541156
706.17 0.00651883 1 0.0122161 -0.00569725
706.61 0.00853384 1 0.0115551 -0.00302128
707.06 0.00454898 1 0.0109166 -0.00636763
707.5 0.00556358 1 0.0103271 -0.00476351
707.94 0.00557796 1 0.00977019 -0.00419223
708.38 0.00359214 1 0.00924425 -0.00565211
708.83 0.00460643 1 0.00873669 -0.00413026
709.27 0.00262019 1 0.00826848 -0.00564829
709.71 0.00563374 1 0.00782653 -0.00219279
710.15 0.00264708 1 0.0074094 -0.00476233
710.6 0.0036605 1 0.00700707 -0.00334657
711.04 0.00267342 1 0.00663608 -0.00396266
711.48 -0.00031388 1 0.006286 -0.00659988
711.92 0.00469861 1 0.00595564 -0.00125703
712.37 0.00171117 1 0.00563701 -0.00392584
712.81 -0.000276766 1 0.00534319 -0.00561996
713.25 0.000735085 1 0.00506588 -0.00433079
713.69 0.000746723 1 0.00480411 -0.00405739
714.13 -0.000241853 1 0.00455699 -0.00479884
714.58 -0.00123039 1 0.0043185 -0.00554889
715.02 -0.0022194 1 0.00409843 -0.00631783
715.46 0.000791377 1 0.00389055 -0.00309917
715.9 -0.00119806 1 0.00369413 -0.0048922
716.35 -0.00218748 1 0.00350441 -0.0056919
716.79 -0.00117736 1 0.00332916 -0.00450653
717.23 -0.000167454 1 0.00316345 -0.0033309
717.67 -0.00115776 1 0.0030067 -0.00416446
718.11 -0.00414829 1 0.00285838 -0.00700667
718.56 -0.00213883 1 0.00271489 -0.00485372
719 -0.0011298 1 0.00258213 -0.00371192
719.44 -0.00212099 1 0.00245638 -0.00457736
719.88 0.000887606 1 0.00233722 -0.00144962
720.32 0.000895979 1 0.00222428 -0.0013283
720.76 -0.00409587 1 0.00211718 -0.00621305
721.21 -8.7759e-05 1 0.00201334 -0.0021011
721.65 0.000919947 1 0.00191705 -0.000997106
722.09 0.00192743 1 0.00182564 0.000101787
722.53 0.000934692 1 0.00173884 -0.000804146
722.97 0.000941732 1 0.00165637 -0.000714641
723.41 -0.00105145 1 0.001578 -0.00262946
723.86 -0.00304471 1 0.00150185 -0.00454656
724.3 -0.00203835 1 0.00143108 -0.00346943
724.74 -0.00203221 1 0.00136376 -0.00339597
725.18 0.000973707 1 0.0012997 -0.000325988
725.62 0.000979396 1 0.00123871 -0.000259317
726.06 -0.00101514 1 0.00118065 -0.00219579
726.5 -0.0020099 1 0.00112535 -0.00313525
726.95 -4.77915e-06 1 0.0010715 -0.00107627
727.39 0 1 0.00102135 -0.00102135
727.83 4.55202e-06 1 0.000973551 -0.000968999
728.27 8.87809e-06 1 0.000927985 -0.000919107
728.71 -0.00098702 1 0.000884537 -0.00187156
729.15 -0.000983142 1 0.000843102 -0.00182624
729.59 0.00202052 1 0.000803579 0.00121694
730.03 -0.000976047 1 0.000765876 -0.00174192
730.48 -0.000972757 1 0.000729105 -0.00170186
730.92 3.02405e-05 1 0.000694815 -0.000664575
731.36 -0.000966977 1 0.000662093 -0.00162907
731.8 0.00103559 1 0.000630863 0.000404728
732.24 0.00103795 1 0.000601056 0.000436892
732.68 0.00104009 1 0.000572605 0.000467488
733.12 0.00204203 1 0.000545447 0.00149658
733.56 0.00104376 1 0.000519524 0.000524234
734 0.00104528 1 0.000494778 0.000550502
734.44 0.0030466 1 0.000471156 0.00257544
734.89 4.77355e-05 1 0.000448108 -0.000400373
735.33 0.00404864 1 0.000426608 0.00362204
735.77 0.00204935 1 0.000406087 0.00164327
736.21 0.00204986 1 0.0003865 0.00166336
736.65 0.00405018 1 0.000367807 0.00368237
737.09 0.00205029 1 0.000349968 0.00170033
737.53 0.00305022 1 0.000332945 0.00271727
737.97 0.00404995 1 0.000316702 0.00373325
738.41 0.00304949 1 0.000301205 0.00274828
738.85 0.00404884 1 0.000286422 0.00376242
739.29 0.002048 1 0.000272321 0.00177568
739.73 0.00204698 1 0.000258871 0.00178811
740.17 0.00404577 1 0.000246046 0.00379972
740.61 0.00604438 1 0.000233816 0.00581056
741.05 0.0040428 1 0.000222157 0.00382065
741.49 0.00304105 1 0.000211043 0.00283001
741.93 0.00203912 1 0.00020045 0.00183867
742.37 0.00303701 1 0.000190355 0.00284665
742.81 0.00203472 1 0.000180737 0.00185399
743.26 0.00403221 1 0.000171371 0.00386084
743.7 0.00202957 1 0.000162653 0.00186692
744.14 0.00502676 1 0.000154351 0.00487241
744.58 0.00302379 1 0.000146446 0.00287734
745.02 0.00302064 1 0.00013892 0.00288172
745.46 0.00301733 1 0.000131756 0.00288557
745.9 0.00201385 1 0.000124939 0.00188891
746.34 0.00401021 1 0.000118453 0.00389176
746.78 0.00400641 1 0.000112282 0.00389413
747.22 0.00300245 1 0.000106412 0.00289604
747.66 0.00199833 1 0.000100831 0.0018975
748.1 0.00199405 1 9.55242e-05 0.00189852
748.54 0.00298961 1 9.04795e-05 0.00289913
748.98 0.000985023 1 8.5685e-05 0.000899338
749.42 0.00298028 1 8.11291e-05 0.00289915
749.86 0.00297539 1 7.68008e-05 0.00289859
750.29 0.00497046 1 7.27806e-05 0.00489768
750.73 0.00296527 1 6.88715e-05 0.0028964
751.17 -0.00104006 1 6.516e-05 -0.00110522
751.61 0.00195446 1 6.16366e-05 0.00189282
752.05 0.00394883 1 5.82924e-05 0.00389054
752.49 0.00194306 1 5.51191e-05 0.00188795
752.93 0.00293716 1 5.21085e-05 0.00288505
753.37 0.00493111 1 4.92528e-05 0.00488186
753.81 0.00392493 1 4.65446e-05 0.00387838
754.25 0.00291861 1 4.39768e-05 0.00287463
754.69 0.00191215 1 4.15427e-05 0.00187061
755.13 0.00390556 1 3.92356e-05 0.00386633
755.57 -0.000101158 1 3.70495e-05 -0.000138208
756.01 0.00189199 1 3.49784e-05 0.00185701
756.45 -0.000114987 1 3.30166e-05 -0.000148004
756.89 0.00287791 1 3.11588e-05 0.00284675
757.33 0.00587068 1 2.93999e-05 0.00584128
757.77 -0.00013668 1 2.77348e-05 -0.000164415
758.21 0.00485584 1 2.6159e-05 0.00482968
758.64 0.00184842 1 2.47009e-05 0.00182372
759.08 0.0028407 1 2.32884e-05 0.00281741
759.52 0.00383287 1 2.19525e-05 0.00381091
759.96 0.00582492 1 2.06892e-05 0.00580423
760.4 0.000816852 1 1.94948e-05 0.000797357
760.84 0.00380867 1 1.83657e-05 0.00379031
761.28 0.00280038 1 1.72987e-05 0.00278308
761.72 0.000791982 1 1.62905e-05 0.000775691
762.16 0.00178347 1 1.5338e-05 0.00176813
762.6 0.000774855 1 1.44385e-05 0.000760416
763.03 0.00276633 1 1.36078e-05 0.00275272
763.47 0.000757506 1 1.28048e-05 0.000744701
763.91 -0.000251422 1 1.20468e-05 -0.000263469
764.35 -0.000260451 1 1.13315e-05 -0.000271783
764.79 0.00573042 1 1.06565e-05 0.00571976
765.23 -0.000278807 1 1.00198e-05 -0.000288827
765.67 0.000711869 1 9.41937e-06 0.000702449
766.11 0.00170245 1 8.85315e-06 0.0016936
766.54 -0.000306846 1 8.33113e-06 -0.000315178
766.98 0.00068355 1 7.82731e-06 0.000675723
767.42 0.00167386 1 7.35252e-06 0.0016665
767.86 0.00366407 1 6.90518e-06 0.00365717
768.3 0.0026542 1 6.4838e-06 0.00264772
768.74 0.00164425 1 6.08695e-06 0.00163816
769.17 0.00263443 1 5.72151e-06 0.00262871
769.61 0.00362431 1 5.36924e-06 0.00361894
770.05 -0.000385893 1 5.03768e-06 -0.000390931
770.49 0.000603823 1 4.72567e-06 0.000599097
770.93 0.00059346 1 4.43212e-06 0.000589028
771.37 -0.00041698 1 4.15599e-06 -0.000421136
771.8 0.00157274 1 3.90203e-06 0.00156884
772.24 0.00456216 1 3.65752e-06 0.0045585
772.68 -0.0014485 1 3.42766e-06 -0.00145193
773.12 0.00154076 1 3.21162e-06 0.00153755
773.56 0.00152996 1 3.00861e-06 0.00152695
774 0.00251909 1 2.81788e-06 0.00251628
774.43 0.00250841 1 2.64268e-06 0.00250577
774.87 0.000497409 1 2.47419e-06 0.000494935
775.31 0.00248635 1 2.316e-06 0.00248403
775.75 0.000475222 1 2.1675e-06 0.000473055
776.19 0.00146404 1 2.02812e-06 0.00146201
776.62 0.00245305 1 1.90022e-06 0.00245115
777.06 -0.00155825 1 1.77734e-06 -0.00156003
777.5 0.00243039 1 1.66209e-06 0.00242873
777.94 0.00341898 1 1.55401e-06 0.00341743
778.37 0.00240778 1 1.4549e-06 0.00240633
778.81 0.00439627 1 1.35976e-06 0.00439491
779.25 0.00338471 1 1.2706e-06 0.00338344
779.69 0.000373096 1 1.18706e-06 0.000371909
780.13 0.00136144 1 1.10879e-06 0.00136033
780.56 0.00135 1 1.03709e-06 0.00134896
781 0.00333826 1 9.68333e-07 0.00333729
781.44 0.00232647 1 9.0396e-07 0.00232556
781.88 0.00131464 1 8.43702e-07 0.00131379
782.31 0.00330304 1 7.88547e-07 0.00330225
782.75 0.00429113 1 7.35698e-07 0.0042904
783.19 0.00227919 1 6.86258e-07 0.00227851
783.63 0.00226722 1 6.40015e-07 0.00226658
784.06 0.00325548 1 5.97722e-07 0.00325488
784.5 0.00324344 1 5.5723e-07 0.00324288
784.94 0.00323137 1 5.1938e-07 0.00323085
785.37 0.00121955 1 4.84784e-07 0.00121906
785.81 0.00020742 1 4.5168e-07 0.000206969
786.25 -0.00480473 1 4.20755e-07 -0.00480515
786.69 -0.000816907 1 3.91871e-07 -0.000817299
787.12 0.00217117 1 3.65491e-07 0.00217081
787.56 0.00115895 1 3.40269e-07 0.00115861
788 -0.00485328 1 3.16726e-07 -0.0048536
788.43 -0.000865263 1 2.95237e-07 -0.000865558
788.87 0.000122465 1 2.74704e-07 0.00012219
789.31 -0.00288982 1 2.55549e-07 -0.00289008
789.75 0.00109788 1 2.37683e-07 0.00109764
790.18 8.58419e-05 1 2.21389e-07 8.56205e-05
790.62 0.00207352 1 2.05832e-07 0.00207331
791.06 0.00306119 1 1.91331e-07 0.00306099
791.49 0.00104913 1 1.78113e-07 0.00104895
791.93 3.67791e-05 1 1.65501e-07 3.66136e-05
792.37 -0.00297557 1 1.53752e-07 -0.00297573
792.8 -0.00398764 1 1.43049e-07 -0.00398779
793.24 0 1 1.32843e-07 -1.32843e-07
793.68 -0.00201236 1 1.2334e-07 -0.00201248
794.11 0.00197557 1 1.1469e-07 0.00197546
794.55 0.000963221 1 1.06445e-07 0.000963114
794.99 -4.91254e-05 1 9.87733e-08 -4.92241e-05
795.42 -0.00106119 1 9.17933e-08 -0.00106128
795.86 0.000926482 1 8.5145e-08 0.000926397
796.3 -8.58419e-05 1 7.89627e-08 -8.59208e-05
796.73 0.000902125 1 7.33411e-08 0.000902051
797.17 -0.00211018 1 6.79897e-08 -0.00211024
797.61 -0.00212246 1 6.30165e-08 -0.00212253
798.04 -0.00413446 1 5.84969e-08 -0.00413452
798.48 -0.00114672 1 5.41971e-08 -0.00114677
798.91 0.000841324 1 5.02911e-08 0.000841274
799.35 -0.000170895 1 4.65765e-08 -0.000170942
799.79 -0.000183093 1 4.31279e-08 -0.000183136
800.22 -0.000194992 1 3.9997e-08 -0.000195032
800.66 -0.00420714 1 3.70212e-08 -0.00420718
801.1 0.00178073 1 3.42602e-08 0.0017807
