500.34 0.000605955 1 5.24284e-05 0.000553526
500.8 0.00166277 1 5.56432e-05 0.00160713
501.25 -0.000281646 1 5.89661e-05 -0.000340612
501.71 -0.000224825 1 6.25546e-05 -0.00028738
502.17 -0.000168003 1 6.6347e-05 -0.00023435
502.62 -0.000112414 1 7.02643e-05 -0.000182679
503.08 -0.00305559 1 7.44918e-05 -0.00313008
503.53 0 1 7.88567e-05 -7.88567e-05
503.99 5.68251e-05 1 8.35649e-05 -2.67398e-05
504.44 0.00111241 1 8.84239e-05 0.00102399
504.9 0.000169238 1 9.36628e-05 7.55755e-05
505.36 0.000226061 1 9.91903e-05 0.00012687
505.81 0.000281646 1 0.000104891 0.000176755
506.27 0.000338465 1 0.000111033 0.000227432
506.72 0.000394045 1 0.000117365 0.000276681
507.18 0.000450858 1 0.000124183 0.000326675
507.63 0.000506432 1 0.000131209 0.000375223
508.09 0.000563238 1 0.000138772 0.000424466
508.54 0.0016188 1 0.000146561 0.00147224
509 0.000675599 1 0.000154942 0.000520658
509.45 0.00273116 1 0.000163569 0.00256759
509.91 0.00178794 1 0.000172847 0.00161509
510.36 -0.000156515 1 0.000182394 -0.000338909
510.82 0.000900257 1 0.000192657 0.0007076
511.27 0.000955788 1 0.000203212 0.000752576
511.73 1.25456e-05 1 0.000214553 -0.000202008
512.19 -0.000930705 1 0.000226478 -0.00115718
512.64 0.0031248 1 0.000238733 0.00288607
513.1 0.000181535 1 0.000251892 -7.03574e-05
513.55 0.000237025 1 0.000265411 -2.83859e-05
514.01 -0.00170626 1 0.000279919 -0.00198618
514.46 -0.000650791 1 0.000294817 -0.000945608
514.92 0.0014059 1 0.000310798 0.0010951
515.37 0.00146135 1 0.000327201 0.00113415
515.83 0.000518021 1 0.000344788 0.000173233
516.28 0.00357345 1 0.00036283 0.00321062
516.73 0.000628862 1 0.000381737 0.000247125
517.19 -0.000314505 1 0.000401995 -0.0007165
517.64 -0.000259116 1 0.000422763 -0.000681879
518.1 0.00179749 1 0.000445006 0.00135248
518.55 0.00385285 1 0.000467798 0.00338505
519.01 -9.05702e-05 1 0.000492197 -0.000582767
519.46 -3.52372e-05 1 0.000517187 -0.000552424
519.92 2.131e-05 1 0.000543926 -0.000522616
520.37 0.00107661 1 0.0005713 0.000505312
520.83 0.00313313 1 0.000600577 0.00253255
521.28 0.0021884 1 0.000630535 0.00155786
521.74 0.00124488 1 0.000662561 0.000582318
522.19 0.000300114 1 0.000695316 -0.000395201
522.65 0.00235656 1 0.000730315 0.00162624
523.1 0.00241176 1 0.000766095 0.00164566
523.55 0.00146694 1 0.000803459 0.000663482
524.01 0.00252333 1 0.000843356 0.00167997
524.46 0.00357847 1 0.000884114 0.00269436
524.92 0.00263482 1 0.000927614 0.00170721
525.37 0.00168993 1 0.000972032 0.000717893
525.83 0.00374623 1 0.00101942 0.00272682
526.28 0.000801293 1 0.00106778 -0.000266484
526.73 0.00485633 1 0.0011182 0.00373813
527.19 0.00391257 1 0.00117195 0.00274063
527.64 0.00496757 1 0.00122677 0.0037408
528.1 0.00202376 1 0.00128518 0.000738583
528.55 0.00107871 1 0.00134473 -0.000266015
529.01 0.00313486 1 0.00140815 0.00172671
529.46 0.00518976 1 0.00147277 0.00371699
529.91 0.00124464 1 0.00154003 -0.000295392
530.37 0.00230071 1 0.00161162 0.000689093
530.82 0.00535554 1 0.00168451 0.00367103
531.28 0.00441156 1 0.00176205 0.00264951
531.73 0.00546633 1 0.00184096 0.00362537
532.18 0.00552108 1 0.00192301 0.00359807
532.64 0.00457702 1 0.00201022 0.0025668
533.09 0.00563171 1 0.00209892 0.00353279
533.54 0.00368638 1 0.00219108 0.0014953
534 0.00374223 1 0.00228897 0.00145326
534.45 0.00779684 1 0.00238845 0.00540839
534.91 0.00585263 1 0.00249408 0.00335855
535.36 0.00690718 1 0.00260138 0.0043058
535.81 0.0049617 1 0.00271272 0.00224897
536.27 0.0080174 1 0.00283086 0.00518654
536.72 0.00307186 1 0.00295078 0.00012108
537.17 0.00612628 1 0.00307513 0.00305115
537.63 0.00718189 1 0.00320697 0.00397492
538.08 0.00923625 1 0.00334071 0.00589554
538.54 0.00629179 1 0.00348242 0.00280936
538.99 0.00734609 1 0.00362611 0.00371998
539.44 0.00940035 1 0.00377493 0.00562542
539.9 0.00945578 1 0.00393252 0.00552326
540.35 0.00850998 1 0.00409219 0.00441779
540.8 0.00656414 1 0.00425744 0.0023067
541.26 0.00861947 1 0.0044323 0.00418716
541.71 0.00967356 1 0.00460934 0.00506422
542.16 0.00872761 1 0.00479244 0.00393517
542.62 0.0107828 1 0.00498605 0.00579678
543.07 0.00983681 1 0.00518192 0.00465489
543.52 0.00889075 1 0.00538436 0.0035064
543.98 0.0119459 1 0.00559826 0.0063476
544.43 0.0109997 1 0.00581449 0.00518523
544.88 0.0120536 1 0.00603781 0.00601574
545.34 0.0131085 1 0.00627361 0.00683493
545.79 0.0121623 1 0.00651181 0.00565048
546.24 0.012216 1 0.00675763 0.00545836
546.69 0.0112697 1 0.00701127 0.0042584
547.15 0.0123245 1 0.00727881 0.00504568
547.6 0.0143781 1 0.0075488 0.00682927
548.05 0.0144316 1 0.00782718 0.00660444
548.51 0.0124863 1 0.00812059 0.00436572
548.96 0.0145398 1 0.00841648 0.00612329
549.41 0.0155932 1 0.00872133 0.00687187
549.86 0.0166466 1 0.00903532 0.00761125
550.32 0.0157011 1 0.00936595 0.00633514
550.77 0.0177544 1 0.00969904 0.00805534
551.22 0.0188076 1 0.0100419 0.00876575
551.68 0.016862 1 0.0104026 0.0064594
552.13 0.0159152 1 0.0107657 0.00514942
552.58 0.0159683 1 0.0111392 0.00482904
553.03 0.0180213 1 0.0115232 0.00649808
553.49 0.0180755 1 0.0119269 0.00614861
553.94 0.0171285 1 0.0123329 0.00479563
554.39 0.0201814 1 0.01275 0.00743145
554.84 0.0232343 1 0.0131784 0.0100559
555.3 0.0202883 1 0.0136283 0.00665998
555.75 0.021341 1 0.0140803 0.00726077
556.2 0.0233938 1 0.0145442 0.00884956
556.65 0.0224464 1 0.0150203 0.00742617
557.11 0.0235002 1 0.0155197 0.00798057
557.56 0.0245528 1 0.0160209 0.00853193
558.01 0.0226053 1 0.0165348 0.00607052
558.46 0.0236578 1 0.0170617 0.00659615
558.92 0.0257114 1 0.0176137 0.00809765
559.37 0.0257638 1 0.0181673 0.0075965
559.82 0.0278161 1 0.0187343 0.00908183
560.27 0.0268683 1 0.0193149 0.00755345
560.72 0.0269206 1 0.0199094 0.0070112
561.18 0.0269739 1 0.0205315 0.00644238
561.63 0.029026 1 0.0211544 0.00787154
562.08 0.030078 1 0.0217917 0.00828632
562.53 0.03013 1 0.0224435 0.00768654
562.99 0.0301831 1 0.0231249 0.00705824
563.44 0.031235 1 0.0238064 0.00742857
563.89 0.0302868 1 0.0245029 0.00578389
564.34 0.0333386 1 0.0252145 0.00812406
564.79 0.0313903 1 0.0259413 0.00544894
565.25 0.0344431 1 0.0267002 0.00774288
565.7 0.0334947 1 0.0274582 0.00603646
566.15 0.0335462 1 0.0282318 0.00531438
566.6 0.0345977 1 0.0290212 0.00557652
567.05 0.0376491 1 0.0298263 0.00782279
567.5 0.0377005 1 0.0306474 0.00705308
567.96 0.0377529 1 0.0315033 0.00624966
568.41 0.0408041 1 0.0323568 0.00844737
568.86 0.0368553 1 0.0332264 0.00362887
569.31 0.0399064 1 0.0341124 0.00579408
569.76 0.0389575 1 0.0350145 0.00394294
570.21 0.0390085 1 0.0359331 0.00307541
570.67 0.0380605 1 0.0368889 0.00117162
571.12 0.0431114 1 0.0378406 0.00527083
571.57 0.0411622 1 0.0388086 0.00235356
572.02 0.0442129 1 0.0397931 0.0044198
572.47 0.0452636 1 0.0407941 0.00446955
572.92 0.0453142 1 0.0418114 0.00350282
573.37 0.0453648 1 0.0428451 0.00251964
573.83 0.0464164 1 0.0439187 0.00249762
574.28 0.0464668 1 0.0449855 0.00148127
574.73 0.0475171 1 0.0460685 0.00144859
575.18 0.0495674 1 0.0471677 0.00239965
575.63 0.0506176 1 0.0482831 0.00233454
576.08 0.0486677 1 0.0494144 -0.000746658
576.53 0.0527178 1 0.0505617 0.00215616
576.98 0.0537678 1 0.0517247 0.00204312
577.44 0.0528189 1 0.0529298 -0.000110925
577.89 0.0518687 1 0.0541244 -0.00225564
578.34 0.0539185 1 0.0553343 -0.0014158
578.79 0.0579683 1 0.0565595 0.00140878
579.24 0.0580179 1 0.0577996 0.000218274
579.69 0.0590675 1 0.0590546 1.28793e-05
580.14 0.060117 1 0.0603242 -0.000207195
580.59 0.0611665 1 0.0616082 -0.000441725
581.04 0.0622158 1 0.0629063 -0.000690475
581.49 0.0642651 1 0.0642183 4.6807e-05
581.95 0.0633154 1 0.0655736 -0.00225813
582.4 0.0653646 1 0.0669129 -0.00154827
582.85 0.0644137 1 0.0682652 -0.00385154
583.3 0.0674627 1 0.0696303 -0.00216762
583.75 0.0685116 1 0.0710078 -0.00249619
584.2 0.0705604 1 0.0723974 -0.00183692
584.65 0.0676092 1 0.0737987 -0.00618946
585.1 0.0706579 1 0.0752113 -0.00455344
585.55 0.0717065 1 0.076635 -0.00492848
586 0.0747551 1 0.0780693 -0.0033142
586.45 0.0768035 1 0.0795137 -0.00271017
586.9 0.0768519 1 0.0809679 -0.00411599
587.35 0.0789002 1 0.0824315 -0.00353121
587.8 0.0799485 1 0.0839039 -0.00395539
588.25 0.0799966 1 0.0853847 -0.00538807
588.71 0.0800458 1 0.0869066 -0.00686087
589.16 0.0840938 1 0.088403 -0.00430925
589.61 0.0881417 1 0.0899063 -0.00176466
590.06 0.0871895 1 0.0914161 -0.00422657
590.51 0.0882373 1 0.0929317 -0.00469446
590.96 0.0902849 1 0.0944527 -0.00416779
591.41 0.0933325 1 0.0959785 -0.002646
591.86 0.09438 1 0.0975086 -0.00312854
592.31 0.0954275 1 0.0990423 -0.00361483
592.76 0.0974748 1 0.100579 -0.00310428
593.21 0.0985221 1 0.102118 -0.00359631
593.66 0.0995692 1 0.10366 -0.0040903
594.11 0.101616 1 0.105202 -0.00358564
594.56 0.104663 1 0.106745 -0.0020817
595.01 0.10571 1 0.108288 -0.00257787
595.46 0.106757 1 0.109831 -0.00307348
595.91 0.107804 1 0.111372 -0.00356791
596.36 0.11085 1 0.112911 -0.00206048
596.81 0.112897 1 0.114448 -0.00155055
597.26 0.112944 1 0.115981 -0.00303744
597.71 0.11499 1 0.11751 -0.00252049
598.16 0.116036 1 0.119035 -0.00299901
598.61 0.118082 1 0.120555 -0.00247234
599.06 0.119129 1 0.122068 -0.00293978
599.51 0.121175 1 0.123575 -0.00240065
599.96 0.123221 1 0.125075 -0.00185428
600.41 0.125266 1 0.126566 -0.00129997
600.86 0.126312 1 0.128049 -0.00173704
601.31 0.129358 1 0.129523 -0.000164814
601.76 0.128403 1 0.130986 -0.00258261
602.21 0.130449 1 0.132439 -0.00198976
602.65 0.131493 1 0.133848 -0.0023547
603.1 0.134539 1 0.135277 -0.000738815
603.55 0.135584 1 0.136694 -0.00111031
604 0.136629 1 0.138098 -0.00146855
604.45 0.137674 1 0.139487 -0.00181288
604.9 0.140719 1 0.140862 -0.000142684
605.35 0.142764 1 0.142221 0.000542642
605.8 0.140809 1 0.143565 -0.0027563
606.25 0.142853 1 0.144892 -0.00203894
606.7 0.144898 1 0.146202 -0.00130471
607.15 0.146942 1 0.147495 -0.000553078
607.6 0.147987 1 0.14877 -0.000783519
608.05 0.149031 1 0.150026 -0.000995542
608.5 0.150075 1 0.151264 -0.00118868
608.95 0.153119 1 0.152482 0.000637516
609.39 0.155162 1 0.153653 0.00150888
609.84 0.154206 1 0.154831 -0.000625521
610.29 0.15425 1 0.155989 -0.00173946
610.74 0.159293 1 0.157126 0.00216736
611.19 0.157337 1 0.158242 -0.000904776
611.64 0.16038 1 0.159336 0.00104435
612.09 0.160424 1 0.160409 1.49387e-05
612.54 0.162467 1 0.16146 0.00100712
612.99 0.16151 1 0.162489 -0.000979019
613.44 0.161553 1 0.163497 -0.00194343
613.88 0.164595 1 0.164461 0.000134586
614.33 0.162638 1 0.165425 -0.00278695
614.78 0.163681 1 0.166368 -0.00268697
615.23 0.165724 1 0.167289 -0.00156566
615.68 0.165766 1 0.168189 -0.00242329
616.13 0.166809 1 0.169069 -0.00226016
616.58 0.166851 1 0.169928 -0.00307668
617.03 0.166893 1 0.170766 -0.0038733
617.47 0.168934 1 0.171568 -0.0026335
617.92 0.170976 1 0.172369 -0.00139244
618.37 0.172018 1 0.173152 -0.00113333
618.82 0.17006 1 0.173917 -0.00385694
619.27 0.171102 1 0.174666 -0.00356413
619.72 0.172143 1 0.175399 -0.00325586
620.17 0.172185 1 0.176118 -0.00393315
620.61 0.173225 1 0.176808 -0.00358253
621.06 0.175266 1 0.177501 -0.00223469
621.51 0.174308 1 0.178184 -0.00387605
621.96 0.174349 1 0.178857 -0.004508
622.41 0.17839 1 0.179522 -0.00113205
622.86 0.17443 1 0.18018 -0.00574979
623.3 0.17747 1 0.180819 -0.00334931
623.75 0.176511 1 0.18147 -0.00495961
624.2 0.179551 1 0.18212 -0.00256888
624.65 0.180592 1 0.182771 -0.00217911
625.1 0.178632 1 0.183424 -0.00479232
625.54 0.181671 1 0.184068 -0.00239686
625.99 0.183711 1 0.184734 -0.00102238
626.44 0.181751 1 0.185409 -0.00365752
626.89 0.183791 1 0.186096 -0.00230466
627.34 0.185831 1 0.186797 -0.000966254
627.78 0.185869 1 0.187499 -0.00162955
628.23 0.187909 1 0.188236 -0.000327235
628.68 0.188948 1 0.188995 -4.70796e-05
629.13 0.189987 1 0.189779 0.000208223
629.58 0.188026 1 0.19059 -0.00256406
630.02 0.191064 1 0.191413 -0.000348524
630.47 0.193103 1 0.192287 0.000816442
630.92 0.196142 1 0.193197 0.00294551
631.37 0.195181 1 0.194145 0.00103585
631.81 0.199218 1 0.195112 0.00410628
632.26 0.198257 1 0.196145 0.00211179
632.71 0.199295 1 0.197225 0.00207028
633.16 0.203333 1 0.198354 0.00497903
633.61 0.203371 1 0.199536 0.00383537
634.05 0.203408 1 0.200744 0.00266396
634.5 0.209446 1 0.202037 0.0074091
634.95 0.209484 1 0.203389 0.00609435
635.4 0.210521 1 0.204804 0.00571744
635.84 0.214558 1 0.206249 0.00830892
636.29 0.214595 1 0.207792 0.00680278
636.74 0.216632 1 0.209404 0.00722844
637.18 0.218669 1 0.211047 0.00762153
637.63 0.220705 1 0.212798 0.00790751
638.08 0.220742 1 0.214621 0.00612085
638.53 0.224779 1 0.216519 0.00826046
638.97 0.224815 1 0.218445 0.00636934
639.42 0.228851 1 0.22049 0.00836096
639.87 0.231887 1 0.22261 0.00927716
640.32 0.235924 1 0.224806 0.0111179
640.76 0.237959 1 0.227025 0.010934
641.21 0.237995 1 0.229368 0.00862661
641.66 0.241031 1 0.231785 0.00924557
642.1 0.244065 1 0.234218 0.00984738
642.55 0.244101 1 0.236776 0.00732457
643 0.248136 1 0.239404 0.00873278
643.44 0.251171 1 0.242037 0.00913409
643.89 0.251206 1 0.244793 0.00641298
644.34 0.258241 1 0.24761 0.0106308
644.79 0.258276 1 0.250485 0.00779094
645.23 0.26131 1 0.253348 0.00796206
645.68 0.265344 1 0.256325 0.00901963
646.13 0.266379 1 0.259347 0.00703188
646.57 0.265412 1 0.262341 0.00307141
647.02 0.270447 1 0.265438 0.00500879
647.47 0.271481 1 0.268564 0.00291651
647.91 0.273514 1 0.271644 0.00186996
648.36 0.279548 1 0.274811 0.00473685
648.81 0.279581 1 0.277989 0.00159279
649.25 0.283614 1 0.2811 0.00251467
649.7 0.286648 1 0.284278 0.00236963
650.15 0.285681 1 0.287446 -0.00176489
650.59 0.289713 1 0.290525 -0.000812161
651.04 0.294746 1 0.293649 0.00109712
651.48 0.292778 1 0.29667 -0.00389189
651.93 0.297811 1 0.299718 -0.00190688
652.38 0.299844 1 0.302715 -0.002871
652.82 0.303875 1 0.305587 -0.00171179
653.27 0.305908 1 0.308458 -0.00254982
653.72 0.30494 1 0.311251 -0.00631108
654.16 0.308971 1 0.3139 -0.00492829
654.61 0.310003 1 0.316515 -0.00651178
655.06 0.312035 1 0.319027 -0.00699233
655.5 0.314066 1 0.321376 -0.00730987
655.95 0.311097 1 0.323659 -0.0125613
656.39 0.314128 1 0.325767 -0.0116386
656.84 0.317159 1 0.327787 -0.010628
657.29 0.31719 1 0.329663 -0.0124728
657.73 0.31922 1 0.33135 -0.0121293
658.18 0.320251 1 0.332917 -0.0126655
658.62 0.323281 1 0.334287 -0.0110061
659.07 0.325312 1 0.335517 -0.0102053
659.52 0.326342 1 0.336566 -0.0102244
659.96 0.327371 1 0.337412 -0.0100407
660.41 0.324401 1 0.338087 -0.0136858
660.85 0.322431 1 0.338557 -0.0161262
661.3 0.32746 1 0.338837 -0.0113771
661.74 0.331489 1 0.338913 -0.00742342
662.19 0.330519 1 0.338782 -0.00826363
662.64 0.329548 1 0.338439 -0.00889122
663.08 0.329577 1 0.337896 -0.00831902
663.53 0.332606 1 0.337125 -0.00451903
663.97 0.328634 1 0.336159 -0.00752545
664.42 0.329662 1 0.334955 -0.00529228
664.86 0.32969 1 0.333564 -0.00387411
665.31 0.327719 1 0.331926 -0.00420681
665.75 0.328746 1 0.330112 -0.00136539
666.2 0.325775 1 0.328042 -0.00226768
666.65 0.323802 1 0.325758 -0.00195523
667.09 0.32383 1 0.323319 0.000510829
667.54 0.323857 1 0.320618 0.00323936
667.98 0.322884 1 0.317779 0.0051054
668.43 0.318912 1 0.314677 0.00423491
668.87 0.319938 1 0.311454 0.00848409
669.32 0.316965 1 0.30797 0.00899527
669.76 0.311991 1 0.304385 0.00760677
670.21 0.310018 1 0.300542 0.00947646
670.65 0.307044 1 0.296618 0.0104258
671.1 0.302071 1 0.292443 0.00962735
671.54 0.299096 1 0.288209 0.010887
671.99 0.295122 1 0.283732 0.0113905
672.43 0.290148 1 0.279218 0.01093
672.88 0.285174 1 0.27447 0.0107032
673.32 0.281199 1 0.269709 0.0114898
673.77 0.274224 1 0.264726 0.00949829
674.21 0.272249 1 0.259752 0.0124974
674.66 0.268274 1 0.254569 0.0137052
675.1 0.263299 1 0.249417 0.0138811
675.55 0.257323 1 0.244072 0.0132511
675.99 0.252348 1 0.23878 0.0135674
676.44 0.246372 1 0.23331 0.0130622
676.88 0.237396 1 0.227914 0.00948213
677.33 0.23142 1 0.222356 0.00906427
677.77 0.224444 1 0.216892 0.00755153
678.22 0.221468 1 0.211283 0.0101842
678.66 0.214491 1 0.205788 0.00870318
679.11 0.205514 1 0.200164 0.00535056
679.55 0.201537 1 0.19467 0.00686697
679.99 0.19656 1 0.18919 0.00736992
680.44 0.186583 1 0.183607 0.00297593
680.88 0.181605 1 0.178177 0.0034282
681.33 0.174628 1 0.172661 0.00196696
681.77 0.16965 1 0.167311 0.00233898
682.22 0.161673 1 0.161891 -0.000218535
682.66 0.154694 1 0.156648 -0.0019539
683.11 0.149717 1 0.151351 -0.00163412
683.55 0.143738 1 0.146239 -0.00250136
683.99 0.138759 1 0.141201 -0.00244199
684.44 0.132781 1 0.13613 -0.0033487
684.88 0.126802 1 0.131254 -0.00445254
685.33 0.118823 1 0.126358 -0.0075354
685.77 0.117844 1 0.121663 -0.00381978
686.21 0.111864 1 0.117063 -0.00519891
686.66 0.106885 1 0.112459 -0.00557431
687.1 0.099905 1 0.108059 -0.00815439
687.55 0.0949254 1 0.103666 -0.00874081
687.99 0.0929452 1 0.0994771 -0.00653188
688.44 0.0879653 1 0.0953034 -0.00733816
688.88 0.0809847 1 0.0913322 -0.0103475
689.32 0.081004 1 0.0874706 -0.00646663
689.77 0.0730236 1 0.0836355 -0.010612
690.21 0.0700425 1 0.0799978 -0.00995534
690.65 0.0680613 1 0.0764714 -0.00841011
691.1 0.0600803 1 0.0729798 -0.0128995
691.54 0.0590988 1 0.069678 -0.0105792
691.99 0.0581175 1 0.0664152 -0.00829778
692.43 0.0541356 1 0.0633358 -0.00920028
692.87 0.0521535 1 0.0603651 -0.00821155
693.32 0.0471717 1 0.0574378 -0.0102662
693.76 0.0451893 1 0.0546829 -0.00949364
694.2 0.0422067 1 0.0520324 -0.00982575
694.65 0.0412243 1 0.049428 -0.00820368
695.09 0.0372414 1 0.0469835 -0.00974209
695.53 0.0362583 1 0.0446379 -0.00837956
695.98 0.0342754 1 0.042339 -0.00806363
696.42 0.029292 1 0.0401869 -0.010895
696.86 0.0283083 1 0.0381271 -0.00981872
697.31 0.0273249 1 0.0361133 -0.00878843
697.75 0.0263409 1 0.0342328 -0.00789183
698.19 0.0223568 1 0.0324371 -0.0100803
698.64 0.0243728 1 0.0306858 -0.00631297
699.08 0.0213883 1 0.0290541 -0.00766575
699.52 0.0194037 1 0.0274996 -0.00809588
699.97 0.0194192 1 0.0259868 -0.00656762
700.41 0.0184341 1 0.0245804 -0.00614624
700.85 0.0164489 1 0.0232433 -0.00679435
701.3 0.0144639 1 0.0219448 -0.00748093
701.74 0.0114783 1 0.0207401 -0.00926174
702.18 0.0144926 1 0.0195969 -0.00510431
702.63 0.012507 1 0.0184888 -0.00598186
703.07 0.0105209 1 0.0174627 -0.00694178
703.51 0.0115346 1 0.0164906 -0.00495603
703.96 0.0105484 1 0.0155501 -0.00500163
704.4 0.00856181 1 0.0146804 -0.00611863
704.84 0.00557499 1 0.013858 -0.008283
705.28 0.00858798 1 0.0130805 -0.00449253
705.73 0.00460109 1 0.0123297 -0.00772859
706.17 0.00361372 1 0.0116368 -0.00802303
706.61 0.00462617 1 0.0109826 -0.00635638
707.06 0.00263872 1 0.0103515 -0.00771281
707.5 0.0016508 1 0.00976982 -0.00811902
707.94 0.0036627 1 0.0092212 -0.0055585
708.38 0.00167441 1 0.00870392 -0.00702951
708.83 0.00368621 1 0.00820558 -0.00451938
709.27 0.000697549 1 0.0077467 -0.00704915
709.71 0.00170871 1 0.00731434 -0.00560563
710.15 -0.00228032 1 0.00690704 -0.00918736
710.6 0.00173072 1 0.00651495 -0.00478423
711.04 0.000741317 1 0.00615414 -0.00541282
711.48 -0.00124827 1 0.00581435 -0.00706262
711.92 0.00176196 1 0.00549439 -0.00373243
712.37 -0.00122777 1 0.00518646 -0.00641424
712.81 -0.000217925 1 0.00490315 -0.00512107
713.25 -0.000208263 1 0.00463635 -0.00484462
713.69 -0.000198789 1 0.0043851 -0.00458389
714.13 -0.0031895 1 0.00414847 -0.00733798
714.58 -0.0021802 1 0.00392067 -0.00610088
715.02 -0.0031713 1 0.00371098 -0.00688228
715.46 -0.00416258 1 0.00351341 -0.00767599
715.9 -0.00315406 1 0.00332721 -0.00648127
716.35 -0.00414554 1 0.00314783 -0.00729337
716.79 -0.0041374 1 0.00298258 -0.00711998
717.23 -0.00312945 1 0.00282672 -0.00595618
717.67 -0.0041217 1 0.0026797 -0.0068014
718.11 -0.00511413 1 0.00254097 -0.0076551
718.56 -0.00410659 1 0.00240712 -0.00651371
719 -0.00609942 1 0.00228363 -0.00838304
719.44 -0.00309244 1 0.00216698 -0.00525942
719.88 -0.00308565 1 0.00205676 -0.00514241
720.32 -0.00207905 1 0.00195257 -0.00403163
720.76 -0.00607265 1 0.00185406 -0.00792671
721.21 -6.63088e-05 1 0.00175881 -0.00182512
721.65 -0.0020603 1 0.00167074 -0.00373104
722.09 -0.00205449 1 0.00158736 -0.00364185
722.53 -0.00104888 1 0.0015084 -0.00255728
722.97 -0.00304346 1 0.0014336 -0.00447706
723.41 -0.00203824 1 0.00136271 -0.00340095
723.86 -0.0030331 1 0.00129401 -0.00432711
724.3 -0.00402828 1 0.00123035 -0.00525862
724.74 -0.00302365 1 0.00116994 -0.0041936
725.18 -0.00201922 1 0.00111262 -0.00313184
725.62 -0.003015 1 0.00105819 -0.00407319
726.06 -0.00201097 1 0.00100651 -0.00301747
726.5 -0.00500714 1 0.000957404 -0.00596454
726.95 -0.00400343 1 0.000909711 -0.00491314
727.39 0 1 0.000865412 -0.000865412
727.83 -0.00399677 1 0.000823293 -0.00482007
728.27 -0.00399375 1 0.000783238 -0.00477699
728.71 -0.00299092 1 0.000745137 -0.00373606
729.15 -0.00298829 1 0.000708886 -0.00369718
729.59 -0.000985853 1 0.000674389 -0.00166024
730.03 1.63889e-05 1 0.000641555 -0.000625166
730.48 -0.000981517 1 0.000609606 -0.00159112
730.92 -0.00397966 1 0.000579881 -0.00455954
731.36 -0.002978 1 0.000551576 -0.00352957
731.8 -0.00397652 1 0.000524621 -0.00450114
732.24 -0.00297523 1 0.000498948 -0.00347418
732.68 -0.00197413 1 0.000474495 -0.00244863
733.12 -0.00197321 1 0.000451202 -0.00242442
733.56 -0.00197248 1 0.000429014 -0.00240149
734 -0.00197192 1 0.000407876 -0.0023798
734.44 0.00302845 1 0.000387738 0.00264071
734.89 -0.00197136 1 0.000368129 -0.00233948
735.33 -0.000971343 1 0.000349872 -0.00132122
735.77 2.84925e-05 1 0.000332481 -0.000303988
736.21 0.00102815 1 0.000315913 0.00071224
736.65 0.00102764 1 0.000300131 0.000727509
737.09 -0.00197305 1 0.000285098 -0.00225814
737.53 0.0010261 1 0.000270779 0.000755319
737.97 0.00202507 1 0.000257141 0.00176793
738.41 -0.000976123 1 0.000244154 -0.00122028
738.85 -0.00197749 1 0.000231787 -0.00220927
739.29 -0.000979012 1 0.000220012 -0.00119902
739.73 0.0020193 1 0.000208801 0.00181049
740.17 0.00201744 1 0.000198129 0.00181931
740.61 0.00101542 1 0.000187972 0.000827453
741.05 0.00401325 1 0.000178305 0.00383494
741.49 1.09121e-05 1 0.000169106 -0.000158193
741.93 8.41868e-06 1 0.000160353 -0.000151935
742.37 0.00200577 1 0.000152027 0.00185374
742.81 -0.000997036 1 0.000144108 -0.00114114
743.26 -6.29693e-08 1 0.00013641 -0.000136473
743.7 0.00299682 1 0.000129257 0.00286757
744.14 0.00199356 1 0.000122456 0.0018711
744.58 0.000990144 1 0.000115992 0.000874151
745.02 -1.34191e-05 1 0.000109849 -0.000123268
745.46 -0.00101713 1 0.000104012 -0.00112114
745.9 0.000979016 1 9.8466e-05 0.00088055
746.34 0.000975017 1 9.31985e-05 0.000881818
746.78 0.000970874 1 8.81959e-05 0.000882679
747.22 0.000966591 1 8.34459e-05 0.000883145
747.66 -0.00103783 1 7.89366e-05 -0.00111677
748.1 0.0029576 1 7.46565e-05 0.00288295
748.54 -4.70965e-05 1 7.05949e-05 -0.000117691
748.98 -5.1933e-05 1 6.67413e-05 -0.000118674
749.42 0.0019431 1 6.30858e-05 0.00188001
749.86 0.000937991 1 5.96189e-05 0.000878372
750.29 0.00193287 1 5.64043e-05 0.00187647
750.73 -7.24904e-05 1 5.32839e-05 -0.000125774
751.17 -0.00307798 1 5.03263e-05 -0.00312831
751.61 0.00191639 1 4.75235e-05 0.00186887
752.05 -8.93565e-05 1 4.48679e-05 -0.000134224
752.49 0.000904769 1 4.23524e-05 0.000862416
752.93 0.00289877 1 3.997e-05 0.0028588
753.37 0.000892648 1 3.77141e-05 0.000854934
753.81 -0.0011136 1 3.55786e-05 -0.00114917
754.25 -0.000119958 1 3.35572e-05 -0.000153516
754.69 -0.00112644 1 3.16445e-05 -0.00115808
755.13 0.00086696 1 2.98348e-05 0.000837125
755.57 -0.00313976 1 2.8123e-05 -0.00316788
756.01 -0.000146586 1 2.65042e-05 -0.00017309
756.45 -0.00115353 1 2.49736e-05 -0.0011785
756.89 0.000839415 1 2.35267e-05 0.000815888
757.33 0.00283225 1 2.21591e-05 0.00281009
757.77 0.000824972 1 2.0867e-05 0.000804105
758.21 -0.000182412 1 1.96462e-05 -0.000202058
758.64 0.000810269 1 1.85187e-05 0.00079175
759.08 -0.00319732 1 1.74284e-05 -0.00321475
759.52 0.000794978 1 1.63991e-05 0.000778579
759.96 0.00178718 1 1.54274e-05 0.00177175
760.4 -0.00222072 1 1.45105e-05 -0.00223524
760.84 -0.000228727 1 1.36453e-05 -0.000242372
761.28 0.00176317 1 1.28291e-05 0.00175034
761.72 -0.00124503 1 1.20593e-05 -0.00125708
762.16 -0.000253319 1 1.13335e-05 -0.000264653
762.6 -0.00126171 1 1.06492e-05 -0.00127236
763.03 -0.00127 1 1.00184e-05 -0.00128001
763.47 -0.00127857 1 9.40983e-06 -0.00128798
763.91 -0.00228723 1 8.83642e-06 -0.00229607
764.35 -0.00229598 1 8.29629e-06 -0.00230428
764.79 0.00369518 1 7.78761e-06 0.00368739
765.23 -0.00231375 1 7.30866e-06 -0.00232106
765.67 -0.000322761 1 6.8578e-06 -0.000329619
766.11 0.00166814 1 6.43346e-06 0.00166171
766.54 -0.000340826 1 6.04297e-06 -0.000346869
766.98 -0.00135008 1 5.66681e-06 -0.00135575
767.42 -0.000359422 1 5.31299e-06 -0.000364735
767.86 0.000631161 1 4.98027e-06 0.000626181
768.3 0.00162167 1 4.66745e-06 0.001617
768.74 -0.000387903 1 4.37341e-06 -0.000392276
769.17 -0.00139733 1 4.10316e-06 -0.00140143
769.61 0.00359296 1 3.84314e-06 0.00358911
770.05 -0.00341683 1 3.59888e-06 -0.00342043
770.49 -0.00142669 1 3.36946e-06 -0.00143006
770.93 -0.000436619 1 3.15404e-06 -0.000439773
771.37 -0.00144661 1 2.9518e-06 -0.00144957
771.8 0.000543552 1 2.76616e-06 0.000540786
772.24 0.00153343 1 2.58777e-06 0.00153084
772.68 0.000523235 1 2.4204e-06 0.000520814
773.12 -0.00348702 1 2.26339e-06 -0.00348928
773.56 -0.00249733 1 2.11615e-06 -0.00249945
774 -0.00150771 1 1.9781e-06 -0.00150969
774.43 -0.000517903 1 1.85152e-06 -0.000519754
774.87 -0.00252839 1 1.73004e-06 -0.00253012
775.31 0.00146106 1 1.61621e-06 0.00145945
775.75 0.000450464 1 1.50956e-06 0.000448954
776.19 -0.000560189 1 1.40967e-06 -0.000561599
776.62 0.00142935 1 1.31819e-06 0.00142803
777.06 -0.0035814 1 1.23047e-06 -0.00358263
777.5 -0.000592208 1 1.14837e-06 -0.000593356
777.94 -0.00060306 1 1.07152e-06 -0.000604131
778.37 -0.00261371 1 1.0012e-06 -0.00261471
778.81 0.000375348 1 9.33836e-07 0.000374414
779.25 -0.000635638 1 8.70828e-07 -0.000636509
779.69 -0.00264667 1 8.11909e-07 -0.00264748
780.13 -0.00165774 1 7.56824e-07 -0.00165849
780.56 0.00133141 1 7.06468e-07 0.0013307
781 0.00332026 1 6.58276e-07 0.0033196
781.44 0.000309072 1 6.13249e-07 0.000308459
781.88 0.00129785 1 5.71188e-07 0.00129728
782.31 0.00228685 1 5.32768e-07 0.00228632
782.75 0.000275563 1 4.9603e-07 0.000275067
783.19 -0.000735757 1 4.61733e-07 -0.000736219
783.63 0.00225289 1 4.29721e-07 0.00225246
784.06 -0.00175823 1 4.00505e-07 -0.00175863
784.5 -0.000769636 1 3.7259e-07 -0.000770009
784.94 0.00021893 1 3.46552e-07 0.000218583
785.37 -0.000792269 1 3.22802e-07 -0.000792592
785.81 -0.000803752 1 3.00124e-07 -0.000804052
786.25 -0.00181526 1 2.78984e-07 -0.00181554
786.69 -0.000826784 1 2.5928e-07 -0.000827043
787.12 0.00116193 1 2.41323e-07 0.00116169
787.56 -0.000849633 1 2.24191e-07 -0.000849857
788 -0.00586121 1 2.08233e-07 -0.00586142
788.43 -0.00387255 1 1.93699e-07 -0.00387274
788.87 -0.00288416 1 1.7984e-07 -0.00288434
789.31 -0.00189579 1 1.66939e-07 -0.00189595
789.75 0.00109257 1 1.54933e-07 0.00109242
790.18 8.11915e-05 1 1.44007e-07 8.10475e-05
790.62 0.00206953 1 1.33597e-07 0.0020694
791.06 5.78687e-05 1 1.23915e-07 5.77447e-05
791.49 -0.00195354 1 1.15109e-07 -0.00195365
791.93 -0.00396522 1 1.06724e-07 -0.00396532
792.37 -0.0059769 1 9.89307e-08 -0.005977
792.8 -0.00298831 1 9.18466e-08 -0.00298841
793.24 0 1 8.51057e-08 -8.51057e-08
793.68 -0.00401169 1 7.88438e-08 -0.00401176
794.11 -0.0010231 1 7.31554e-08 -0.00102318
794.55 -0.00303478 1 6.77459e-08 -0.00303485
794.99 -0.00204646 1 6.27239e-08 -0.00204652
795.42 -0.00405787 1 5.81646e-08 -0.00405793
795.86 -0.00406953 1 5.38315e-08 -0.00406959
796.3 -0.00108119 1 4.98112e-08 -0.00108124
796.73 -0.00209257 1 4.61636e-08 -0.00209262
797.17 -0.00110421 1 4.26991e-08 -0.00110426
797.61 -0.00411584 1 3.94866e-08 -0.00411588
798.04 -0.00512719 1 3.65737e-08 -0.00512722
798.48 -0.00213879 1 3.38087e-08 -0.00213882
798.91 -0.0021501 1 3.13026e-08 -0.00215014
799.35 -0.00416167 1 2.89246e-08 -0.0041617
799.79 -0.00217322 1 2.6722e-08 -0.00217324
800.22 -0.00618448 1 2.47267e-08 -0.00618451
800.66 -0.00419599 1 2.28347e-08 -0.00419601
801.1 -0.00320747 1 2.10832e-08 -0.00320749
