500.34 0.000529021 1 7.87418e-05 0.000450279
500.8 0.00259693 1 8.33749e-05 0.00251355
501.25 0.000663363 1 8.81531e-05 0.00057521
501.71 -0.000268722 1 9.33013e-05 -0.000362024
502.17 0.00179919 1 9.87296e-05 0.00170046
502.62 -0.00113436 1 0.000104324 -0.00123869
503.08 -0.00206644 1 0.000110348 -0.00217679
503.53 0 1 0.000116554 -0.000116554
503.99 0.00206792 1 0.000123233 0.00194469
504.44 0.000134364 1 0.000130111 4.25276e-06
504.9 0.000202282 1 0.00013751 6.47721e-05
505.36 -0.0027298 1 0.0001453 -0.0028751
505.81 -0.000663363 1 0.000153316 -0.000816679
506.27 -0.00159545 1 0.000161933 -0.00175739
506.72 0.000470979 1 0.000170798 0.000300181
507.18 0.000538882 1 0.000180324 0.000358558
507.63 -0.000394696 1 0.000190118 -0.000584814
508.09 0.000673197 1 0.000200639 0.000472558
508.54 -0.000260392 1 0.000211451 -0.000471844
509 0.00180749 1 0.00022306 0.00158443
509.45 0.00187388 1 0.000234985 0.0016389
509.91 0.000941749 1 0.000247784 0.000693965
510.36 0.00100813 1 0.000260925 0.000747204
510.82 0.00307598 1 0.000275023 0.00280095
511.27 0.000142338 1 0.000289492 -0.000147154
511.73 0.00121016 1 0.000305007 0.000905157
512.19 -0.00272202 1 0.000321286 -0.00304331
512.64 0.00234431 1 0.000337983 0.00200633
513.1 0.0014121 1 0.000355875 0.00105622
513.55 0.000478404 1 0.000374218 0.000104186
514.01 -0.000453831 1 0.000393865 -0.000847696
514.46 -0.000387553 1 0.000413999 -0.000801553
514.92 0.00268018 1 0.000435555 0.00224463
515.37 0.000746431 1 0.000457635 0.000288796
515.83 -0.000185865 1 0.000481263 -0.000667128
516.28 0.000880352 1 0.000505456 0.000374896
516.73 -5.34487e-05 1 0.000530759 -0.000584207
517.19 1.42043e-05 1 0.000557818 -0.000543614
517.64 0.00108037 1 0.000585505 0.000494864
518.1 0.00214798 1 0.000615101 0.00153288
518.55 0.00121411 1 0.00064537 0.000568741
519.01 0.00228169 1 0.000677711 0.00160398
519.46 0.00134777 1 0.000710774 0.000636999
519.92 0.00141531 1 0.000746084 0.000669221
520.37 0.00348135 1 0.000782166 0.00269918
520.83 0.00554884 1 0.000820684 0.00472815
521.28 0.00361484 1 0.000860025 0.00275481
521.74 0.000682277 1 0.000902004 -0.000219727
522.19 0.00174823 1 0.000944861 0.000803367
522.65 0.00281562 1 0.000990571 0.00182505
523.1 0.00188152 1 0.00103722 0.000844303
523.55 0.0029474 1 0.00108584 0.00186155
524.01 0.00301471 1 0.00113767 0.00187704
524.46 0.00308053 1 0.00119052 0.00189001
524.92 0.00414779 1 0.00124683 0.00290096
525.37 0.00221355 1 0.00130423 0.000909327
525.83 0.00328075 1 0.00136535 0.0019154
526.28 0.00234646 1 0.00142762 0.000918837
526.73 0.00341214 1 0.00149244 0.0019197
527.19 0.00547924 1 0.00156141 0.00391783
527.64 0.00654486 1 0.00163164 0.00491322
528.1 0.0036119 1 0.00170635 0.00190555
528.55 0.00467745 1 0.00178238 0.00289508
529.01 0.00574443 1 0.00186321 0.00388122
529.46 0.00780992 1 0.00194544 0.00586447
529.91 0.00287537 1 0.0020309 0.000844472
530.37 0.00394224 1 0.00212169 0.00182055
530.82 0.00400762 1 0.00221399 0.00179363
531.28 0.00807442 1 0.00231201 0.0057624
531.73 0.00613973 1 0.00241161 0.00372811
532.18 0.007205 1 0.002515 0.00468999
532.64 0.00527168 1 0.00262473 0.00264695
533.09 0.00333688 1 0.00273615 0.000600723
533.54 0.00640203 1 0.00285173 0.0035503
534 0.0034686 1 0.00297431 0.000494285
534.45 0.00753368 1 0.0030987 0.00443498
534.91 0.00560016 1 0.00323056 0.0023696
535.36 0.00666515 1 0.0033643 0.00330085
535.81 0.00873011 1 0.00350288 0.00522723
536.27 0.00879646 1 0.00364968 0.00514678
536.72 0.00586133 1 0.00379848 0.00206285
537.17 0.00992615 1 0.00395255 0.00597361
537.63 0.00899237 1 0.00411565 0.00487672
538.08 0.00905711 1 0.00428085 0.00477625
538.54 0.00812323 1 0.00445566 0.00366757
538.99 0.0101879 1 0.00463264 0.00555524
539.44 0.0122525 1 0.00481568 0.00743679
539.9 0.0103185 1 0.00500924 0.00530922
540.35 0.010383 1 0.00520505 0.00517791
540.8 0.0104474 1 0.00540744 0.00503997
541.26 0.00851325 1 0.0056213 0.00289194
541.71 0.0115776 1 0.00583752 0.00574008
542.16 0.0126419 1 0.00606083 0.00658107
542.62 0.0127076 1 0.00629664 0.00641094
543.07 0.0137718 1 0.00653488 0.00723691
543.52 0.0128359 1 0.00678078 0.00605516
543.98 0.0129015 1 0.00704024 0.00586122
544.43 0.0129655 1 0.0073022 0.0056633
544.88 0.0130295 1 0.00757239 0.00545711
545.34 0.0150949 1 0.00785729 0.00723756
545.79 0.0161587 1 0.00814472 0.00801401
546.24 0.0162226 1 0.00844098 0.00778158
546.69 0.0142863 1 0.00874626 0.00554007
547.15 0.0153515 1 0.00906787 0.00628359
547.6 0.0184151 1 0.00939203 0.00902309
548.05 0.0164787 1 0.00972582 0.00675289
548.51 0.0155437 1 0.0100772 0.00546644
548.96 0.0186071 1 0.0104312 0.00817599
549.41 0.0186706 1 0.0107954 0.00787521
549.86 0.0197339 1 0.01117 0.00856389
550.32 0.0197986 1 0.0115641 0.00823453
550.77 0.0208619 1 0.0119606 0.00890125
551.22 0.019925 1 0.0123683 0.00755678
551.68 0.0199896 1 0.0127967 0.00719287
552.13 0.0220526 1 0.0132275 0.00882513
552.58 0.0211156 1 0.01367 0.00744556
553.03 0.0211785 1 0.0141246 0.00705394
553.49 0.0232428 1 0.0146018 0.00864095
553.94 0.0223056 1 0.0150812 0.00722432
554.39 0.0243683 1 0.0155733 0.008795
554.84 0.0274309 1 0.0160782 0.0113528
555.3 0.0254949 1 0.0166077 0.00888718
555.75 0.0265574 1 0.0171392 0.00941822
556.2 0.0256199 1 0.0176842 0.00793572
556.65 0.0266823 1 0.0182428 0.00843947
557.11 0.028746 1 0.0188282 0.00991778
557.56 0.0278082 1 0.0194151 0.00839311
558.01 0.0278704 1 0.0200163 0.00785407
558.46 0.0299325 1 0.020632 0.00930048
558.92 0.0299959 1 0.0212766 0.00871934
559.37 0.0290579 1 0.0219222 0.0071357
559.82 0.0321198 1 0.0225828 0.00953693
560.27 0.0311816 1 0.0232588 0.00792282
560.72 0.0322433 1 0.0239501 0.0082932
561.18 0.0313063 1 0.024673 0.00663337
561.63 0.0343679 1 0.0253961 0.00897184
562.08 0.0344294 1 0.0261352 0.00829426
562.53 0.0354909 1 0.0268904 0.00860048
562.99 0.0335536 1 0.0276792 0.00587437
563.44 0.0366149 1 0.0284675 0.00814733
563.89 0.0356761 1 0.0292724 0.00640362
564.34 0.0377372 1 0.0300941 0.0076431
564.79 0.0387982 1 0.0309326 0.00786562
565.25 0.0408605 1 0.0318073 0.00905321
565.7 0.0379214 1 0.0326804 0.00524105
566.15 0.0419822 1 0.0335706 0.00841157
566.6 0.0400429 1 0.0344783 0.00556465
567.05 0.0431036 1 0.0354034 0.00770019
567.5 0.0441641 1 0.036346 0.0078181
567.96 0.0452259 1 0.0373278 0.00789809
568.41 0.0452863 1 0.0383062 0.00698009
568.86 0.0443466 1 0.0393024 0.00504422
569.31 0.0464068 1 0.0403164 0.00609043
569.76 0.0474669 1 0.0413483 0.00611866
570.21 0.045527 1 0.0423981 0.00312887
570.67 0.0455883 1 0.0434898 0.00209844
571.12 0.0486481 1 0.044576 0.00407214
571.57 0.0497079 1 0.0456801 0.00402777
572.02 0.0517676 1 0.0468022 0.00496532
572.47 0.0518272 1 0.0479424 0.00388481
572.92 0.0518867 1 0.0491004 0.00278625
573.37 0.0529461 1 0.0502764 0.00266969
573.83 0.0550067 1 0.051497 0.00350976
574.28 0.055066 1 0.052709 0.00235695
574.73 0.0541251 1 0.0539388 0.000186301
575.18 0.0571841 1 0.0551862 0.00199791
575.63 0.0582431 1 0.0564512 0.00179187
576.08 0.0583019 1 0.0577336 0.000568295
576.53 0.0583607 1 0.0590334 -0.000672703
576.98 0.0584194 1 0.0603504 -0.00193098
577.44 0.0604792 1 0.0617142 -0.00123493
577.89 0.0605377 1 0.0630654 -0.0025277
578.34 0.0625961 1 0.0644333 -0.00183725
578.79 0.0676544 1 0.0658178 0.00183659
579.24 0.0647125 1 0.0672185 -0.00250596
579.69 0.0677706 1 0.0686353 -0.000864697
580.14 0.0678286 1 0.070068 -0.00223937
580.59 0.0688865 1 0.0715162 -0.00262975
581.04 0.0709443 1 0.0729798 -0.00203556
581.49 0.0740019 1 0.0744585 -0.000456531
581.95 0.0740608 1 0.0759852 -0.00192444
582.4 0.0741183 1 0.0774934 -0.00337516
582.85 0.0741756 1 0.0790157 -0.0048401
583.3 0.0772329 1 0.0805519 -0.00331895
583.75 0.0772901 1 0.0821014 -0.00481133
584.2 0.0803471 1 0.083664 -0.0033169
584.65 0.0784041 1 0.0852393 -0.00683526
585.1 0.0834609 1 0.0868269 -0.00336601
585.55 0.0825177 1 0.0884264 -0.00590876
586 0.0875743 1 0.0900374 -0.00246307
586.45 0.0896308 1 0.0916593 -0.0020285
586.9 0.0886872 1 0.0932918 -0.0046046
587.35 0.0887435 1 0.0949344 -0.0061909
587.8 0.0917997 1 0.0965867 -0.00478691
588.25 0.0918558 1 0.098248 -0.00639214
588.71 0.091913 1 0.0999551 -0.00804203
589.16 0.0959689 1 0.101633 -0.00566432
589.61 0.0990247 1 0.103319 -0.00429424
590.06 0.10108 1 0.105012 -0.00393123
590.51 0.101136 1 0.106711 -0.00557473
590.96 0.103191 1 0.108415 -0.00522417
591.41 0.106247 1 0.110125 -0.00387894
591.86 0.107302 1 0.11184 -0.00453845
592.31 0.109357 1 0.113559 -0.00420208
592.76 0.111412 1 0.115281 -0.00386921
593.21 0.112467 1 0.117006 -0.0045392
593.66 0.112521 1 0.118733 -0.0062114
594.11 0.115576 1 0.120461 -0.00488515
594.56 0.11763 1 0.12219 -0.00455978
595.01 0.119685 1 0.123919 -0.00423463
595.46 0.121739 1 0.125648 -0.003909
595.91 0.122793 1 0.127375 -0.00458219
596.36 0.125847 1 0.129101 -0.00325352
596.81 0.126901 1 0.130823 -0.00392226
597.26 0.127955 1 0.132542 -0.00458772
597.71 0.130008 1 0.134258 -0.00424916
598.16 0.135062 1 0.135968 -0.000905861
598.61 0.135115 1 0.137672 -0.0025571
599.06 0.136169 1 0.139371 -0.00320214
599.51 0.136222 1 0.141062 -0.00484025
599.96 0.142275 1 0.142745 -0.0004707
600.41 0.141328 1 0.14442 -0.00309275
600.86 0.14338 1 0.146086 -0.00270565
601.31 0.147433 1 0.147742 -0.000308693
601.76 0.149486 1 0.149387 9.88706e-05
602.21 0.150538 1 0.15102 -0.000482237
602.65 0.152589 1 0.152606 -1.65597e-05
603.1 0.154641 1 0.154214 0.000426864
603.55 0.153693 1 0.155809 -0.00211625
604 0.158745 1 0.15739 0.0013548
604.45 0.157797 1 0.158956 -0.00115929
604.9 0.161848 1 0.160506 0.00134215
605.35 0.1639 1 0.16204 0.0018598
605.8 0.162951 1 0.163557 -0.000605699
606.25 0.164002 1 0.165056 -0.00105371
606.7 0.167053 1 0.166537 0.000516395
607.15 0.170104 1 0.167999 0.0021052
607.6 0.169155 1 0.169442 -0.000286703
608.05 0.171206 1 0.170865 0.000341227
608.5 0.173256 1 0.172267 0.000989521
608.95 0.174307 1 0.173648 0.000658678
609.39 0.175356 1 0.174978 0.000378034
609.84 0.177406 1 0.176316 0.00108981
610.29 0.175456 1 0.177632 -0.00217626
610.74 0.178506 1 0.178926 -0.000419794
611.19 0.179556 1 0.180196 -0.000640472
611.64 0.183605 1 0.181443 0.00216199
612.09 0.182655 1 0.182667 -1.21665e-05
612.54 0.183704 1 0.183867 -0.000162752
612.99 0.185753 1 0.185043 0.000710377
613.44 0.185802 1 0.186195 -0.000392692
613.88 0.18885 1 0.187298 0.0015518
614.33 0.187898 1 0.188403 -0.00050416
614.78 0.187947 1 0.189483 -0.0015364
615.23 0.187995 1 0.19054 -0.00254507
615.68 0.189044 1 0.191574 -0.00253039
616.13 0.193092 1 0.192584 0.000507339
616.58 0.19114 1 0.193572 -0.00243225
617.03 0.191188 1 0.194537 -0.00334959
617.47 0.191234 1 0.19546 -0.00422555
617.92 0.195282 1 0.196382 -0.00110053
618.37 0.194329 1 0.197284 -0.00295509
618.82 0.196376 1 0.198166 -0.00178999
619.27 0.193424 1 0.19903 -0.00560613
619.72 0.19447 1 0.199875 -0.00540447
620.17 0.197517 1 0.200703 -0.00318606
620.61 0.198563 1 0.201498 -0.00293523
621.06 0.199609 1 0.202297 -0.00268725
621.51 0.197656 1 0.203082 -0.00542631
621.96 0.197702 1 0.203856 -0.00615387
622.41 0.201748 1 0.204619 -0.00287151
622.86 0.196794 1 0.205375 -0.00858092
623.3 0.201838 1 0.206107 -0.00426832
623.75 0.201884 1 0.206851 -0.00496683
624.2 0.202929 1 0.207592 -0.00466275
624.65 0.205975 1 0.208333 -0.0023582
625.1 0.20402 1 0.209075 -0.00505539
625.54 0.207064 1 0.209805 -0.00274101
625.99 0.208108 1 0.210557 -0.00244858
626.44 0.208153 1 0.211318 -0.0031651
626.89 0.210197 1 0.212091 -0.00189318
627.34 0.212242 1 0.212877 -0.000635524
627.78 0.212285 1 0.213663 -0.00137784
628.23 0.214329 1 0.214486 -0.000156684
628.68 0.213373 1 0.215331 -0.00195833
629.13 0.215416 1 0.216202 -0.000785782
629.58 0.21446 1 0.217102 -0.00264212
630.02 0.217502 1 0.218013 -0.000510338
630.47 0.219545 1 0.218978 0.000566983
630.92 0.221588 1 0.219982 0.00160602
631.37 0.221631 1 0.221028 0.000603559
631.81 0.223673 1 0.222093 0.00158016
632.26 0.225715 1 0.223229 0.00248613
632.71 0.226758 1 0.224417 0.00234104
633.16 0.2308 1 0.225658 0.0051417
633.61 0.231842 1 0.226957 0.00488499
634.05 0.230883 1 0.228285 0.00259778
634.5 0.233924 1 0.229706 0.00421864
634.95 0.234966 1 0.231193 0.00377323
635.4 0.238007 1 0.232748 0.00525877
635.84 0.241047 1 0.234339 0.00670864
636.29 0.245088 1 0.236038 0.0090499
636.74 0.245129 1 0.237814 0.00731464
637.18 0.246169 1 0.239627 0.00654185
637.63 0.250209 1 0.24156 0.00864902
638.08 0.25225 1 0.243576 0.0086738
638.53 0.25429 1 0.245675 0.00861467
638.97 0.255329 1 0.24781 0.00751895
639.42 0.259368 1 0.250078 0.00929043
639.87 0.263408 1 0.252433 0.0109751
640.32 0.265447 1 0.254875 0.0105725
640.76 0.268486 1 0.257347 0.011139
641.21 0.267525 1 0.259961 0.00756409
641.66 0.273564 1 0.262661 0.0109029
642.1 0.276601 1 0.265383 0.0112183
642.55 0.27664 1 0.26825 0.00838961
643 0.282678 1 0.271199 0.0114788
643.44 0.285716 1 0.27416 0.0115553
643.89 0.286753 1 0.277265 0.00948891
644.34 0.291791 1 0.280443 0.0113481
644.79 0.292829 1 0.283692 0.00913645
645.23 0.295865 1 0.286934 0.00893137
645.68 0.299903 1 0.290311 0.00959146
646.13 0.30094 1 0.293746 0.00719361
646.57 0.305976 1 0.297155 0.00882026
647.02 0.308012 1 0.300689 0.00732363
647.47 0.307049 1 0.304263 0.00278589
647.91 0.312084 1 0.307791 0.00429324
648.36 0.316121 1 0.311427 0.00469372
648.81 0.321156 1 0.315083 0.00607361
649.25 0.322191 1 0.31867 0.00352142
649.7 0.325227 1 0.322343 0.00288356
650.15 0.328262 1 0.326013 0.00224901
650.59 0.329297 1 0.32959 -0.000293223
651.04 0.333332 1 0.333227 0.000104668
651.48 0.336366 1 0.336754 -0.000388413
651.93 0.3384 1 0.340322 -0.00192193
652.38 0.339435 1 0.343841 -0.00440642
652.82 0.343468 1 0.347225 -0.0037566
653.27 0.343502 1 0.350617 -0.00711491
653.72 0.349536 1 0.35393 -0.0043944
654.16 0.349569 1 0.357084 -0.007515
654.61 0.351602 1 0.360211 -0.00860851
655.06 0.355635 1 0.363228 -0.00759276
655.5 0.356668 1 0.366063 -0.00939526
655.95 0.358701 1 0.368834 -0.0101335
656.39 0.359733 1 0.371409 -0.0116763
656.84 0.361765 1 0.373895 -0.0121295
657.29 0.361797 1 0.376222 -0.0144243
657.73 0.364829 1 0.378334 -0.0135058
658.18 0.36786 1 0.38032 -0.0124599
658.62 0.369891 1 0.382083 -0.0121913
659.07 0.369923 1 0.383693 -0.0137706
659.52 0.373954 1 0.385102 -0.0111482
659.96 0.372984 1 0.386278 -0.0132932
660.41 0.372015 1 0.387266 -0.0152505
660.85 0.372045 1 0.388017 -0.0159714
661.3 0.377076 1 0.388559 -0.0114829
661.74 0.376105 1 0.388862 -0.0127569
662.19 0.379135 1 0.388937 -0.00980129
662.64 0.378165 1 0.388768 -0.0106029
663.08 0.379194 1 0.388365 -0.00917069
663.53 0.381224 1 0.387706 -0.00648223
663.97 0.380252 1 0.386818 -0.00656593
664.42 0.378281 1 0.38566 -0.00737863
664.86 0.380309 1 0.384281 -0.00397223
665.31 0.378338 1 0.38262 -0.00428264
665.75 0.379366 1 0.380751 -0.00138546
666.2 0.376394 1 0.378589 -0.00219564
666.65 0.375422 1 0.376177 -0.000755405
667.09 0.375449 1 0.373579 0.00187022
667.54 0.373476 1 0.370679 0.00279733
667.98 0.372503 1 0.367611 0.00489207
668.43 0.36953 1 0.36424 0.00529055
668.87 0.367556 1 0.36072 0.00683674
669.32 0.364583 1 0.356897 0.00768607
669.76 0.362609 1 0.352948 0.00966129
670.21 0.357635 1 0.348699 0.00893621
670.65 0.354661 1 0.344347 0.0103137
671.1 0.351687 1 0.339702 0.0119847
671.54 0.347712 1 0.334978 0.0127336
671.99 0.342737 1 0.32997 0.0127674
672.43 0.337762 1 0.324908 0.0128535
672.88 0.333787 1 0.319573 0.0142135
673.32 0.325811 1 0.314211 0.0115997
673.77 0.321835 1 0.308588 0.0132468
674.21 0.317859 1 0.302965 0.0148937
674.66 0.312883 1 0.297097 0.0157865
675.1 0.305906 1 0.291253 0.014653
675.55 0.29893 1 0.285181 0.013749
675.99 0.293953 1 0.27916 0.0147929
676.44 0.287976 1 0.272928 0.0150485
676.88 0.277999 1 0.266771 0.0112273
677.33 0.270021 1 0.260422 0.00959905
677.77 0.263043 1 0.254173 0.0088702
678.22 0.258066 1 0.247751 0.0103151
678.66 0.251087 1 0.24145 0.00963696
679.11 0.242109 1 0.234996 0.00711288
679.55 0.23513 1 0.228685 0.00644515
679.99 0.227151 1 0.222383 0.00476817
680.44 0.220172 1 0.215957 0.00421577
680.88 0.213193 1 0.2097 0.00349231
681.33 0.205213 1 0.203339 0.00187407
681.77 0.200233 1 0.197164 0.00306901
682.22 0.190254 1 0.190903 -0.000649598
682.66 0.183273 1 0.184842 -0.00156862
683.11 0.177293 1 0.178712 -0.00141919
683.55 0.170312 1 0.172794 -0.00248151
683.99 0.162331 1 0.166956 -0.00462453
684.44 0.15635 1 0.161074 -0.00472413
684.88 0.150369 1 0.155417 -0.00504822
685.33 0.142387 1 0.149731 -0.0073442
685.77 0.136405 1 0.144276 -0.0078704
686.21 0.130423 1 0.138926 -0.00850324
686.66 0.123441 1 0.133569 -0.0101284
687.1 0.118458 1 0.128447 -0.00998843
687.55 0.114476 1 0.123328 -0.00885277
687.99 0.110492 1 0.118445 -0.00795243
688.44 0.106509 1 0.113576 -0.00706702
688.88 0.0995258 1 0.108941 -0.00941558
689.32 0.0945419 1 0.104432 -0.00988964
689.77 0.0885582 1 0.09995 -0.0113918
690.21 0.0825738 1 0.0956967 -0.0131229
690.65 0.0815892 1 0.091571 -0.00998174
691.1 0.0746048 1 0.0874837 -0.0128789
691.54 0.0716197 1 0.0836162 -0.0119965
691.99 0.0676348 1 0.0797923 -0.0121575
692.43 0.0646493 1 0.076181 -0.0115318
692.87 0.0636635 1 0.0726951 -0.00903161
693.32 0.0576778 1 0.0692582 -0.0115804
693.76 0.0566916 1 0.0660216 -0.00933
694.2 0.0527051 1 0.0629057 -0.0102006
694.65 0.0517187 1 0.0598421 -0.00812338
695.09 0.0487317 1 0.0569646 -0.00823288
695.53 0.0467445 1 0.0542017 -0.00745719
695.98 0.0447574 1 0.0514921 -0.0067347
696.42 0.0377697 1 0.0489536 -0.0111839
696.86 0.0367818 1 0.0465221 -0.00974035
697.31 0.0357939 1 0.0441433 -0.00834945
697.75 0.0338055 1 0.0419201 -0.00811461
698.19 0.0318168 1 0.0397955 -0.00797868
698.64 0.0318282 1 0.0377216 -0.00589348
699.08 0.029839 1 0.0357877 -0.0059487
699.52 0.0258496 1 0.0339436 -0.00809395
699.97 0.0278602 1 0.0321473 -0.00428706
700.41 0.0248703 1 0.0304756 -0.00560529
700.85 0.0228802 1 0.0288847 -0.0060045
701.3 0.0208901 1 0.0273381 -0.00644802
701.74 0.0178994 1 0.0259014 -0.008002
702.18 0.0189085 1 0.0245366 -0.00562805
702.63 0.0179176 1 0.0232121 -0.00529443
703.07 0.0159262 1 0.0219838 -0.00605751
703.51 0.0139346 1 0.0208187 -0.00688409
703.96 0.0159429 1 0.0196898 -0.00374683
704.4 0.0139508 1 0.0186443 -0.00469356
704.84 0.0109584 1 0.0176541 -0.0066957
705.28 0.0129658 1 0.0167165 -0.00375072
705.73 0.00997304 1 0.0158094 -0.00583639
706.17 0.00897989 1 0.0149708 -0.0059909
706.61 0.00898649 1 0.0141775 -0.00519104
707.06 0.00899298 1 0.0134109 -0.00441788
707.5 0.00799907 1 0.0127026 -0.00470355
707.94 0.00800491 1 0.0120332 -0.00402832
708.38 0.00501048 1 0.0114007 -0.00639017
708.83 0.00701593 1 0.0107898 -0.00377387
709.27 0.00302099 1 0.0102259 -0.00720492
709.71 0.00402579 1 0.00969325 -0.00566746
710.15 0.00503034 1 0.00919014 -0.0041598
710.6 0.00503472 1 0.00870446 -0.00366974
711.04 0.00103875 1 0.00825622 -0.00721748
711.48 0.00204251 1 0.00783286 -0.00579034
711.92 0.00704602 1 0.00743296 -0.000386941
712.37 0.00104934 1 0.00704686 -0.00599753
712.81 0.00205232 1 0.00669044 -0.00463812
713.25 0.00105504 1 0.00635366 -0.00529862
713.69 0.00205749 1 0.00603539 -0.0039779
714.13 0.00105969 1 0.00573456 -0.00467487
714.58 0.00106166 1 0.00544387 -0.00438221
715.02 6.33217e-05 1 0.00517526 -0.00511194
715.46 0.00106472 1 0.00492118 -0.00385646
715.9 -0.000934146 1 0.00468078 -0.00561493
716.35 -0.000933261 1 0.00444823 -0.00538149
716.79 -0.000932664 1 0.00423308 -0.00516575
717.23 0.00106767 1 0.00402933 -0.00296166
717.67 0.00106773 1 0.00383629 -0.00276856
718.11 -0.00293247 1 0.00365334 -0.00658581
718.56 -0.000932956 1 0.00347604 -0.004409
719 -0.0019337 1 0.00331172 -0.00524543
719.44 -0.000934716 1 0.00315581 -0.00409053
719.88 0.002064 1 0.00300783 -0.000943825
720.32 0.00306245 1 0.0028673 0.000195147
720.76 -0.00193938 1 0.00273381 -0.00467319
721.21 5.84764e-05 1 0.00260414 -0.00254567
721.65 -0.0019439 1 0.00248368 -0.00442758
722.09 5.34576e-05 1 0.00236912 -0.00231566
722.53 0.00205054 1 0.00226012 -0.000209579
722.97 -0.000952652 1 0.00215638 -0.00310903
723.41 -0.000956118 1 0.00205761 -0.00301373
723.86 -0.00295995 1 0.00196146 -0.0049214
724.3 -0.00196397 1 0.00187193 -0.0038359
724.74 3.17361e-05 1 0.00178661 -0.00175487
725.18 0.00102716 1 0.00170527 -0.000678102
725.62 -0.000977686 1 0.0016277 -0.00260538
726.06 1.71873e-05 1 0.0015537 -0.00153651
726.5 -0.00198822 1 0.0014831 -0.00347132
726.95 5.96784e-06 1 0.00141423 -0.00140826
727.39 0 1 0.00134998 -0.00134998
727.83 -0.00100625 1 0.00128863 -0.00229487
728.27 -0.00101277 1 0.00123004 -0.00224281
728.71 -0.00201957 1 0.00117408 -0.00319365
729.15 -2.6645e-05 1 0.00112062 -0.00114727
729.59 -3.39908e-05 1 0.00106955 -0.00110354
730.03 0.000958393 1 0.00102074 -6.23479e-05
730.48 0.000950327 1 0.000973063 -2.27355e-05
730.92 0.00194217 1 0.000928529 0.00101364
731.36 -0.00206625 1 0.000885962 -0.00295221
731.8 0.00192507 1 0.000845272 0.00107979
732.24 0.000916123 1 0.000806375 0.000109747
732.68 0.00390692 1 0.000769191 0.00313773
733.12 0.00189746 1 0.000733643 0.00116382
733.56 0.000887745 1 0.00069966 0.000188086
734 0.00187778 1 0.000667172 0.00121061
734.44 0.00186756 1 0.000636114 0.00123144
734.89 0.00285685 1 0.000605765 0.00225108
735.33 0.00384613 1 0.000577415 0.00326871
735.77 0.000835158 1 0.000550316 0.000284842
736.21 0.00382395 1 0.000524415 0.00329953
736.65 0.00281249 1 0.000499661 0.00231283
737.09 0.0028008 1 0.000476005 0.00232479
737.53 0.000788866 1 0.000453401 0.000335466
737.97 0.0037767 1 0.000431803 0.00334489
738.41 0.0037643 1 0.00041117 0.00335313
738.85 0.00275166 1 0.00039146 0.0023602
739.29 0.00273879 1 0.000372635 0.00236616
739.73 0.0017257 1 0.000354657 0.00137104
740.17 0.00471238 1 0.00033749 0.00437489
740.61 0.00369883 1 0.000321099 0.00337773
741.05 0.00468506 1 0.000305453 0.0043796
741.49 0.00267107 1 0.000290519 0.00238055
741.93 0.00265685 1 0.000276267 0.00238059
742.37 0.00364242 1 0.000262668 0.00337976
742.81 0.00162778 1 0.000249695 0.00137808
743.26 0.00261258 1 0.000237046 0.00237553
743.7 0.000597503 1 0.000225256 0.000372247
744.14 0.00258222 1 0.000214015 0.0023682
744.58 0.00156672 1 0.000203298 0.00136342
745.02 0.000551021 1 0.000193082 0.000357939
745.46 0.00253512 1 0.000183346 0.00235177
745.9 0.00351901 1 0.000174069 0.00334494
746.34 0.0035027 1 0.000165231 0.00333747
746.78 0.00348619 1 0.000156813 0.00332938
747.22 0.00346948 1 0.000148796 0.00332069
747.66 -0.000547417 1 0.000141163 -0.00068858
748.1 0.00143549 1 0.000133896 0.00130159
748.54 0.0044182 1 0.00012698 0.00429122
748.98 0.000400728 1 0.000120398 0.000280329
749.42 0.00338306 1 0.000114136 0.00326893
749.86 0.00336522 1 0.00010818 0.00325704
750.29 0.00334759 1 0.00010264 0.00324495
750.73 0.00432938 1 9.72473e-05 0.00423214
751.17 -0.000689008 1 9.21204e-05 -0.000781129
751.61 0.00329242 1 8.72472e-05 0.00320517
752.05 0.00227367 1 8.26162e-05 0.00219106
752.49 0.000254754 1 7.82161e-05 0.000176537
752.93 0.00223566 1 7.40364e-05 0.00216162
753.37 0.00321639 1 7.00667e-05 0.00314633
753.81 0.000196959 1 6.62973e-05 0.000130662
754.25 0.000177358 1 6.27187e-05 0.000114639
754.69 0.00015759 1 5.9322e-05 9.82683e-05
755.13 0.00213766 1 5.60986e-05 0.00208156
755.57 0.000117567 1 5.30402e-05 6.45267e-05
756.01 0.00209731 1 5.0139e-05 0.00204718
756.45 7.69043e-05 1 4.73875e-05 2.95168e-05
756.89 0.00105634 1 4.47784e-05 0.00101156
757.33 0.00503562 1 4.23049e-05 0.00499331
757.77 -0.000985256 1 3.99604e-05 -0.00102522
758.21 0.000993721 1 3.77386e-05 0.000955982
758.64 0.00297303 1 3.56802e-05 0.00293735
759.08 0.000951716 1 3.36837e-05 0.000918032
759.52 -6.97447e-05 1 3.17928e-05 -0.000101538
759.96 0.00190865 1 3.00024e-05 0.00187865
760.4 0.00188691 1 2.83074e-05 0.0018586
760.84 0.00286502 1 2.6703e-05 0.00283832
761.28 0.001843 1 2.51848e-05 0.00181782
761.72 -0.000179156 1 2.37483e-05 -0.000202904
762.16 -0.00120145 1 2.23895e-05 -0.00122384
762.6 -0.00122387 1 2.11044e-05 -0.00124497
763.03 0.000754091 1 1.99161e-05 0.000734175
763.47 -0.00126859 1 1.87659e-05 -0.00128735
763.91 -0.00329139 1 1.76787e-05 -0.00330907
764.35 -0.00031432 1 1.66513e-05 -0.000330971
764.79 0.00366263 1 1.56807e-05 0.00364695
765.23 0.000639457 1 1.47638e-05 0.000624693
765.67 0.000616166 1 1.38978e-05 0.000602268
766.11 0.000592758 1 1.30802e-05 0.000579678
766.54 0.00156977 1 1.23253e-05 0.00155745
766.98 -0.00145386 1 1.15958e-05 -0.00146546
767.42 0.000522392 1 1.09073e-05 0.000511484
767.86 0.00349854 1 1.02578e-05 0.00348828
768.3 0.00247457 1 9.64513e-06 0.00246493
768.74 -0.000549494 1 9.0673e-06 -0.000558561
769.17 0.00142688 1 8.53449e-06 0.00141835
769.61 0.00140261 1 8.02016e-06 0.00139459
770.05 -0.00162176 1 7.53539e-06 -0.00162929
770.49 -0.00064623 1 7.07857e-06 -0.000653309
770.93 -0.0026708 1 6.64817e-06 -0.00267745
771.37 0.000304541 1 6.24274e-06 0.000298298
771.8 0.00128035 1 5.86935e-06 0.00127448
772.24 0.00125551 1 5.50934e-06 0.00125
772.68 -0.000769426 1 5.17042e-06 -0.000774596
773.12 -0.000794446 1 4.85142e-06 -0.000799297
773.56 0.000180449 1 4.55123e-06 0.000175898
774 0.00115526 1 4.2688e-06 0.00115099
774.43 0.00113057 1 4.00899e-06 0.00112656
774.87 -0.00189478 1 3.75879e-06 -0.00189854
775.31 0.00307979 1 3.52353e-06 0.00307627
775.75 0.00105429 1 3.30236e-06 0.00105099
776.19 0.00202871 1 3.09448e-06 0.00202562
776.62 0.00300365 1 2.90344e-06 0.00300074
777.06 -0.00102207 1 2.71965e-06 -0.00102479
777.5 0.000952143 1 2.547e-06 0.000949596
777.94 0.00192629 1 2.38486e-06 0.0019239
778.37 -9.90388e-05 1 2.23597e-06 -0.000101275
778.81 -0.000125019 1 2.09283e-06 -0.000127111
779.25 0.00184894 1 1.95849e-06 0.00184698
779.69 -0.00217716 1 1.83241e-06 -0.00217899
780.13 0.000796682 1 1.71413e-06 0.000794968
780.56 -0.00322893 1 1.60562e-06 -0.00323054
781 0.000744799 1 1.5014e-06 0.000743298
781.44 0.00271848 1 1.40369e-06 0.00271708
781.88 0.000692113 1 1.31208e-06 0.000690801
782.31 0.000666298 1 1.2281e-06 0.00066507
782.75 0.00263984 1 1.14752e-06 0.00263869
783.19 0.00261333 1 1.07202e-06 0.00261226
783.63 0.00258678 1 1.0013e-06 0.00258578
784.06 -0.000439203 1 9.36515e-07 -0.000440139
784.5 0.00253417 1 8.744e-07 0.0025333
784.94 0.00150751 1 8.16248e-07 0.00150669
785.37 0.00148141 1 7.63015e-07 0.00148065
785.81 -0.00054532 1 7.12001e-07 -0.000546032
786.25 -0.00457208 1 6.64271e-07 -0.00457275
786.69 -0.00159888 1 6.19622e-07 -0.0015995
787.12 0.000374911 1 5.78782e-07 0.000374333
787.56 0.00234806 1 5.39675e-07 0.00234753
788 -0.00167881 1 5.03115e-07 -0.00167931
788.43 -0.00470509 1 4.69692e-07 -0.00470556
788.87 -0.000732001 1 4.37707e-07 -0.000732438
789.31 -0.000758932 1 4.07822e-07 -0.00075934
789.75 -0.00178588 1 3.79905e-07 -0.00178626
790.18 -0.00481223 1 3.54404e-07 -0.00481258
790.62 0.000160794 1 3.30018e-07 0.000160464
791.06 0.00113381 1 3.07252e-07 0.0011335
791.49 0.00110742 1 2.86469e-07 0.00110714
791.93 -0.00191958 1 2.66606e-07 -0.00191984
792.37 -0.00394659 1 2.48073e-07 -0.00394684
792.8 -0.00397299 1 2.31164e-07 -0.00397322
793.24 0 1 2.15013e-07 -2.15013e-07
793.68 -0.00302701 1 1.99952e-07 -0.00302721
794.11 -0.00105341 1 1.8622e-07 -0.0010536
794.55 -0.00208042 1 1.7311e-07 -0.00208059
794.99 -0.00210742 1 1.60893e-07 -0.00210759
795.42 -0.00213381 1 1.4976e-07 -0.00213396
795.86 -0.000160794 1 1.39138e-07 -0.000160933
796.3 -0.00218777 1 1.29245e-07 -0.0021879
796.73 -0.00221412 1 1.20234e-07 -0.00221424
797.17 0.000758932 1 1.11643e-07 0.00075882
797.61 -0.006268 1 1.03646e-07 -0.0062681
798.04 -0.0062943 1 9.63665e-08 -0.0062944
798.48 -0.00132119 1 8.94298e-08 -0.00132128
798.91 -0.00334745 1 8.31181e-08 -0.00334754
799.35 -0.0013743 1 7.71058e-08 -0.00137438
799.79 -0.00240112 1 7.15148e-08 -0.00240119
800.22 -0.00242731 1 6.64305e-08 -0.00242737
800.66 -0.00245407 1 6.15903e-08 -0.00245413
801.1 0.000519194 1 5.70918e-08 0.000519137
