500.34 -0.000687235 1 3.84262e-05 -0.000725661
500.8 0.00141185 1 4.08065e-05 0.00137105
501.25 -0.00149121 1 4.32685e-05 -0.00153448
501.71 -0.000392109 1 4.59288e-05 -0.000438038
502.17 0.00270699 1 4.87421e-05 0.00265825
502.62 -0.000196058 1 5.16499e-05 -0.000247708
503.08 -0.00109695 1 5.47898e-05 -0.00115174
503.53 0 1 5.80338e-05 -5.80338e-05
503.99 0.00109911 1 6.15352e-05 0.00103757
504.44 0.00219606 1 6.5151e-05 0.00213091
504.9 -0.000704838 1 6.90518e-05 -0.00077389
505.36 -0.000605736 1 7.31702e-05 -0.000678906
505.81 -0.00150879 1 7.74202e-05 -0.00158621
506.27 -0.0024097 1 8.20022e-05 -0.0024917
506.72 -0.000312765 1 8.67284e-05 -0.000399493
507.18 0.000786317 1 9.18214e-05 0.000694496
507.63 -0.000116762 1 9.70725e-05 -0.000213834
508.09 -1.76946e-05 1 0.000102728 -0.000120423
508.54 7.92103e-05 1 0.000108557 -2.93469e-05
509 -0.000821741 1 0.000114833 -0.000936574
509.45 0.000275144 1 0.000121297 0.000153847
509.91 -0.00162583 1 0.000128253 -0.00175408
510.36 -0.000528967 1 0.000135415 -0.000664382
510.82 0.00157003 1 0.000143119 0.00142691
511.27 -0.00133313 1 0.000151047 -0.00148418
511.73 -0.00223416 1 0.000159572 -0.00239373
512.19 -0.0021352 1 0.00016854 -0.00230374
512.64 0.00196159 1 0.000177763 0.00178382
513.1 0.00106051 1 0.000187672 0.000872836
513.55 0.00115726 1 0.000197858 0.000959403
514.01 0.00125615 1 0.000208797 0.00104735
514.46 -0.000647139 1 0.000220037 -0.000867176
514.92 0.000451704 1 0.000232102 0.000219602
515.37 0.000548376 1 0.000244492 0.000303884
515.83 -0.00235283 1 0.000257786 -0.00261061
516.28 0.000743801 1 0.000271432 0.000472369
516.73 -0.0021596 1 0.000285741 -0.00244534
517.19 -0.00106087 1 0.000301083 -0.00136195
517.64 -0.000964318 1 0.00031682 -0.00128114
518.1 0.00113435 1 0.000333686 0.000800667
518.55 -0.000769149 1 0.000350979 -0.00112013
519.01 -0.000670535 1 0.000369503 -0.00104004
519.46 -0.00157409 1 0.000388488 -0.00196258
519.92 -0.00147554 1 0.000408814 -0.00188435
520.37 0.000620839 1 0.000429637 0.000191203
520.83 0.000719329 1 0.00045192 0.000267408
521.28 0.000815644 1 0.000474737 0.000340907
521.74 -8.59341e-05 1 0.000499143 -0.000585078
522.19 0.00301031 1 0.000524122 0.00248619
522.65 0.000108664 1 0.000550829 -0.000442165
523.1 0.000204841 1 0.000578149 -0.000373308
523.55 -0.00069902 1 0.000606697 -0.00130572
524.01 0.00139922 1 0.000637198 0.00076202
524.46 0.00249528 1 0.000668379 0.0018269
524.92 0.00259344 1 0.000701677 0.00189176
525.37 -0.000310577 1 0.000735701 -0.00104628
525.83 -0.000212503 1 0.000772019 -0.000984522
526.28 -0.0011166 1 0.000809111 -0.00192571
526.73 0.00197926 1 0.000847806 0.00113145
527.19 0.0020772 1 0.000889083 0.00118812
527.64 0.00217297 1 0.000931208 0.00124176
528.1 -0.00172918 1 0.000976122 -0.0027053
528.55 0.000366497 1 0.00102194 -0.000655442
529.01 0.00146425 1 0.00107076 0.000393488
529.46 0.00355983 1 0.00112055 0.00243929
529.91 0.000655369 1 0.0011724 -0.000517032
530.37 0.000752975 1 0.00122762 -0.000474646
530.82 0.00184841 1 0.00128388 0.000564524
531.28 0.00494591 1 0.00134377 0.00360214
531.73 0.00204124 1 0.00140476 0.000636476
532.18 0.00413652 1 0.00146821 0.0026683
532.64 0.00223386 1 0.00153571 0.000698149
533.09 0.00232902 1 0.00160439 0.000724631
533.54 0.00242414 1 0.0016758 0.000748337
534 -0.000478695 1 0.0017517 -0.00223039
534.45 0.0026163 1 0.00182889 0.000787417
534.91 0.00271335 1 0.00191089 0.000802462
535.36 0.00580824 1 0.00199425 0.00381399
535.81 0.00190306 1 0.00208081 -0.000177749
536.27 0.00499992 1 0.0021727 0.00282722
536.72 0.00309462 1 0.00226604 0.000828581
537.17 0.00318926 1 0.0023629 0.000826362
537.63 0.00328594 1 0.00246565 0.000820282
538.08 0.00638044 1 0.00256995 0.00381049
538.54 0.00347699 1 0.00268055 0.000796438
538.99 0.00357137 1 0.00279275 0.000778611
539.44 0.00766568 1 0.00290905 0.00475663
539.9 0.00576202 1 0.00303227 0.00272974
540.35 0.00485619 1 0.0031572 0.00169899
540.8 0.0069503 1 0.00328659 0.00366371
541.26 0.00504642 1 0.00342359 0.00162284
541.71 0.00614039 1 0.00356238 0.00257801
542.16 0.00523428 1 0.00370602 0.00152826
542.62 0.00833019 1 0.00385801 0.00447218
543.07 0.00642394 1 0.00401187 0.00241206
543.52 0.00651761 1 0.004171 0.00234661
543.98 0.00761329 1 0.00433924 0.00327404
544.43 0.00870681 1 0.00450944 0.00419737
544.88 0.00780026 1 0.00468533 0.00311492
545.34 0.0088957 1 0.00487117 0.00402453
545.79 0.00998899 1 0.00505903 0.00492996
546.24 0.0110822 1 0.00525303 0.00582917
546.69 0.00617533 1 0.00545332 0.000722007
547.15 0.00727044 1 0.00566474 0.00160571
547.6 0.0113634 1 0.00587824 0.00548517
548.05 0.00945629 1 0.00609851 0.00335779
548.51 0.00855116 1 0.00633084 0.00222032
548.96 0.00964387 1 0.00656528 0.00307859
549.41 0.0117365 1 0.00680699 0.00492952
549.86 0.011829 1 0.00705611 0.00477294
550.32 0.0129236 1 0.00731861 0.00560495
550.77 0.0130159 1 0.00758324 0.00543269
551.22 0.0141082 1 0.00785579 0.00625241
551.68 0.0122024 1 0.00814277 0.00405968
552.13 0.0122945 1 0.00843186 0.00386269
552.58 0.0133866 1 0.00872938 0.00465717
553.03 0.0134785 1 0.00903551 0.00444296
553.49 0.0125723 1 0.00935752 0.00321483
553.94 0.0126641 1 0.00968157 0.0029825
554.39 0.0147557 1 0.0100147 0.00474096
554.84 0.0168472 1 0.0103572 0.00649004
555.3 0.0169407 1 0.0107171 0.00622365
555.75 0.0160321 1 0.0110789 0.0049532
556.2 0.0181233 1 0.0114505 0.00667285
556.65 0.0162145 1 0.0118321 0.00438241
557.11 0.0173075 1 0.0122326 0.00507492
557.56 0.0193985 1 0.0126349 0.00676357
558.01 0.0184893 1 0.0130477 0.00544162
558.46 0.0205801 1 0.0134712 0.00710891
558.92 0.0226727 1 0.0139152 0.00875751
559.37 0.0187633 1 0.0143608 0.00440253
559.82 0.0208537 1 0.0148174 0.00603628
560.27 0.0219441 1 0.0152854 0.00665861
560.72 0.0200343 1 0.0157649 0.00426935
561.18 0.0201264 1 0.0162671 0.00385931
561.63 0.0222164 1 0.0167702 0.00544616
562.08 0.0233063 1 0.0172853 0.00602095
562.53 0.0223961 1 0.0178125 0.00458355
562.99 0.0224878 1 0.0183641 0.00412367
563.44 0.0235773 1 0.0189162 0.00466117
563.89 0.0256668 1 0.0194807 0.00618604
564.34 0.0247561 1 0.020058 0.00469815
564.79 0.0258454 1 0.020648 0.00519736
565.25 0.0279364 1 0.0212644 0.006672
565.7 0.0270254 1 0.0218807 0.00514478
566.15 0.0271143 1 0.02251 0.00460429
566.6 0.0282031 1 0.0231526 0.00505045
567.05 0.0282917 1 0.0238086 0.00448313
567.5 0.0293803 1 0.024478 0.00490223
567.96 0.0284706 1 0.0251763 0.0032943
568.41 0.0315589 1 0.0258732 0.00568568
568.86 0.0326471 1 0.0265839 0.00606322
569.31 0.0317351 1 0.0273083 0.00442684
569.76 0.031823 1 0.0280466 0.00377647
570.21 0.0319108 1 0.0287988 0.00311206
570.67 0.0320004 1 0.0295821 0.00241831
571.12 0.034088 1 0.0303627 0.00372533
571.57 0.0351754 1 0.0311572 0.00401816
572.02 0.0362627 1 0.0319659 0.00429678
572.47 0.0363499 1 0.0327887 0.00356114
572.92 0.0374369 1 0.0336256 0.00381125
573.37 0.0365238 1 0.0344767 0.0020471
573.83 0.0396125 1 0.0353613 0.00425122
574.28 0.0376991 1 0.0362409 0.00145823
574.73 0.0377856 1 0.0371346 0.000651012
575.18 0.039872 1 0.0380424 0.0018296
575.63 0.0399583 1 0.0389642 0.000994022
576.08 0.0390444 1 0.0399 -0.000855661
576.53 0.0401303 1 0.0408497 -0.000719391
576.98 0.0412162 1 0.0418133 -0.000597098
577.44 0.0433038 1 0.0428124 0.000491328
577.89 0.0403893 1 0.0438037 -0.00341438
578.34 0.0454747 1 0.0448085 0.000666205
578.79 0.04556 1 0.0458268 -0.000266791
579.24 0.0466452 1 0.0468584 -0.000213245
579.69 0.0467302 1 0.0479032 -0.00117302
580.14 0.049815 1 0.048961 0.000854025
580.59 0.0488997 1 0.0500317 -0.00113194
581.04 0.0499843 1 0.051115 -0.00113075
581.49 0.0510687 1 0.0522109 -0.00114222
581.95 0.0541549 1 0.0533439 0.000810943
582.4 0.052239 1 0.0544645 -0.00222552
582.85 0.052323 1 0.055597 -0.00327402
583.3 0.0534068 1 0.0567411 -0.00333433
583.75 0.0544905 1 0.0578967 -0.00340619
584.2 0.056574 1 0.0590634 -0.00248936
584.65 0.0546574 1 0.060241 -0.00558357
585.1 0.0587406 1 0.0614292 -0.00268853
585.55 0.0598237 1 0.0626277 -0.00280395
586 0.0619066 1 0.0638362 -0.00192953
586.45 0.0639894 1 0.0650544 -0.00106495
586.9 0.063072 1 0.0662819 -0.00320988
587.35 0.0641545 1 0.0675185 -0.00336398
587.8 0.0642368 1 0.0687637 -0.00452689
588.25 0.0643189 1 0.0700172 -0.00569826
588.71 0.0664028 1 0.0713068 -0.004904
589.16 0.0674846 1 0.0725759 -0.00509129
589.61 0.0705663 1 0.0738521 -0.00328585
590.06 0.0726478 1 0.075135 -0.00248728
590.51 0.0737291 1 0.0764242 -0.00269514
590.96 0.0728103 1 0.0777193 -0.004909
591.41 0.0758913 1 0.0790197 -0.00312842
591.86 0.0789722 1 0.0803251 -0.00135293
592.31 0.0800529 1 0.0816349 -0.00158208
592.76 0.0811334 1 0.0829488 -0.00181539
593.21 0.0822137 1 0.0842661 -0.00205236
593.66 0.0812939 1 0.0855864 -0.00429249
594.11 0.084374 1 0.0869093 -0.0025353
594.56 0.0874538 1 0.0882341 -0.000780246
595.01 0.0885335 1 0.0895603 -0.00102682
595.46 0.089613 1 0.0908875 -0.00127448
595.91 0.0896924 1 0.0922151 -0.0025227
596.36 0.0907715 1 0.0935425 -0.00277092
596.81 0.0928505 1 0.0948691 -0.00201859
597.26 0.0939294 1 0.0961945 -0.00226514
597.71 0.098008 1 0.097518 0.00048998
598.16 0.0990865 1 0.0988391 0.000247355
598.61 0.0991648 1 0.100157 -0.000992442
599.06 0.100243 1 0.101472 -0.00122883
599.51 0.101321 1 0.102782 -0.00146122
599.96 0.104399 1 0.104088 0.000310978
600.41 0.104476 1 0.105388 -0.000911651
600.86 0.105554 1 0.106682 -0.00112851
601.31 0.108631 1 0.10797 0.000660987
601.76 0.107708 1 0.10925 -0.00154256
602.21 0.108785 1 0.110523 -0.00173856
602.65 0.11386 1 0.11176 0.00209989
603.1 0.112936 1 0.113016 -7.94411e-05
603.55 0.115012 1 0.114262 0.000750528
604 0.116089 1 0.115498 0.000590378
604.45 0.116164 1 0.116724 -0.000559315
604.9 0.11924 1 0.117938 0.00130202
605.35 0.121316 1 0.119141 0.00217494
605.8 0.121391 1 0.120331 0.00106
606.25 0.121466 1 0.121509 -4.22575e-05
606.7 0.124541 1 0.122673 0.0018687
607.15 0.125616 1 0.123823 0.00179339
607.6 0.126691 1 0.124958 0.00173231
608.05 0.126765 1 0.126079 0.000685964
608.5 0.128839 1 0.127184 0.00165481
608.95 0.131913 1 0.128274 0.00363931
609.39 0.131985 1 0.129324 0.00266191
609.84 0.132059 1 0.13038 0.00167861
610.29 0.129132 1 0.13142 -0.00228783
610.74 0.133206 1 0.132443 0.000762954
611.19 0.133279 1 0.133447 -0.0001687
611.64 0.135352 1 0.134434 0.000917507
612.09 0.134424 1 0.135402 -0.000978155
612.54 0.135497 1 0.136352 -0.000855451
612.99 0.137569 1 0.137283 0.000285818
613.44 0.137641 1 0.138195 -0.000554187
613.88 0.139711 1 0.139068 0.000642696
614.33 0.137783 1 0.139943 -0.00215996
614.78 0.139854 1 0.140798 -0.000943676
615.23 0.139925 1 0.141634 -0.00170846
615.68 0.140996 1 0.142451 -0.00145438
616.13 0.141067 1 0.143248 -0.00218156
616.58 0.142137 1 0.144028 -0.00189018
617.03 0.140208 1 0.144788 -0.00458048
617.47 0.142276 1 0.145514 -0.00323802
617.92 0.143346 1 0.146239 -0.00289304
618.37 0.145416 1 0.146947 -0.00153083
618.82 0.146486 1 0.147637 -0.00115188
619.27 0.145555 1 0.148312 -0.00275678
619.72 0.145624 1 0.14897 -0.00334617
620.17 0.145693 1 0.149614 -0.00392077
620.61 0.14676 1 0.150229 -0.00346908
621.06 0.148828 1 0.150845 -0.00201688
621.51 0.148896 1 0.151449 -0.00255254
621.96 0.145964 1 0.152042 -0.00607711
622.41 0.150032 1 0.152624 -0.00259172
622.86 0.1491 1 0.153197 -0.00409761
623.3 0.149166 1 0.153751 -0.00458509
623.75 0.148233 1 0.15431 -0.00607771
624.2 0.1513 1 0.154865 -0.0035658
624.65 0.150366 1 0.155417 -0.00505096
625.1 0.151433 1 0.155967 -0.00453488
625.54 0.151497 1 0.156506 -0.00500855
625.99 0.155563 1 0.157059 -0.00149533
626.44 0.153629 1 0.157615 -0.00398643
626.89 0.154695 1 0.158178 -0.00348389
627.34 0.15576 1 0.15875 -0.00298983
627.78 0.156823 1 0.159318 -0.00249486
628.23 0.156888 1 0.159912 -0.00302418
628.68 0.158953 1 0.160522 -0.00156881
629.13 0.159017 1 0.161148 -0.00213117
629.58 0.158081 1 0.161795 -0.00371378
630.02 0.161144 1 0.162449 -0.00130548
630.47 0.162207 1 0.163143 -0.000935721
630.92 0.163271 1 0.163865 -0.000593984
631.37 0.164334 1 0.164617 -0.000282967
631.81 0.166396 1 0.165385 0.00101104
632.26 0.167458 1 0.166205 0.00125325
632.71 0.168521 1 0.167064 0.00145656
633.16 0.169583 1 0.167965 0.00161822
633.61 0.170645 1 0.16891 0.00173549
634.05 0.170705 1 0.169879 0.000826825
634.5 0.173767 1 0.170919 0.0028483
634.95 0.175828 1 0.172011 0.0038174
635.4 0.174889 1 0.173158 0.00173154
635.84 0.179949 1 0.174334 0.00561428
636.29 0.180009 1 0.175597 0.00441248
636.74 0.181069 1 0.176921 0.00414858
637.18 0.183128 1 0.178277 0.00485066
637.63 0.185188 1 0.17973 0.00545771
638.08 0.185247 1 0.181251 0.00399664
638.53 0.188307 1 0.182841 0.00546574
638.97 0.191364 1 0.184465 0.00689989
639.42 0.194423 1 0.186197 0.00822663
639.87 0.195482 1 0.188002 0.00747966
640.32 0.19954 1 0.189882 0.00965813
640.76 0.202597 1 0.191792 0.0108044
641.21 0.201655 1 0.193821 0.00783392
641.66 0.204712 1 0.195924 0.0087879
642.1 0.205768 1 0.198054 0.00771456
642.55 0.207825 1 0.200305 0.00752021
643 0.210882 1 0.20263 0.00825201
643.44 0.211937 1 0.204973 0.00696398
643.89 0.216993 1 0.20744 0.00955366
644.34 0.217049 1 0.209975 0.00707416
644.79 0.219105 1 0.212577 0.00652776
645.23 0.223159 1 0.215183 0.00797581
645.68 0.225214 1 0.217909 0.00730527
646.13 0.229269 1 0.220693 0.00857683
646.57 0.231323 1 0.223466 0.00785669
647.02 0.231377 1 0.226352 0.00502527
647.47 0.233431 1 0.229283 0.00414834
647.91 0.235484 1 0.232188 0.00329606
648.36 0.241538 1 0.235194 0.00634394
648.81 0.244591 1 0.238229 0.00636202
649.25 0.245643 1 0.241219 0.00442329
649.7 0.245696 1 0.244295 0.00140038
650.15 0.248748 1 0.247382 0.00136647
650.59 0.252799 1 0.250403 0.00239603
651.04 0.253851 1 0.25349 0.000361143
651.48 0.254902 1 0.256498 -0.00159615
651.93 0.259953 1 0.259556 0.000397342
652.38 0.263004 1 0.262587 0.000416958
652.82 0.264054 1 0.265518 -0.00146409
653.27 0.265105 1 0.268473 -0.00336855
653.72 0.268155 1 0.271377 -0.00322204
654.16 0.270204 1 0.274158 -0.00395459
654.61 0.271254 1 0.276935 -0.00568187
655.06 0.274303 1 0.279635 -0.00533235
655.5 0.276351 1 0.282192 -0.00584127
655.95 0.2754 1 0.284714 -0.00931411
656.39 0.278448 1 0.28708 -0.00863271
656.84 0.280496 1 0.28939 -0.00889403
657.29 0.280544 1 0.29158 -0.0110358
657.73 0.283591 1 0.293597 -0.0100063
658.18 0.287638 1 0.295526 -0.00788727
658.62 0.285685 1 0.297272 -0.0115876
659.07 0.288731 1 0.298909 -0.0101771
659.52 0.291778 1 0.300386 -0.00860834
659.96 0.293823 1 0.301671 -0.00784797
660.41 0.29187 1 0.302815 -0.0109459
660.85 0.291914 1 0.303762 -0.0118475
661.3 0.29196 1 0.304548 -0.0125881
661.74 0.298004 1 0.305134 -0.00712973
662.19 0.296049 1 0.305541 -0.00949233
662.64 0.296093 1 0.305751 -0.00965716
663.08 0.298137 1 0.30576 -0.00762348
663.53 0.297181 1 0.305567 -0.00838663
663.97 0.298224 1 0.305178 -0.0069546
664.42 0.297267 1 0.304573 -0.00730571
664.86 0.301309 1 0.303777 -0.00246739
665.31 0.299352 1 0.302753 -0.00340066
665.75 0.297394 1 0.301546 -0.00415267
666.2 0.297436 1 0.300103 -0.002667
666.65 0.297478 1 0.298448 -0.000970593
667.09 0.297518 1 0.296628 0.000890411
667.54 0.29556 1 0.294561 0.000998503
667.98 0.2956 1 0.292343 0.00325739
668.43 0.291641 1 0.289874 0.00176651
668.87 0.29368 1 0.287269 0.00641066
669.32 0.29172 1 0.284415 0.00730567
669.76 0.287759 1 0.281441 0.00631818
670.21 0.286799 1 0.278219 0.00857976
670.65 0.284837 1 0.274897 0.00993978
671.1 0.280876 1 0.271331 0.00954469
671.54 0.275914 1 0.267686 0.00822775
671.99 0.273952 1 0.263803 0.0101493
672.43 0.268989 1 0.259861 0.00912772
672.88 0.264027 1 0.255691 0.00833612
673.32 0.262063 1 0.251484 0.0105796
673.77 0.2571 1 0.247058 0.0100426
674.21 0.254136 1 0.242618 0.0115184
674.66 0.250172 1 0.237971 0.0122017
675.1 0.243208 1 0.233332 0.00987562
675.55 0.240243 1 0.2285 0.0117435
675.99 0.234278 1 0.223698 0.0105801
676.44 0.230313 1 0.218717 0.011596
676.88 0.222347 1 0.213788 0.00855927
677.33 0.215382 1 0.208696 0.00668623
677.77 0.208415 1 0.203675 0.0047401
678.22 0.206449 1 0.198508 0.00794144
678.66 0.202482 1 0.193431 0.00905032
679.11 0.194515 1 0.188225 0.00629008
679.55 0.188547 1 0.183128 0.00541937
679.99 0.181579 1 0.178033 0.00354637
680.44 0.177611 1 0.172832 0.00477928
680.88 0.169642 1 0.167765 0.0018777
681.33 0.166674 1 0.162608 0.00406556
681.77 0.157704 1 0.157599 0.000105013
682.22 0.152735 1 0.152517 0.000217904
682.66 0.146765 1 0.147595 -0.000829692
683.11 0.139796 1 0.142615 -0.00281922
683.55 0.136825 1 0.137804 -0.000979391
683.99 0.129854 1 0.133057 -0.00320381
684.44 0.123883 1 0.128275 -0.00439158
684.88 0.118911 1 0.123673 -0.00476156
685.33 0.11194 1 0.119048 -0.007108
685.77 0.107967 1 0.114609 -0.00664198
686.21 0.103995 1 0.110258 -0.00626293
686.66 0.0990223 1 0.1059 -0.00687789
687.1 0.093049 1 0.101734 -0.00868488
687.55 0.0900759 1 0.097572 -0.00749614
687.99 0.0881019 1 0.0936021 -0.00550024
688.44 0.0831281 1 0.0896457 -0.00651766
688.88 0.0791534 1 0.0858805 -0.00672711
689.32 0.0771784 1 0.0822187 -0.00504029
689.77 0.0702036 1 0.0785816 -0.00837804
690.21 0.0672279 1 0.0751318 -0.00790387
690.65 0.0632519 1 0.0717875 -0.00853564
691.1 0.0582761 1 0.0684766 -0.0102006
691.54 0.0572994 1 0.0653462 -0.00804682
691.99 0.0553228 1 0.0622534 -0.00693061
692.43 0.0503455 1 0.0593353 -0.00898981
692.87 0.0473677 1 0.0565209 -0.00915315
693.32 0.0443902 1 0.0537488 -0.00935864
693.76 0.0444118 1 0.051141 -0.00672921
694.2 0.041433 1 0.0486332 -0.00720017
694.65 0.0394544 1 0.0461703 -0.00671582
695.09 0.038475 1 0.0438598 -0.00538482
695.53 0.0354952 1 0.0416442 -0.00614894
695.98 0.0345156 1 0.0394741 -0.00495856
696.42 0.0295351 1 0.037444 -0.00790887
696.86 0.0295543 1 0.0355022 -0.00594794
697.31 0.0275736 1 0.0336054 -0.00603186
697.75 0.0255921 1 0.0318355 -0.0062434
698.19 0.0216102 1 0.0301468 -0.00853657
698.64 0.0236284 1 0.0285012 -0.00487283
699.08 0.0216459 1 0.0269694 -0.00532358
699.52 0.019663 1 0.0255114 -0.00584843
699.97 0.0206801 1 0.0240939 -0.00341378
700.41 0.0216965 1 0.0227773 -0.0010808
700.85 0.0167125 1 0.0215268 -0.00481428
701.3 0.0177285 1 0.0203136 -0.00258509
701.74 0.0127439 1 0.0191892 -0.00644531
702.18 0.0157588 1 0.0181233 -0.00236446
702.63 0.0127738 1 0.0170912 -0.00431745
703.07 0.013788 1 0.0161364 -0.00234838
703.51 0.0118019 1 0.0152329 -0.00343099
703.96 0.0108158 1 0.0143596 -0.00354383
704.4 0.0108289 1 0.013553 -0.00272402
704.84 0.00984175 1 0.0127909 -0.00294912
705.28 0.0108542 1 0.0120712 -0.00121699
705.73 0.00686657 1 0.0113769 -0.00451032
706.17 0.00587829 1 0.0107368 -0.00485846
706.61 0.00688966 1 0.010133 -0.00324333
707.06 0.00590091 1 0.00955117 -0.00365026
707.5 0.00491154 1 0.00901531 -0.00410377
707.94 0.00692181 1 0.00851037 -0.00158856
708.38 0.00293171 1 0.00803468 -0.00510297
708.83 0.00594146 1 0.00757678 -0.00163532
709.27 0.00395062 1 0.00715545 -0.00320483
709.71 0.00395942 1 0.00675876 -0.00279935
710.15 0.000967845 1 0.00638531 -0.00541746
710.6 0.00497608 1 0.00602602 -0.00104993
711.04 0.00298376 1 0.00569557 -0.0027118
711.48 0.00199107 1 0.00538452 -0.00339345
711.92 0.00399801 1 0.00509174 -0.00109373
712.37 0.00400473 1 0.00481007 -0.000805345
712.81 0.00201091 1 0.00455098 -0.00254007
713.25 1.67285e-05 1 0.00430705 -0.00429032
713.69 0.00202217 1 0.00407735 -0.00205518
714.13 2.72327e-05 1 0.00386103 -0.00383379
714.58 -0.000967976 1 0.00365276 -0.00462074
715.02 3.63276e-05 1 0.00346103 -0.0034247
715.46 -0.00195975 1 0.00328033 -0.00524007
715.9 -0.000956198 1 0.00310998 -0.00406618
716.35 4.70394e-05 1 0.00294581 -0.00289877
716.79 4.98205e-05 1 0.00279449 -0.00274467
717.23 5.22212e-05 1 0.0026517 -0.00259948
717.67 -0.000945759 1 0.00251691 -0.00346267
718.11 -0.00194412 1 0.00238963 -0.00433375
718.56 -0.00194284 1 0.00226673 -0.00420957
719 -0.00294198 1 0.00215323 -0.00509521
719.44 -0.000941504 1 0.00204593 -0.00298743
719.88 5.85887e-05 1 0.00194443 -0.00188584
720.32 0.0010583 1 0.00184839 -0.00079009
720.76 -0.00394239 1 0.00175746 -0.00569985
721.21 0.00205652 1 0.00166944 0.000387074
721.65 -0.000944947 1 0.00158795 -0.0025329
722.09 0.0010532 1 0.0015107 -0.000457504
722.53 0.00105095 1 0.00143745 -0.000386492
722.97 4.83201e-05 1 0.00136795 -0.00131963
723.41 0.00104529 1 0.00130199 -0.000256695
723.86 4.17927e-05 1 0.00123798 -0.00119618
724.3 -0.000962028 1 0.00117856 -0.00214059
724.74 -0.000966243 1 0.0011221 -0.00208835
725.18 0.00202915 1 0.00106844 0.000960708
725.62 -0.00197586 1 0.00101741 -0.00299327
726.06 1.87426e-05 1 0.000968878 -0.000950136
726.5 -0.00198706 1 0.000922699 -0.00290975
726.95 6.60343e-06 1 0.000877775 -0.000871171
727.39 0 1 0.000835981 -0.000835981
727.83 0.000992998 1 0.000796183 0.000196815
728.27 -1.44012e-05 1 0.000758276 -0.000772677
728.71 -0.00302219 1 0.000722164 -0.00374436
729.15 -3.03787e-05 1 0.000687754 -0.000718132
729.59 -3.89518e-05 1 0.00065496 -0.000693911
730.03 0.000952089 1 0.000623701 0.000328388
730.48 0.00094253 1 0.00059324 0.000349289
730.92 -6.72023e-05 1 0.000564859 -0.000632062
731.36 0.000922688 1 0.000537797 0.000384891
731.8 0.000912203 1 0.000511989 0.000400213
732.24 0.00190134 1 0.000487377 0.00141397
732.68 0.00289012 1 0.000463903 0.00242621
733.12 0.00187852 1 0.000441515 0.00143701
733.56 0.000866562 1 0.000420161 0.000446401
734 0.00285424 1 0.000399793 0.00245445
734.44 0.00284156 1 0.000380366 0.00246119
734.89 0.000828221 1 0.000361426 0.000466795
735.33 0.00181482 1 0.000343773 0.00147105
735.77 0.00180107 1 0.000326937 0.00147413
736.21 0.000786971 1 0.000310881 0.00047609
736.65 0.00377253 1 0.00029557 0.00347695
737.09 0.000757737 1 0.000280971 0.000476765
737.53 0.00274261 1 0.000267052 0.00247556
737.97 0.00572714 1 0.000253783 0.00547336
738.41 0.00471134 1 0.000241133 0.0044702
738.85 0.000695203 1 0.000229077 0.000466127
739.29 0.000678738 1 0.000217586 0.000461152
739.73 0.00266195 1 0.000206637 0.00245531
740.17 0.00264483 1 0.000196206 0.00244862
740.61 0.00462739 1 0.000186268 0.00444112
741.05 0.00460963 1 0.000176802 0.00443283
741.49 0.00059156 1 0.000167787 0.000423772
741.93 0.00157317 1 0.000159203 0.00141397
742.37 0.00355447 1 0.000151031 0.00340344
742.81 0.00253546 1 0.000143252 0.00239221
743.26 0.00251571 1 0.000135684 0.00238002
743.7 0.00249608 1 0.000128647 0.00236744
744.14 0.00047616 1 0.000121952 0.000354209
744.58 0.00245594 1 0.000115583 0.00234036
745.02 0.00243542 1 0.000109527 0.00232589
745.46 -0.000585388 1 0.000103767 -0.000689156
745.9 0.00339351 1 9.82923e-05 0.00329522
746.34 0.00237213 1 9.3088e-05 0.00227904
746.78 0.00235045 1 8.81422e-05 0.00226231
747.22 0.0023285 1 8.3443e-05 0.00224506
747.66 0.00130627 1 7.8979e-05 0.00122729
748.1 0.000283762 1 7.47392e-05 0.000209023
748.54 0.00126098 1 7.07132e-05 0.00119027
748.98 -0.000762074 1 6.68909e-05 -0.000828965
749.42 0.0022146 1 6.32628e-05 0.00215134
749.86 0.00319102 1 5.98197e-05 0.0031312
750.29 0.00216771 1 5.66251e-05 0.00211109
750.73 0.00214361 1 5.35224e-05 0.00209008
751.17 -0.000880757 1 5.05796e-05 -0.000931336
751.61 0.00209463 1 4.77892e-05 0.00204684
752.05 0.00106975 1 4.51438e-05 0.00102461
752.49 0.00204463 1 4.26363e-05 0.002002
752.93 0.00401927 1 4.02602e-05 0.00397901
753.37 0.00199365 1 3.80088e-05 0.00195565
753.81 -3.21996e-05 1 3.58763e-05 -6.80759e-05
754.25 0.00194171 1 3.38566e-05 0.00190785
754.69 0.000915378 1 3.19443e-05 0.000883433
755.13 0.00188881 1 3.0134e-05 0.00185868
755.57 0.00086202 1 2.84206e-05 0.000833599
756.01 0.000834997 1 2.67992e-05 0.000808198
756.45 0.000807748 1 2.52654e-05 0.000782483
756.89 0.00178028 1 2.38145e-05 0.00175646
757.33 0.00475258 1 2.24425e-05 0.00473014
757.77 -0.00127533 1 2.11453e-05 -0.00129647
758.21 0.00169655 1 1.99191e-05 0.00167663
758.64 -0.000331143 1 1.87859e-05 -0.000349929
759.08 0.000640314 1 1.76895e-05 0.000622624
759.52 0.00361156 1 1.66538e-05 0.00359491
759.96 -0.000417391 1 1.56755e-05 -0.000433067
760.4 0.00155345 1 1.47518e-05 0.0015387
760.84 -0.000475903 1 1.38798e-05 -0.000489783
761.28 -0.000505455 1 1.30566e-05 -0.000518512
761.72 -0.0045352 1 1.22799e-05 -0.00454748
762.16 0.000434862 1 1.1547e-05 0.000423315
762.6 -0.00159526 1 1.08557e-05 -0.00160612
763.03 -0.000624885 1 1.02181e-05 -0.000635103
763.47 0.000344625 1 9.60259e-06 0.000335022
763.91 -0.00268605 1 9.02231e-06 -0.00269507
764.35 -0.000716895 1 8.4754e-06 -0.000725371
764.79 0.00225208 1 7.96005e-06 0.00224412
765.23 0.000220884 1 7.47454e-06 0.000213409
765.67 -0.00181048 1 7.01724e-06 -0.0018175
766.11 0.00115798 1 6.58659e-06 0.0011514
766.54 0.00112701 1 6.19008e-06 0.00112082
766.98 -0.00090485 1 5.8079e-06 -0.000910658
767.42 -0.00293687 1 5.44822e-06 -0.00294231
767.86 -0.000969038 1 5.10979e-06 -0.000974148
768.3 -1.36492e-06 1 4.79143e-06 -6.15634e-06
768.74 0.00196616 1 4.492e-06 0.00196167
769.17 -6.57259e-05 1 4.21664e-06 -6.99425e-05
769.61 0.000901505 1 3.95157e-06 0.000897554
770.05 -0.00213141 1 3.70241e-06 -0.00213511
770.49 -0.00116446 1 3.46827e-06 -0.00116793
770.93 -0.00119765 1 3.24829e-06 -0.0012009
771.37 -0.00223098 1 3.04165e-06 -0.00223402
771.8 -0.000263674 1 2.85186e-06 -0.000266526
772.24 -0.00129726 1 2.66938e-06 -0.00129993
772.68 -0.00433097 1 2.49808e-06 -0.00433347
773.12 -0.00336481 1 2.3373e-06 -0.00336715
773.56 -0.000398772 1 2.18643e-06 -0.000400958
774 -0.00343285 1 2.04489e-06 -0.0034349
774.43 -0.00146627 1 1.91505e-06 -0.00146818
774.87 -0.00250058 1 1.79037e-06 -0.00250237
775.31 -0.001535 1 1.67347e-06 -0.00153667
775.75 0.000430477 1 1.56389e-06 0.000428913
776.19 -0.00160416 1 1.46119e-06 -0.00160562
776.62 0.0013619 1 1.36708e-06 0.00136053
777.06 -0.00267294 1 1.2768e-06 -0.00267422
777.5 -0.00170787 1 1.19225e-06 -0.00170907
777.94 -0.0027429 1 1.11307e-06 -0.00274402
778.37 -0.00277723 1 1.04057e-06 -0.00277827
778.81 0.00118756 1 9.71078e-07 0.00118659
779.25 -0.00284773 1 9.06046e-07 -0.00284864
779.69 -0.00388312 1 8.452e-07 -0.00388396
780.13 -0.00391858 1 7.88281e-07 -0.00391937
780.56 -0.00195332 1 7.3622e-07 -0.00195405
781 0.00201106 1 6.86368e-07 0.00201038
781.44 0.00097537 1 6.39765e-07 0.00097473
781.88 -0.0020604 1 5.96206e-07 -0.00206099
782.31 0.000904586 1 5.56396e-07 0.000904029
782.75 0.00286869 1 5.18308e-07 0.00286817
783.19 0.00283272 1 4.8273e-07 0.00283224
783.63 -0.0012033 1 4.49505e-07 -0.00120375
784.06 -0.00423856 1 4.19164e-07 -0.00423898
784.5 -0.000274697 1 3.90159e-07 -0.000275087
784.94 -0.00231089 1 3.63089e-07 -0.00231125
785.37 -0.0013463 1 3.38383e-07 -0.00134664
785.81 -0.00138259 1 3.1478e-07 -0.0013829
786.25 -0.00441892 1 2.92765e-07 -0.00441921
786.69 -0.00445529 1 2.72235e-07 -0.00445556
787.12 -0.00249088 1 2.53514e-07 -0.00249113
787.56 -0.000527327 1 2.35643e-07 -0.000527563
788 -0.00456381 1 2.18988e-07 -0.00456403
788.43 -0.0025995 1 2.0381e-07 -0.0025997
788.87 -0.00263604 1 1.8933e-07 -0.00263623
789.31 -0.00167261 1 1.75843e-07 -0.00167279
789.75 -0.000709207 1 1.63284e-07 -0.00070937
790.18 -0.00674499 1 1.51849e-07 -0.00674514
790.62 -0.00278162 1 1.40948e-07 -0.00278176
791.06 0.00218173 1 1.30803e-07 0.0021816
791.49 -0.0018541 1 1.21572e-07 -0.00185422
791.93 -0.00389078 1 1.12777e-07 -0.00389089
792.37 -0.0109275 1 1.04598e-07 -0.0109276
792.8 -0.00196331 1 9.71589e-08 -0.00196341
793.24 0 1 9.00766e-08 -9.00766e-08
793.68 -0.00203669 1 8.34938e-08 -0.00203677
794.11 -0.00107254 1 7.75106e-08 -0.00107262
794.55 -0.00610922 1 7.18177e-08 -0.0061093
794.99 -0.0021459 1 6.65296e-08 -0.00214596
795.42 -0.00218173 1 6.17261e-08 -0.00218179
795.86 -0.00221838 1 5.71584e-08 -0.00221843
796.3 -0.00125501 1 5.2918e-08 -0.00125506
796.73 -0.00729079 1 4.90687e-08 -0.00729084
797.17 -0.00132739 1 4.54105e-08 -0.00132743
797.61 -0.00436396 1 4.20167e-08 -0.004364
798.04 -0.00939967 1 3.89376e-08 -0.00939971
798.48 -0.00643619 1 3.60132e-08 -0.00643622
798.91 -0.00547184 1 3.33612e-08 -0.00547188
799.35 -0.00250829 1 3.08434e-08 -0.00250833
799.79 -0.00454471 1 2.85099e-08 -0.00454474
800.22 -0.00558026 1 2.63951e-08 -0.00558028
800.66 -0.00961659 1 2.43885e-08 -0.00961661
801.1 -0.00265287 1 2.25299e-08 -0.0026529
