500.34 0.00228884 1 2.07607e-06 0.00228677
500.8 0.000391383 1 2.23849e-06 0.000389144
501.25 0.000491698 1 2.40903e-06 0.000489289
501.71 -0.00140575 1 2.59609e-06 -0.00140835
502.17 -0.0023032 1 2.7969e-06 -0.002306
502.62 -0.00020288 1 3.00757e-06 -0.000205887
503.08 -0.000100326 1 3.23844e-06 -0.000103564
503.53 0 1 3.48052e-06 -3.48052e-06
503.99 0.00110255 1 3.74566e-06 0.00109881
504.44 -0.00179712 1 4.02351e-06 -0.00180114
504.9 -0.00169457 1 4.32766e-06 -0.00169889
505.36 -0.00259202 1 4.65353e-06 -0.00259667
505.81 -0.0024917 1 4.99471e-06 -0.00249669
506.27 -0.000389154 1 5.36789e-06 -0.000394522
506.72 -0.000288843 1 5.75838e-06 -0.000294601
507.18 -0.00118631 1 6.18525e-06 -0.00119249
507.63 -0.00208601 1 6.63167e-06 -0.00209264
508.09 -0.00198348 1 7.1194e-06 -0.0019906
508.54 -0.0018832 1 7.62918e-06 -0.00189083
509 -0.000780689 1 8.18581e-06 -0.000788875
509.45 -0.000680418 1 8.76729e-06 -0.000689185
509.91 0.000422073 1 9.40185e-06 0.000412671
510.36 -0.000477675 1 1.00643e-05 -0.000487739
510.82 0.0016248 1 1.07869e-05 0.00161401
511.27 -0.00127497 1 1.15409e-05 -0.00128651
511.73 -0.00117253 1 1.23627e-05 -0.00118489
512.19 -0.00207009 1 1.32394e-05 -0.00208333
512.64 -0.0009699 1 1.41534e-05 -0.000984054
513.1 0.00113251 1 1.51489e-05 0.00111736
513.55 -0.000767329 1 1.61861e-05 -0.000783516
514.01 -0.00266495 1 1.73152e-05 -0.00268227
514.46 -0.00056482 1 1.84909e-05 -0.000583311
514.92 -0.00346248 1 1.97699e-05 -0.00348225
515.37 -0.00336238 1 2.1101e-05 -0.00338348
515.83 -0.00126007 1 2.25483e-05 -0.00128262
516.28 -0.00016001 1 2.40537e-05 -0.000184063
516.73 -0.00205997 1 2.56529e-05 -0.00208562
517.19 -0.00195772 1 2.73901e-05 -0.00198511
517.64 -0.00385772 1 2.91956e-05 -0.00388691
518.1 -0.00175551 1 3.11557e-05 -0.00178667
518.55 -0.00165555 1 3.31917e-05 -0.00168875
519.01 -0.0045534 1 3.54009e-05 -0.0045888
519.46 -0.00145348 1 3.76943e-05 -0.00149118
519.92 -0.00235138 1 4.01813e-05 -0.00239156
520.37 -0.00225151 1 4.27615e-05 -0.00229427
520.83 -0.000149455 1 4.55581e-05 -0.000195014
521.28 -0.00304964 1 4.84578e-05 -0.0030981
521.74 -0.00394764 1 5.15988e-05 -0.00399924
522.19 -0.000847885 1 5.48538e-05 -0.000902739
522.65 -0.00374594 1 5.83776e-05 -0.00380432
523.1 -0.00164624 1 6.20272e-05 -0.00170827
523.55 -0.00254657 1 6.58877e-05 -0.00261246
524.01 -0.000444718 1 7.00633e-05 -0.000514781
524.46 -0.00134511 1 7.43843e-05 -0.00141949
524.92 -0.00224332 1 7.90553e-05 -0.00232238
525.37 -0.00314378 1 8.38862e-05 -0.00322766
525.83 -0.00204206 1 8.91055e-05 -0.00213116
526.28 -0.00394258 1 9.45002e-05 -0.00403708
526.73 -0.00184314 1 0.000100195 -0.00194333
527.19 -0.000741521 1 0.000106343 -0.000847864
527.64 0.00035785 1 0.000112691 0.000245158
528.1 -0.00254061 1 0.00011954 -0.00266015
528.55 -0.00244131 1 0.000126609 -0.00256792
529.01 -0.00233985 1 0.000134231 -0.00247408
529.46 -0.00124063 1 0.000142094 -0.00138272
529.91 -0.00314145 1 0.000150377 -0.00329182
530.37 -0.0010401 1 0.0001593 -0.0011994
530.82 -0.002941 1 0.000168496 -0.0031095
531.28 -0.00283975 1 0.000178398 -0.00301814
531.73 -0.00274073 1 0.000188596 -0.00292933
532.18 -0.000641756 1 0.000199325 -0.000841082
532.64 -0.00354063 1 0.000210867 -0.00375149
533.09 -0.000441743 1 0.000222744 -0.000664487
533.54 -0.0023429 1 0.000235229 -0.00257813
534 -0.00324191 1 0.000248647 -0.00349056
534.45 -0.00214316 1 0.000262443 -0.00240561
534.91 -0.00304227 1 0.000277263 -0.00331953
535.36 -0.00294361 1 0.000292491 -0.00323611
535.81 -0.00184501 1 0.000308475 -0.00215348
536.27 -0.000744262 1 0.000325629 -0.00106989
536.72 -0.00264576 1 0.000343241 -0.002989
537.17 -0.0015473 1 0.000361711 -0.00190901
537.63 -0.000446706 1 0.000381515 -0.000828221
538.08 -0.00334835 1 0.00040183 -0.00375018
538.54 -0.00224787 1 0.000423599 -0.00267147
538.99 -0.00314962 1 0.000445918 -0.00359554
539.44 0.000948575 1 0.000469289 0.000479286
539.9 -0.000951105 1 0.000494311 -0.00144542
540.35 -0.00185302 1 0.000519942 -0.00237296
540.8 -0.00175499 1 0.000546757 -0.00230175
541.26 -0.00265484 1 0.000575442 -0.00323028
541.71 -0.00255693 1 0.000604798 -0.00316173
542.16 0.000540929 1 0.000635484 -9.45552e-05
542.62 -0.0003591 1 0.00066828 -0.00102738
543.07 0.000738639 1 0.000701813 3.68252e-05
543.52 -0.00316368 1 0.000736836 -0.00390052
543.98 -6.38949e-05 1 0.000774232 -0.000838127
544.43 3.36616e-05 1 0.000812436 -0.000778774
544.88 0.00113116 1 0.0008523 0.000278856
545.34 0.000230753 1 0.000894829 -0.000664076
545.79 0.00132812 1 0.000938237 0.000389885
546.24 0.000425426 1 0.000983491 -0.000558065
546.69 -0.00147733 1 0.00103066 -0.00250799
547.15 -0.001378 1 0.00108092 -0.00245891
547.6 0.00271911 1 0.00113215 0.00158696
548.05 -0.00018385 1 0.0011855 -0.00136935
548.51 -8.47211e-05 1 0.0012423 -0.00132702
548.96 1.21842e-05 1 0.00130015 -0.00128797
549.41 0.000109021 1 0.00136034 -0.00125132
549.86 0.00220579 1 0.00142293 0.000782855
550.32 0.00230463 1 0.0014895 0.000815139
550.77 0.00140126 1 0.00155721 -0.000155946
551.22 0.00349782 1 0.00162757 0.00187025
551.68 0.000596442 1 0.00170232 -0.00110588
552.13 0.000692851 1 0.00177829 -0.00108544
552.58 0.00178919 1 0.00185716 -6.79758e-05
553.03 0.00188545 1 0.00193902 -5.35749e-05
553.49 0.000983772 1 0.00202588 -0.00104211
553.94 7.98821e-05 1 0.00211405 -0.00203417
554.39 0.00317592 1 0.00220548 0.000970433
554.84 0.00527187 1 0.00230026 0.00297161
555.3 0.00136988 1 0.0024007 -0.00103082
555.75 0.00446568 1 0.00250254 0.00196315
556.2 0.00456141 1 0.00260801 0.0019534
556.65 0.00265705 1 0.0027172 -6.01535e-05
557.11 0.00275473 1 0.00283278 -7.80485e-05
557.56 0.00585022 1 0.00294982 0.00290039
558.01 0.00394561 1 0.00307089 0.000874727
558.46 0.00704093 1 0.00319608 0.00384485
558.92 0.00413828 1 0.00332843 0.000809854
559.37 0.00623343 1 0.00346227 0.00277115
559.82 0.00332849 1 0.00360056 -0.000272065
560.27 0.00542347 1 0.00374338 0.00168009
560.72 0.00451837 1 0.00389084 0.000627526
561.18 0.00361528 1 0.00404649 -0.000431204
561.63 0.00571 1 0.00420365 0.00150635
562.08 0.00580463 1 0.00436577 0.00143886
562.53 0.00489918 1 0.00453295 0.00036623
562.99 0.00499573 1 0.00470918 0.000286552
563.44 0.00409009 1 0.0048869 -0.000796811
563.89 0.00618437 1 0.00507 0.00111436
564.34 0.00727855 1 0.00525858 0.00201997
564.79 0.00737264 1 0.00545273 0.00191991
565.25 0.00746872 1 0.00565707 0.00181165
565.7 0.00756263 1 0.00586282 0.00169981
566.15 0.00665644 1 0.00607445 0.000581991
566.6 0.00675015 1 0.00629206 0.000458094
567.05 0.00984377 1 0.00651575 0.00332802
567.5 0.0099373 1 0.00674562 0.00319168
567.96 0.0110328 1 0.00698708 0.00404572
568.41 0.0101261 1 0.00722973 0.0028964
568.86 0.00821936 1 0.00747883 0.000740527
569.31 0.00931249 1 0.00773448 0.00157801
569.76 0.0104055 1 0.00799677 0.00240875
570.21 0.00849846 1 0.00826578 0.000232682
570.67 0.00759336 1 0.00854779 -0.000954435
571.12 0.00968609 1 0.00883063 0.000855455
571.57 0.00977871 1 0.00912043 0.000658286
572.02 0.0108712 1 0.00941726 0.00145398
572.47 0.0119637 1 0.00972119 0.00224247
572.92 0.012056 1 0.0100323 0.00202369
573.37 0.0111482 1 0.0103506 0.000797579
573.83 0.0122423 1 0.0106836 0.00155879
574.28 0.0123344 1 0.0110167 0.00131767
574.73 0.0114262 1 0.0113572 6.90334e-05
575.18 0.012518 1 0.0117052 0.000812849
575.63 0.0136097 1 0.0120606 0.00154907
576.08 0.0127013 1 0.0124236 0.000277658
576.53 0.0117927 1 0.0127942 -0.00100142
576.98 0.0148841 1 0.0131723 0.00171181
577.44 0.0149774 1 0.0135667 0.00141069
577.89 0.0140685 1 0.0139602 0.000108296
578.34 0.0151595 1 0.0143613 0.000798156
578.79 0.0172504 1 0.0147701 0.00248026
579.24 0.0163412 1 0.0151866 0.00115462
579.69 0.0164319 1 0.0156106 0.000821231
580.14 0.0175224 1 0.0160423 0.00148011
580.59 0.0166129 1 0.0164816 0.000131272
581.04 0.0157032 1 0.0169285 -0.00122525
581.49 0.0197934 1 0.0173828 0.00241056
581.95 0.0188855 1 0.0178551 0.00103042
582.4 0.0189755 1 0.0183246 0.000650882
582.85 0.0180653 1 0.0188015 -0.000736169
583.3 0.0191551 1 0.0192857 -0.000130675
583.75 0.0202447 1 0.0197773 0.000467432
584.2 0.0213342 1 0.0202759 0.00105823
584.65 0.0174236 1 0.0207817 -0.0033582
585.1 0.0195128 1 0.0212946 -0.00178176
585.55 0.0206019 1 0.0218143 -0.00121236
586 0.0226909 1 0.0223408 0.000350119
586.45 0.0227798 1 0.022874 -9.42179e-05
586.9 0.0228686 1 0.0234138 -0.000545243
587.35 0.0239572 1 0.02396 -2.82431e-06
587.8 0.0250457 1 0.0245125 0.000533178
588.25 0.0231341 1 0.0250712 -0.00193709
588.71 0.0222243 1 0.0256484 -0.00342412
589.16 0.0253124 1 0.026219 -0.000906576
589.61 0.0284004 1 0.0267952 0.0016052
590.06 0.0274882 1 0.0273769 0.000111387
590.51 0.028576 1 0.0279638 0.000612177
590.96 0.0276636 1 0.0285558 -0.000892234
591.41 0.029751 1 0.0291527 0.000598363
591.86 0.0308384 1 0.0297542 0.00108418
592.31 0.0309256 1 0.0303601 0.000565443
592.76 0.0310126 1 0.0309703 4.23807e-05
593.21 0.0310996 1 0.0315843 -0.000484768
593.66 0.0311864 1 0.0322021 -0.00101576
594.11 0.033273 1 0.0328234 0.000449668
594.56 0.0333596 1 0.0334478 -8.82305e-05
595.01 0.0334459 1 0.0340751 -0.000629184
595.46 0.0375322 1 0.0347051 0.00282708
595.91 0.0356183 1 0.0353374 0.000280857
596.36 0.0367043 1 0.0359718 0.000732425
596.81 0.0387901 1 0.036608 0.00218208
597.26 0.0378758 1 0.0372457 0.000630139
597.71 0.0389613 1 0.0378845 0.0010769
598.16 0.0390468 1 0.0385241 0.000522676
598.61 0.041132 1 0.0391642 0.00196779
599.06 0.0412171 1 0.0398046 0.00141258
599.51 0.0383021 1 0.0404448 -0.00214264
599.96 0.042387 1 0.0410845 0.00130247
600.41 0.0424716 1 0.0417234 0.00074826
600.86 0.0435562 1 0.0423611 0.00119506
601.31 0.0426406 1 0.0429974 -0.000356775
601.76 0.0457248 1 0.0436317 0.0020931
602.21 0.0438089 1 0.0442639 -0.000454959
602.65 0.046891 1 0.0448795 0.0020115
603.1 0.0459748 1 0.0455063 0.000468566
603.55 0.0460585 1 0.0461297 -7.12418e-05
604 0.048142 1 0.0467496 0.00139243
604.45 0.0472254 1 0.0473654 -0.000140055
604.9 0.0493086 1 0.0479769 0.00133165
605.35 0.0513916 1 0.0485837 0.00280791
605.8 0.0474745 1 0.0491854 -0.00171093
606.25 0.0505572 1 0.0497818 0.000775489
606.7 0.0516398 1 0.0503723 0.00126751
607.15 0.0517223 1 0.0509568 0.00076547
607.6 0.0508045 1 0.0515348 -0.000730285
608.05 0.0518867 1 0.0521061 -0.000219425
608.5 0.0529686 1 0.0526702 0.000298376
608.95 0.0540504 1 0.053227 0.000823435
609.39 0.0551303 1 0.0537639 0.00136636
609.84 0.0562117 1 0.0543051 0.00190668
610.29 0.0542931 1 0.0548379 -0.000544849
610.74 0.0553742 1 0.0553622 1.2051e-05
611.19 0.0554553 1 0.0558776 -0.000422352
611.64 0.0585361 1 0.0563839 0.00215219
612.09 0.0566168 1 0.0568809 -0.000264072
612.54 0.0566973 1 0.0573682 -0.00067093
612.99 0.0597777 1 0.0578458 0.00193183
613.44 0.0548578 1 0.0583135 -0.00345562
613.88 0.0589361 1 0.0587609 0.000175182
614.33 0.0550159 1 0.0592084 -0.00419241
614.78 0.0580956 1 0.0596454 -0.00154977
615.23 0.0591752 1 0.060072 -0.000896803
615.68 0.0602545 1 0.060488 -0.000233428
616.13 0.0603337 1 0.0608933 -0.000559599
616.58 0.0594127 1 0.061288 -0.0018753
617.03 0.0574916 1 0.0616721 -0.00418054
617.47 0.0595685 1 0.0620374 -0.00246892
617.92 0.061647 1 0.0624006 -0.000753616
618.37 0.0617254 1 0.0627534 -0.00102808
618.82 0.0618035 1 0.063096 -0.00129244
619.27 0.0598815 1 0.0634284 -0.00354689
619.72 0.0589593 1 0.063751 -0.00479165
620.17 0.062037 1 0.0640639 -0.00202697
620.61 0.0601127 1 0.064361 -0.00424822
621.06 0.06219 1 0.0646558 -0.00246581
621.51 0.0612671 1 0.0649421 -0.00367499
621.96 0.0613441 1 0.0652203 -0.00387619
622.41 0.0634208 1 0.0654907 -0.0020699
622.86 0.0614974 1 0.0657541 -0.00425664
623.3 0.0635721 1 0.0660052 -0.00243306
623.75 0.0616484 1 0.0662561 -0.00460777
624.2 0.0647244 1 0.0665018 -0.00177738
624.65 0.0658003 1 0.0667429 -0.000942615
625.1 0.0628759 1 0.0669802 -0.00410426
625.54 0.0649498 1 0.0672094 -0.00225962
625.99 0.0650251 1 0.0674417 -0.00241665
626.44 0.0651002 1 0.0676729 -0.0025727
626.89 0.0651752 1 0.0679039 -0.00272875
627.34 0.0662499 1 0.0681358 -0.00188585
627.78 0.0663228 1 0.0683643 -0.0020415
628.23 0.0673972 1 0.0686011 -0.00120389
628.68 0.0664714 1 0.0688421 -0.00237067
629.13 0.0675455 1 0.0690885 -0.00154307
629.58 0.0656193 1 0.0693416 -0.00372235
630.02 0.0686913 1 0.0695968 -0.000905537
630.47 0.0677647 1 0.069867 -0.00210228
630.92 0.068838 1 0.0701479 -0.00130987
631.37 0.0699111 1 0.0704408 -0.000529705
631.81 0.0699823 1 0.0707402 -0.000757868
632.26 0.071055 1 0.0710612 -6.14207e-06
632.71 0.0731275 1 0.0713985 0.00172904
633.16 0.0721998 1 0.0717536 0.00044621
633.61 0.0722719 1 0.072128 0.000143891
634.05 0.0733422 1 0.0725142 0.00082803
634.5 0.0754139 1 0.0729311 0.00248283
634.95 0.0754854 1 0.0733717 0.00211378
635.4 0.0745568 1 0.0738373 0.000719446
635.84 0.0766263 1 0.0743182 0.00230808
636.29 0.0776972 1 0.0748376 0.00285964
636.74 0.077768 1 0.0753861 0.00238186
637.18 0.0788369 1 0.0759518 0.00288509
637.63 0.0799072 1 0.0765617 0.00334558
638.08 0.0809774 1 0.0772042 0.00377313
638.53 0.0810473 1 0.0778806 0.00316668
638.97 0.0821155 1 0.0785756 0.00353989
639.42 0.084185 1 0.0793216 0.0048634
639.87 0.0852543 1 0.080104 0.00515031
640.32 0.0843234 1 0.0809235 0.00339995
640.76 0.0883908 1 0.0817611 0.00662971
641.21 0.0864595 1 0.0826553 0.0038042
641.66 0.087528 1 0.0835878 0.00394021
642.1 0.0885948 1 0.0845366 0.00405812
642.55 0.0896628 1 0.085545 0.00411787
643 0.0917307 1 0.0865914 0.00513928
643.44 0.0907969 1 0.0876511 0.00314572
643.89 0.0928643 1 0.0887718 0.00409257
644.34 0.0949316 1 0.0899289 0.00500271
644.79 0.0969986 1 0.0911215 0.00587707
645.23 0.0970639 1 0.092321 0.00474291
645.68 0.0981306 1 0.0935806 0.00454995
646.13 0.100197 1 0.0948719 0.00532509
646.57 0.101262 1 0.0961634 0.00509825
647.02 0.101328 1 0.0975121 0.00381552
647.47 0.0993934 1 0.0988868 0.000506548
647.91 0.102457 1 0.100254 0.00220351
648.36 0.105523 1 0.101673 0.00384963
648.81 0.105588 1 0.103111 0.00247696
649.25 0.107651 1 0.104532 0.00311937
649.7 0.106716 1 0.105998 0.000718186
650.15 0.10978 1 0.107473 0.00230732
650.59 0.108843 1 0.108922 -7.82798e-05
651.04 0.111907 1 0.110405 0.00150191
651.48 0.11097 1 0.111855 -0.000885459
651.93 0.112033 1 0.113333 -0.00129967
652.38 0.115097 1 0.114802 0.000294825
652.82 0.115158 1 0.116225 -0.0010671
653.27 0.117221 1 0.117665 -0.000443231
653.72 0.118284 1 0.119082 -0.000798173
654.16 0.118345 1 0.120443 -0.00209834
654.61 0.118407 1 0.121806 -0.00339851
655.06 0.121469 1 0.123134 -0.00166441
655.5 0.12053 1 0.124394 -0.00386474
655.95 0.119591 1 0.125641 -0.00604972
656.39 0.121651 1 0.126814 -0.00516245
656.84 0.120712 1 0.127962 -0.0072492
657.29 0.123773 1 0.129053 -0.0052798
657.73 0.124832 1 0.130062 -0.00522913
658.18 0.124893 1 0.131029 -0.00613627
658.62 0.124952 1 0.131909 -0.00695703
659.07 0.128012 1 0.132737 -0.00472491
659.52 0.130071 1 0.133488 -0.00341673
659.96 0.13013 1 0.134146 -0.00401619
660.41 0.130189 1 0.134736 -0.00454723
660.85 0.128247 1 0.13523 -0.0069832
661.3 0.130305 1 0.135646 -0.00534104
661.74 0.133363 1 0.135965 -0.00260223
662.19 0.132421 1 0.136197 -0.00377624
662.64 0.131479 1 0.136333 -0.00485388
663.08 0.133535 1 0.13637 -0.00283477
663.53 0.135593 1 0.13631 -0.000716432
663.97 0.132649 1 0.136152 -0.00350283
664.42 0.132706 1 0.13589 -0.00318324
664.86 0.132762 1 0.135533 -0.00277115
665.31 0.132819 1 0.135066 -0.00224741
665.75 0.133874 1 0.134509 -0.000635186
666.2 0.13093 1 0.133837 -0.00290685
666.65 0.130986 1 0.133061 -0.00207568
667.09 0.13104 1 0.132205 -0.00116435
667.54 0.130096 1 0.131228 -0.00113257
667.98 0.13015 1 0.130177 -2.75592e-05
668.43 0.133205 1 0.129005 0.00419918
668.87 0.130258 1 0.127767 0.00249118
669.32 0.130312 1 0.126408 0.0039049
669.76 0.128365 1 0.12499 0.00337502
670.21 0.128419 1 0.123454 0.00496556
670.65 0.125472 1 0.121869 0.00360289
671.1 0.124525 1 0.120167 0.00435816
671.54 0.121577 1 0.118427 0.00314995
671.99 0.12163 1 0.116574 0.00505605
672.43 0.119682 1 0.114694 0.00498797
672.88 0.116734 1 0.112705 0.00402951
673.32 0.115785 1 0.110699 0.00508588
673.77 0.111837 1 0.108591 0.00324624
674.21 0.112888 1 0.106478 0.00641029
674.66 0.107939 1 0.104267 0.00367189
675.1 0.106989 1 0.102063 0.00492609
675.55 0.10504 1 0.0997695 0.00527072
675.99 0.10509 1 0.0974927 0.00759705
676.44 0.10314 1 0.095134 0.00800614
676.88 0.0961892 1 0.0928028 0.00338639
677.33 0.0942391 1 0.0903978 0.00384133
677.77 0.0912877 1 0.0880303 0.00325737
678.22 0.090337 1 0.0855973 0.00473978
678.66 0.0853851 1 0.0832112 0.00217387
679.11 0.0834339 1 0.0807681 0.00266587
679.55 0.0814815 1 0.0783806 0.00310085
679.99 0.0785287 1 0.0759985 0.0025302
680.44 0.0745768 1 0.0735719 0.00100491
680.88 0.0726235 1 0.0712124 0.00141117
681.33 0.0706711 1 0.0688165 0.0018546
681.77 0.0697173 1 0.0664942 0.00322309
682.22 0.0657643 1 0.0641435 0.00162087
682.66 0.06081 1 0.0618719 -0.00106181
683.11 0.0588565 1 0.0595792 -0.000722702
683.55 0.0559017 1 0.0573703 -0.00146857
683.99 0.0559467 1 0.0551963 0.000750336
684.44 0.0519923 1 0.0530116 -0.00101925
684.88 0.0500367 1 0.0509155 -0.000878712
685.33 0.0450819 1 0.0488147 -0.00373286
685.77 0.0441258 1 0.0468047 -0.00267893
686.21 0.0441694 1 0.0448398 -0.000670384
686.66 0.0392137 1 0.0428784 -0.00366465
687.1 0.0362568 1 0.0410089 -0.00475216
687.55 0.0363006 1 0.0391477 -0.00284713
687.99 0.0363431 1 0.0373783 -0.00103514
688.44 0.0333863 1 0.035621 -0.00223462
688.88 0.0314284 1 0.0339545 -0.00252616
689.32 0.0284701 1 0.0323397 -0.00386957
689.77 0.0265125 1 0.0307418 -0.00422926
690.21 0.0225537 1 0.0292319 -0.00667822
690.65 0.0245946 1 0.027774 -0.00317938
691.1 0.0206362 1 0.0263365 -0.00570027
691.54 0.0216766 1 0.0249829 -0.00330635
691.99 0.0187176 1 0.0236514 -0.0049338
692.43 0.0177575 1 0.0224005 -0.00464308
692.87 0.016797 1 0.0211995 -0.00440248
693.32 0.0158372 1 0.020022 -0.00418476
693.76 0.0138762 1 0.0189194 -0.00504321
694.2 0.0149149 1 0.0178643 -0.00294931
694.65 0.0129543 1 0.0168331 -0.00387883
695.09 0.0119925 1 0.0158707 -0.00387829
695.53 0.0110304 1 0.0149526 -0.00392228
695.98 0.0120688 1 0.0140583 -0.00198943
696.42 0.00810618 1 0.0132262 -0.00511998
696.86 0.00714325 1 0.0124348 -0.00529151
697.31 0.00818087 1 0.0116662 -0.00348528
697.75 0.00721737 1 0.0109532 -0.00373585
698.19 0.0042536 1 0.0102772 -0.00602357
698.64 0.00429035 1 0.00962252 -0.00533217
699.08 0.00632601 1 0.00901707 -0.00269106
699.52 0.00336138 1 0.00844455 -0.00508317
699.97 0.00339727 1 0.00789175 -0.00449448
700.41 0.00543207 1 0.00738191 -0.00194984
700.85 0.00346659 1 0.00690112 -0.00343454
701.3 0.0035016 1 0.00643815 -0.00293655
701.74 -0.00046446 1 0.0060123 -0.00647676
702.18 0.000569198 1 0.00561176 -0.00504256
702.63 -0.000396675 1 0.00522705 -0.00562372
703.07 0.0026364 1 0.00487409 -0.00223768
703.51 0.00166919 1 0.00454292 -0.00287372
703.96 -0.00129757 1 0.00422561 -0.00552318
704.4 -0.000265359 1 0.00393518 -0.00420054
704.84 0.000766559 1 0.00366331 -0.00289675
705.28 -0.000201812 1 0.003409 -0.00361081
705.73 -0.00116977 1 0.00316606 -0.00433582
706.17 -0.00213872 1 0.00294434 -0.00508307
706.61 -0.00110798 1 0.00273737 -0.00384534
707.06 -0.00207683 1 0.00254005 -0.00461688
707.5 -0.00204668 1 0.00236032 -0.004407
707.94 -0.00201681 1 0.00219286 -0.00420967
708.38 -0.00298724 1 0.00203691 -0.00502416
708.83 -0.00195731 1 0.00188859 -0.0038459
709.27 -0.00192834 1 0.00175379 -0.00368213
709.71 -0.000899665 1 0.00162846 -0.00252813
710.15 -0.00287129 1 0.00151199 -0.00438327
710.6 -0.00184257 1 0.00140142 -0.00324399
711.04 -0.0028148 1 0.00130111 -0.00411591
711.48 -0.00278732 1 0.001208 -0.00399532
711.92 -0.00176015 1 0.00112161 -0.00288175
712.37 -0.00273266 1 0.00103971 -0.00377237
712.81 -0.00170609 1 0.000965513 -0.00267161
713.25 -0.00467983 1 0.00089672 -0.00557654
713.69 -0.00365386 1 0.00083295 -0.00448681
714.13 -0.0046282 1 0.000773847 -0.00540204
714.58 -0.00460226 1 0.00071788 -0.00532014
715.02 -0.00457722 1 0.000667217 -0.00524443
715.46 -0.00455247 1 0.000620276 -0.00517275
715.9 -0.00552803 1 0.000576783 -0.00610482
716.35 -0.00450336 1 0.000535605 -0.00503896
716.79 -0.00247954 1 0.000498332 -0.00297787
717.23 -0.00345602 1 0.000463791 -0.00391981
717.67 -0.00243282 1 0.000431781 -0.0028646
718.11 -0.00540992 1 0.00040211 -0.00581203
718.56 -0.00338683 1 0.000374003 -0.00376083
719 -0.00436455 1 0.00034854 -0.0047131
719.44 -0.00234259 1 0.000324924 -0.00266752
719.88 -0.00232095 1 0.000303014 -0.00262396
720.32 -0.00229961 1 0.00028268 -0.00258229
720.76 -0.00827858 1 0.000263804 -0.00854239
721.21 -0.0032574 1 0.00024589 -0.00350329
721.65 -0.00123701 1 0.000229632 -0.00146664
722.09 -0.00621693 1 0.000214522 -0.00643145
722.53 -0.00019717 1 0.000200472 -0.000397642
722.97 -0.00317772 1 0.000187404 -0.00336513
723.41 -0.00215859 1 0.000175244 -0.00233383
723.86 -0.00213935 1 0.000163674 -0.00230303
724.3 -0.00312086 1 0.000153146 -0.00327401
724.74 -0.00310269 1 0.000143336 -0.00324602
725.18 -0.00208483 1 0.000134189 -0.00221902
725.62 -0.0040673 1 0.000125658 -0.00419296
726.06 -0.00205008 1 0.000117698 -0.00216778
726.5 -0.00303319 1 0.000110266 -0.00314346
726.95 -0.00201624 1 0.000103172 -0.00211942
727.39 0 1 9.66957e-05 -9.66957e-05
727.83 -0.00198408 1 9.06416e-05 -0.00207472
728.27 -0.00396848 1 8.49797e-05 -0.00405346
728.71 -0.00495319 1 7.96825e-05 -0.00503287
729.15 -0.00193822 1 7.47245e-05 -0.00201295
729.59 7.64307e-05 1 7.00824e-05 6.3483e-06
730.03 -0.000909227 1 6.57343e-05 -0.000974961
730.48 -0.00189488 1 6.15709e-05 -0.00195645
730.92 -0.000881159 1 5.77583e-05 -0.000938918
731.36 -0.00286775 1 5.41839e-05 -0.00292193
731.8 -0.00185463 1 5.08319e-05 -0.00190547
732.24 0.000158175 1 4.76877e-05 0.000110488
732.68 0.00117069 1 4.47377e-05 0.00112595
733.12 0.000182902 1 4.19693e-05 0.000140932
733.56 0.00119482 1 3.93709e-05 0.00115545
734 0.00120645 1 3.69317e-05 0.00116952
734.44 0.00321779 1 3.46416e-05 0.00318315
734.89 0.000229087 1 3.24439e-05 0.000196643
735.33 0.000239845 1 3.04273e-05 0.000209418
735.77 -0.00074968 1 2.85334e-05 -0.000778213
736.21 0.00126051 1 2.67546e-05 0.00123376
736.65 0.00327043 1 2.50839e-05 0.00324534
737.09 0.000280065 1 2.35146e-05 0.00025655
737.53 -0.000710573 1 2.20405e-05 -0.000732614
737.97 0.00229852 1 2.0656e-05 0.00227786
738.41 0.00230733 1 1.93555e-05 0.00228798
738.85 0.00131589 1 1.81342e-05 0.00129775
739.29 -0.00167583 1 1.69871e-05 -0.00169282
739.73 -0.000667811 1 1.59099e-05 -0.000683721
740.17 -0.000660053 1 1.48984e-05 -0.000674951
740.61 0.00234745 1 1.39487e-05 0.0023335
741.05 0.00235469 1 1.3057e-05 0.00234163
741.49 -0.000638329 1 1.22201e-05 -0.000650549
741.93 0.0023684 1 1.14345e-05 0.00235697
742.37 0.00337488 1 1.06973e-05 0.00336419
742.81 0.00238111 1 1.00056e-05 0.00237111
743.26 0.00238723 1 9.34235e-06 0.00237789
743.7 0.00239297 1 8.73452e-06 0.00238423
744.14 0.00139846 1 8.16448e-06 0.00139029
744.58 0.000403709 1 7.62998e-06 0.000396079
745.02 0.000408722 1 7.12889e-06 0.000401593
745.46 -0.0015865 1 6.65922e-06 -0.00159316
745.9 0.00141804 1 6.21908e-06 0.00141182
746.34 0.000422353 1 5.80671e-06 0.000416546
746.78 0.000426434 1 5.42044e-06 0.000421014
747.22 0.000430288 1 5.05868e-06 0.00042523
747.66 -0.000566083 1 4.71997e-06 -0.000570803
748.1 0.000437323 1 4.40289e-06 0.00043292
748.54 0.000440508 1 4.10614e-06 0.000436401
748.98 0.000443473 1 3.82848e-06 0.000439645
749.42 0.00244622 1 3.56874e-06 0.00244265
749.86 0.00144876 1 3.32583e-06 0.00144543
750.29 0.00345103 1 3.10369e-06 0.00344793
750.73 0.000453146 1 2.89104e-06 0.000450254
751.17 -0.000544946 1 2.69231e-06 -0.000547638
751.61 0.00145676 1 2.50662e-06 0.00145425
752.05 0.000458256 1 2.33317e-06 0.000455922
752.49 -0.000540447 1 2.17119e-06 -0.000542619
752.93 -0.00053935 1 2.01996e-06 -0.00054137
753.37 0.00146155 1 1.87879e-06 0.00145967
753.81 0.00146226 1 1.74706e-06 0.00146051
754.25 -0.00153723 1 1.62417e-06 -0.00153886
754.69 0.00346309 1 1.50954e-06 0.00346158
755.13 0.00146322 1 1.40266e-06 0.00146182
755.57 0.000463167 1 1.30302e-06 0.000461864
756.01 -0.00153707 1 1.21015e-06 -0.00153828
756.45 -0.000537492 1 1.12363e-06 -0.000538616
756.89 -0.000538094 1 1.04303e-06 -0.000539137
757.33 0.00246113 1 9.67969e-07 0.00246016
757.77 -0.000539827 1 8.98086e-07 -0.000540725
758.21 0.00145904 1 8.33041e-07 0.00145821
758.64 0.00245778 1 7.7384e-07 0.002457
759.08 -0.00354369 1 7.17438e-07 -0.00354441
759.52 -0.000545322 1 6.6498e-07 -0.000545987
759.96 0.00045288 1 6.16203e-07 0.000452264
760.4 -0.00254908 1 5.7086e-07 -0.00254965
760.84 -0.0035512 1 5.28722e-07 -0.00355173
761.28 0.00144652 1 4.89571e-07 0.00144603
761.72 -0.00155592 1 4.53205e-07 -0.00155637
762.16 -0.00155851 1 4.19436e-07 -0.00155893
762.6 -0.00256125 1 3.88085e-07 -0.00256164
763.03 -0.00156408 1 3.59624e-07 -0.00156444
763.47 -0.00156712 1 3.32579e-07 -0.00156745
763.91 -0.0045703 1 3.0749e-07 -0.00457061
764.35 -0.00357363 1 2.84222e-07 -0.00357391
764.79 0.0024229 1 2.62649e-07 0.00242264
765.23 0.000419297 1 2.42652e-07 0.000419054
765.67 -0.00158445 1 2.24122e-07 -0.00158467
766.11 0.00241167 1 2.06954e-07 0.00241147
766.54 -0.000592248 1 1.91402e-07 -0.000592439
766.98 -0.00159639 1 1.76653e-07 -0.00159656
767.42 -0.00160066 1 1.62999e-07 -0.00160082
767.86 0.000394947 1 1.50363e-07 0.000394797
768.3 -0.000609572 1 1.38672e-07 -0.000609711
768.74 0.000385786 1 1.27857e-07 0.000385658
769.17 -0.000618866 1 1.18075e-07 -0.000618984
769.61 0.00137626 1 1.08813e-07 0.00137615
770.05 -0.00262874 1 1.00252e-07 -0.00262884
770.49 -0.00163384 1 9.23412e-08 -0.00163393
770.93 0.00136094 1 8.50333e-08 0.00136086
771.37 -0.00264439 1 7.8284e-08 -0.00264446
771.8 0.000350305 1 7.21885e-08 0.000350233
772.24 -0.00265523 1 6.64257e-08 -0.0026553
772.68 -0.00266087 1 6.11076e-08 -0.00266093
773.12 -0.00066661 1 5.62011e-08 -0.000666666
773.56 -0.000672448 1 5.16756e-08 -0.0006725
774 -0.000678383 1 4.75025e-08 -0.00067843
774.43 -0.00468427 1 4.37395e-08 -0.00468432
774.87 -0.00369039 1 4.01873e-08 -0.00369043
775.31 -0.000696601 1 3.69143e-08 -0.000696638
775.75 -0.0017029 1 3.38993e-08 -0.00170293
776.19 0.00229072 1 3.11227e-08 0.00229069
776.62 -0.000715597 1 2.86222e-08 -0.000715626
777.06 -0.00272214 1 2.62648e-08 -0.00272217
777.5 -0.00172877 1 2.40955e-08 -0.00172879
777.94 -0.000735468 1 2.20998e-08 -0.00073549
778.37 -0.00074209 1 2.03043e-08 -0.00074211
778.81 0.000251063 1 1.86134e-08 0.000251044
779.25 0.000244145 1 1.7059e-08 0.000244128
779.69 -0.00276284 1 1.56304e-08 -0.00276286
780.13 -0.00276989 1 1.43179e-08 -0.00276991
780.56 -0.00277685 1 1.31386e-08 -0.00277686
781 -0.000784027 1 1.20293e-08 -0.000784039
781.44 -0.000791265 1 1.10109e-08 -0.000791276
781.88 -0.00079856 1 1.00762e-08 -0.00079857
782.31 0.00119426 1 9.23722e-09 0.00119425
782.75 0.000186853 1 8.44888e-09 0.000186845
783.19 -0.000820602 1 7.72588e-09 -0.000820609
783.63 0.00117189 1 7.06297e-09 0.00117189
784.06 -0.00183548 1 6.46854e-09 -0.00183549
784.5 -0.00184308 1 5.91057e-09 -0.00184308
784.94 0.00114928 1 5.39937e-09 0.00114928
785.37 -0.00285822 1 4.94134e-09 -0.00285822
785.81 -0.00386594 1 4.51172e-09 -0.00386594
786.25 -0.00387369 1 4.11842e-09 -0.00387369
786.69 -0.00288147 1 3.75846e-09 -0.00288148
787.12 -0.00288912 1 3.43626e-09 -0.00288912
787.56 0.00110304 1 3.13437e-09 0.00110303
788 -0.00390484 1 2.85827e-09 -0.00390484
788.43 -0.00291256 1 2.61133e-09 -0.00291256
788.87 -0.00192048 1 2.38013e-09 -0.00192049
789.31 -0.00392843 1 2.16884e-09 -0.00392843
789.75 0.00106361 1 1.97582e-09 0.0010636
790.18 -0.0049442 1 1.80335e-09 -0.0049442
790.62 -0.00295219 1 1.64204e-09 -0.00295219
791.06 -0.0039602 1 1.49478e-09 -0.0039602
791.49 -0.00196804 1 1.36331e-09 -0.00196804
791.93 -0.00497607 1 1.24043e-09 -0.00497607
792.37 -0.0059841 1 1.12834e-09 -0.0059841
792.8 -0.00499196 1 1.02834e-09 -0.00499196
793.24 0 1 9.34953e-10 -9.34953e-10
793.68 -0.00500804 1 8.49832e-10 -0.00500804
794.11 -1.58976e-05 1 7.7395e-10 -1.58984e-05
794.55 -0.00202393 1 7.03137e-10 -0.00202393
794.99 -0.00203196 1 6.38642e-10 -0.00203196
795.42 -0.0030398 1 5.81191e-10 -0.0030398
795.86 -0.00404781 1 5.27619e-10 -0.00404781
796.3 -0.0020558 1 4.78865e-10 -0.00205581
796.73 -0.00306361 1 4.35468e-10 -0.00306361
797.17 -0.00307157 1 3.95033e-10 -0.00307157
797.61 -0.00507952 1 3.58261e-10 -0.00507952
798.04 -0.00708726 1 3.25556e-10 -0.00708726
798.48 -0.00509516 1 2.95105e-10 -0.00509516
798.91 -0.00510286 1 2.68035e-10 -0.00510286
799.35 -0.00811071 1 2.42843e-10 -0.00811071
799.79 -0.00211853 1 2.19964e-10 -0.00211853
800.22 -0.00612614 1 1.9964e-10 -0.00612614
800.66 -0.00713389 1 1.80741e-10 -0.00713389
801.1 -0.00214161 1 1.6359e-10 -0.00214161
