500.34 -0.000633182 1 5.16528e-05 -0.000684834
500.8 0.000458116 1 5.48996e-05 0.000403216
501.25 0.00254743 1 5.82607e-05 0.00248917
501.71 0.00263874 1 6.18958e-05 0.00257684
502.17 -0.000269957 1 6.5743e-05 -0.0003357
502.62 -0.000180634 1 6.97229e-05 -0.000250357
503.08 -0.00308932 1 7.40242e-05 -0.00316335
503.53 0 1 7.84718e-05 -7.84718e-05
503.99 0.00109131 1 8.32763e-05 0.00100803
504.44 0.00118063 1 8.82419e-05 0.00109239
504.9 0.000271942 1 9.36035e-05 0.000178339
505.36 0.00136325 1 9.92688e-05 0.00126398
505.81 -0.00154743 1 0.00010512 -0.00165255
506.27 -0.00245613 1 0.000111434 -0.00256756
506.72 0.00163318 1 0.000117951 0.00151523
507.18 0.000724475 1 0.000124981 0.000599494
507.63 -0.000186221 1 0.000132234 -0.000318455
508.09 0.000905063 1 0.000140053 0.00076501
508.54 -0.00100564 1 0.000148118 -0.00115376
509 8.56277e-05 1 0.000156807 -7.11793e-05
509.45 0.00117491 1 0.000165765 0.00100914
509.91 0.000266165 1 0.000175413 9.07518e-05
510.36 0.00035543 1 0.000185354 0.000170075
510.82 0.00344667 1 0.000196056 0.00325061
511.27 -0.000464083 1 0.000207079 -0.000671162
511.73 0.000627137 1 0.000218939 0.000408198
512.19 -0.00128165 1 0.000231427 -0.00151308
512.64 0.00180756 1 0.00024428 0.00156328
513.1 0.00189875 1 0.000258101 0.00164065
513.55 -0.00101206 1 0.000272319 -0.00128438
514.01 -0.000920894 1 0.000287599 -0.00120849
514.46 0.00116827 1 0.000303312 0.000864961
514.92 -0.00174059 1 0.000320191 -0.00206078
515.37 0.000348547 1 0.00033754 1.10074e-05
515.83 -0.00156035 1 0.000356167 -0.00191652
516.28 0.00152876 1 0.000375304 0.00115346
516.73 0.000617854 1 0.000395385 0.00022247
517.19 -0.00029109 1 0.000416931 -0.000708021
517.64 0.00079797 1 0.000439051 0.000358919
518.1 -0.00111101 1 0.000462774 -0.00157378
518.55 0.00497801 1 0.000487117 0.0044909
519.01 -0.000931003 1 0.000513212 -0.00144422
519.46 -0.000842017 1 0.000539977 -0.00138199
519.92 0.00124893 1 0.000568654 0.000680271
520.37 -0.00066213 1 0.000598053 -0.00126018
520.83 0.00142877 1 0.000629539 0.000799232
521.28 0.00251767 1 0.000661801 0.00185587
521.74 0.000608528 1 0.000696337 -8.78096e-05
522.19 0.00169738 1 0.000731709 0.000965676
522.65 0.000788193 1 0.000769556 1.86368e-05
523.1 0.000877003 1 0.0008083 6.87025e-05
523.55 0.000965789 1 0.000848815 0.000116973
524.01 0.00305652 1 0.000892134 0.00216439
524.46 0.000145257 1 0.000936449 -0.000791192
524.92 0.00223594 1 0.000983809 0.00125213
525.37 0.00232462 1 0.00103223 0.00129238
525.83 0.00141524 1 0.00108396 0.00033128
526.28 -0.00049613 1 0.00113683 -0.00163296
526.73 0.00359247 1 0.00119202 0.00240044
527.19 0.00168301 1 0.00125094 0.000432066
527.64 0.00377155 1 0.00131111 0.00246044
528.1 0.00186202 1 0.00137531 0.000486714
528.55 0.0019505 1 0.00144084 0.000509658
529.01 0.00104091 1 0.00151073 -0.000469817
529.46 0.00412933 1 0.00158204 0.00254729
529.91 0.00221771 1 0.00165636 0.000561351
530.37 0.00230803 1 0.00173557 0.000572462
530.82 0.00339634 1 0.00181632 0.00158002
531.28 0.00348659 1 0.00190234 0.00158425
531.73 0.00257484 1 0.00199 0.000584835
532.18 0.00366305 1 0.00208126 0.00158179
532.64 0.00175319 1 0.0021784 -0.000425211
533.09 0.00384133 1 0.00227732 0.00156401
533.54 0.00292943 1 0.00238023 0.000549202
534 0.00301945 1 0.00248969 0.000529768
534.45 0.00610748 1 0.00260108 0.00350641
534.91 0.00419743 1 0.0027195 0.00147793
535.36 0.00428538 1 0.00283995 0.00144543
535.81 0.00437329 1 0.00296511 0.00140818
536.27 0.00746311 1 0.00309807 0.00436504
536.72 0.00455094 1 0.00323321 0.00131773
537.17 0.00663873 1 0.00337354 0.00326519
537.63 0.00672843 1 0.00352251 0.00320592
538.08 0.00781613 1 0.00367381 0.00414232
538.54 0.00590574 1 0.00383436 0.00207138
538.99 0.00699335 1 0.00399734 0.00299601
539.44 0.00908093 1 0.00416637 0.00491455
539.9 0.0081704 1 0.00434559 0.00382481
540.35 0.00725788 1 0.0045274 0.00273048
540.8 0.00934532 1 0.00471582 0.0046295
541.26 0.00843465 1 0.00491545 0.0035192
541.71 0.00952199 1 0.00511782 0.00440417
542.16 0.00960929 1 0.00532739 0.00428189
542.62 0.0106985 1 0.00554928 0.00514919
543.07 0.0117857 1 0.00577404 0.00601163
543.52 0.0108728 1 0.00600663 0.00486619
543.98 0.0129619 1 0.0062527 0.00670915
544.43 0.0100489 1 0.00650178 0.00354712
544.88 0.0111359 1 0.00675935 0.00437655
545.34 0.0142248 1 0.00703165 0.00719313
545.79 0.0133117 1 0.00730707 0.0060046
546.24 0.0143985 1 0.00759167 0.00680684
546.69 0.0134853 1 0.00788569 0.00559961
547.15 0.012574 1 0.00819621 0.00437775
547.6 0.0176606 1 0.00850998 0.00915066
548.05 0.0147473 1 0.00883389 0.00591337
548.51 0.0148358 1 0.00917573 0.00566002
548.96 0.0159223 1 0.0095209 0.00640137
549.41 0.0190087 1 0.00987695 0.00913178
549.86 0.0170951 1 0.0102441 0.00685098
550.32 0.0181834 1 0.0106313 0.00755211
550.77 0.0192697 1 0.0110218 0.00824788
551.22 0.0203559 1 0.0114242 0.00893168
551.68 0.019444 1 0.0118482 0.0075958
552.13 0.0185301 1 0.0122755 0.00625457
552.58 0.0196161 1 0.0127156 0.00690056
553.03 0.0207021 1 0.0131686 0.00753352
553.49 0.0207899 1 0.0136454 0.00714456
553.94 0.0208758 1 0.0141255 0.00675033
554.39 0.0239616 1 0.0146193 0.00934224
554.84 0.0250473 1 0.0151273 0.00992004
555.3 0.0231349 1 0.0156613 0.00747357
555.75 0.0252205 1 0.0161985 0.00902199
556.2 0.026306 1 0.0167506 0.00955546
556.65 0.0263915 1 0.0173178 0.00907373
557.11 0.0264788 1 0.0179135 0.00856531
557.56 0.0265642 1 0.0185122 0.00805201
558.01 0.0276494 1 0.0191267 0.0085227
558.46 0.0307346 1 0.0197575 0.0109771
558.92 0.0288217 1 0.0204194 0.0084023
559.37 0.0279067 1 0.0210837 0.00682299
559.82 0.0329917 1 0.0217651 0.0112266
560.27 0.0330767 1 0.0224638 0.0106129
560.72 0.0301615 1 0.0231799 0.00698164
561.18 0.0322482 1 0.0239303 0.00831791
561.63 0.0343329 1 0.0246826 0.00965033
562.08 0.0354176 1 0.0254531 0.00996442
562.53 0.0335021 1 0.0262422 0.00725996
562.99 0.0365885 1 0.0270681 0.00952042
563.44 0.0346729 1 0.0278952 0.00677773
563.89 0.0367573 1 0.0287415 0.00801578
564.34 0.0378415 1 0.0296072 0.00823436
564.79 0.0389257 1 0.0304925 0.00843327
565.25 0.0410117 1 0.0314179 0.00959381
565.7 0.0390958 1 0.0323435 0.0067523
566.15 0.0401797 1 0.0332892 0.00689051
566.6 0.0412636 1 0.0342554 0.00700825
567.05 0.0433474 1 0.0352421 0.00810536
567.5 0.0444312 1 0.0362495 0.00818165
567.96 0.0455167 1 0.0373009 0.00821575
568.41 0.0456003 1 0.0383508 0.00724949
568.86 0.0446838 1 0.0394218 0.00526196
569.31 0.0487672 1 0.0405141 0.00825305
569.76 0.0478505 1 0.0416279 0.00622261
570.21 0.0479337 1 0.0427632 0.00517056
570.67 0.0450188 1 0.0439461 0.00107266
571.12 0.0491018 1 0.0451253 0.00397658
571.57 0.0501848 1 0.0463262 0.0038586
572.02 0.0532677 1 0.0475491 0.00571866
572.47 0.0543506 1 0.0487938 0.00555672
572.92 0.0554333 1 0.0500606 0.00537273
573.37 0.053516 1 0.0513493 0.00216666
573.83 0.0576004 1 0.0526894 0.00491096
574.28 0.0586828 1 0.0540226 0.00466022
574.73 0.0577652 1 0.0553778 0.00238742
575.18 0.0588475 1 0.056755 0.00209257
575.63 0.0609298 1 0.058154 0.00277573
576.08 0.0590119 1 0.0595749 -0.000563054
576.53 0.0610939 1 0.0610176 7.63071e-05
576.98 0.0631759 1 0.062482 0.0006939
577.44 0.0632595 1 0.0640012 -0.000741613
577.89 0.0633413 1 0.065509 -0.00216769
578.34 0.066423 1 0.0670381 -0.000615163
578.79 0.0695045 1 0.0685884 0.000916134
579.24 0.067586 1 0.0701597 -0.00257363
579.69 0.0716674 1 0.0717517 -8.42474e-05
580.14 0.0717487 1 0.0733642 -0.00161552
580.59 0.0718299 1 0.0749971 -0.00316722
581.04 0.073911 1 0.0766501 -0.00273909
581.49 0.076992 1 0.0783229 -0.00133087
581.95 0.0780747 1 0.080053 -0.0019783
582.4 0.0781556 1 0.081765 -0.00360945
582.85 0.0802363 1 0.0834959 -0.00325959
583.3 0.0813169 1 0.0852453 -0.00392839
583.75 0.0823974 1 0.0870129 -0.00461547
584.2 0.0844778 1 0.0887983 -0.00432046
584.65 0.0845581 1 0.0906011 -0.00604296
585.1 0.0866384 1 0.0924209 -0.00578255
585.55 0.0887185 1 0.0942573 -0.0055388
586 0.0917985 1 0.0961097 -0.00431125
586.45 0.0928784 1 0.0979778 -0.00509941
586.9 0.0939582 1 0.099861 -0.0059028
587.35 0.0960379 1 0.101759 -0.0057209
587.8 0.0981175 1 0.103671 -0.00555317
588.25 0.099197 1 0.105596 -0.00639907
588.71 0.0992782 1 0.107578 -0.00829947
589.16 0.103357 1 0.109529 -0.00617114
589.61 0.108437 1 0.111491 -0.00305465
590.06 0.109516 1 0.113465 -0.00394937
590.51 0.111595 1 0.115449 -0.00385465
590.96 0.110674 1 0.117443 -0.00676982
591.41 0.114752 1 0.119447 -0.00469421
591.86 0.116831 1 0.121458 -0.00462711
592.31 0.119909 1 0.123477 -0.00356781
592.76 0.121988 1 0.125503 -0.00351558
593.21 0.122066 1 0.127536 -0.00546966
593.66 0.124144 1 0.129574 -0.0054293
594.11 0.129223 1 0.131616 -0.0023937
594.56 0.1313 1 0.133663 -0.00236209
595.01 0.134378 1 0.135712 -0.00133364
595.46 0.137456 1 0.137764 -0.000307536
595.91 0.136534 1 0.139817 -0.00328294
596.36 0.139611 1 0.14187 -0.00225901
596.81 0.141689 1 0.143924 -0.00223488
597.26 0.142766 1 0.145976 -0.00320967
597.71 0.144843 1 0.148026 -0.00318252
598.16 0.14792 1 0.150073 -0.00215252
598.61 0.151997 1 0.152116 -0.000118776
599.06 0.152074 1 0.154154 -0.00208038
599.51 0.153151 1 0.156187 -0.00303642
599.96 0.157227 1 0.158213 -0.000985972
600.41 0.158304 1 0.160232 -0.00192811
600.86 0.16438 1 0.162242 0.0021381
601.31 0.163456 1 0.164243 -0.000786421
601.76 0.166532 1 0.166233 0.000299273
602.21 0.168608 1 0.168212 0.000396112
602.65 0.170683 1 0.170136 0.000546918
603.1 0.173758 1 0.17209 0.00166855
603.55 0.175834 1 0.17403 0.0018041
604 0.177909 1 0.175955 0.0019545
604.45 0.178985 1 0.177864 0.00112066
604.9 0.18206 1 0.179757 0.00230349
605.35 0.186135 1 0.181631 0.00450389
605.8 0.18321 1 0.183487 -0.000277252
606.25 0.185285 1 0.185324 -3.90616e-05
606.7 0.18936 1 0.18714 0.00221932
607.15 0.192434 1 0.188936 0.00349873
607.6 0.193509 1 0.190709 0.0028
608.05 0.194583 1 0.192459 0.00212393
608.5 0.197657 1 0.194186 0.00347128
608.95 0.199732 1 0.195889 0.00384282
609.39 0.200804 1 0.197529 0.00327462
609.84 0.199878 1 0.199182 0.000696079
610.29 0.200951 1 0.200808 0.000143768
610.74 0.205025 1 0.202407 0.00261831
611.19 0.204098 1 0.203978 0.000120276
611.64 0.207172 1 0.205522 0.00165021
612.09 0.208245 1 0.207036 0.00120859
612.54 0.209318 1 0.208522 0.000795864
612.99 0.211391 1 0.209978 0.00141241
613.44 0.213464 1 0.211405 0.00205857
613.88 0.215535 1 0.212771 0.00276369
614.33 0.210607 1 0.214138 -0.00353089
614.78 0.214679 1 0.215475 -0.000795252
615.23 0.214752 1 0.216781 -0.00202935
615.68 0.216824 1 0.218057 -0.00123318
616.13 0.217896 1 0.219303 -0.00140685
616.58 0.217968 1 0.220518 -0.00255052
617.03 0.217039 1 0.221704 -0.00466447
617.47 0.219109 1 0.222834 -0.00372527
617.92 0.221181 1 0.223962 -0.00278159
618.37 0.220252 1 0.225061 -0.00480954
618.82 0.221323 1 0.226133 -0.00480979
619.27 0.221394 1 0.227177 -0.00578311
619.72 0.222465 1 0.228195 -0.0057304
620.17 0.224535 1 0.229188 -0.00465265
620.61 0.223604 1 0.230136 -0.00653129
621.06 0.224675 1 0.231082 -0.00640749
621.51 0.224745 1 0.232007 -0.00726241
621.96 0.225815 1 0.232913 -0.00709756
622.41 0.228885 1 0.2338 -0.00491461
622.86 0.227955 1 0.23467 -0.00671535
623.3 0.229023 1 0.235507 -0.00648439
623.75 0.228092 1 0.236351 -0.00825873
624.2 0.230162 1 0.237185 -0.00702299
624.65 0.232231 1 0.238011 -0.00577953
625.1 0.2303 1 0.238831 -0.0085309
625.54 0.231367 1 0.239631 -0.00826314
625.99 0.232436 1 0.240448 -0.00801231
626.44 0.234505 1 0.24127 -0.00676473
626.89 0.234573 1 0.242097 -0.00752352
627.34 0.236642 1 0.242934 -0.00629196
627.78 0.236708 1 0.243764 -0.00705592
628.23 0.240776 1 0.24463 -0.00385362
628.68 0.238844 1 0.245516 -0.00667153
629.13 0.241912 1 0.246425 -0.00451344
629.58 0.239979 1 0.247363 -0.0073833
630.02 0.243045 1 0.24831 -0.00526472
630.47 0.246112 1 0.249314 -0.00320182
630.92 0.249179 1 0.250359 -0.00117917
631.37 0.249246 1 0.251447 -0.00220109
631.81 0.252312 1 0.252559 -0.000247592
632.26 0.254378 1 0.253749 0.000629406
632.71 0.258445 1 0.254996 0.00344866
633.16 0.259511 1 0.256305 0.00320566
633.61 0.259577 1 0.257681 0.00189591
634.05 0.262642 1 0.259095 0.00354643
634.5 0.264707 1 0.260616 0.00409148
634.95 0.265773 1 0.262216 0.00355652
635.4 0.265838 1 0.263901 0.00193722
635.84 0.273902 1 0.265634 0.00826829
636.29 0.272967 1 0.267498 0.00546983
636.74 0.278032 1 0.269458 0.00857478
637.18 0.278096 1 0.271471 0.00662481
637.63 0.281161 1 0.273633 0.00752772
638.08 0.285225 1 0.275902 0.00932332
638.53 0.288289 1 0.278281 0.0100085
638.97 0.290352 1 0.280717 0.00963548
639.42 0.296416 1 0.283322 0.013094
639.87 0.29848 1 0.286045 0.0124344
640.32 0.300544 1 0.288889 0.0116549
640.76 0.305606 1 0.291786 0.0138197
641.21 0.307669 1 0.29487 0.0127989
641.66 0.312732 1 0.298077 0.0146548
642.1 0.315794 1 0.301332 0.0144614
642.55 0.317857 1 0.304783 0.0130736
643 0.322919 1 0.308356 0.0145634
643.44 0.32498 1 0.311966 0.0130143
643.89 0.330043 1 0.315776 0.0142666
644.34 0.334105 1 0.319702 0.0144022
644.79 0.338167 1 0.323743 0.014424
645.23 0.341227 1 0.327799 0.0134276
645.68 0.347289 1 0.332053 0.0152356
646.13 0.34935 1 0.336408 0.0129424
646.57 0.35141 1 0.340758 0.0106518
647.02 0.354471 1 0.345296 0.00917501
647.47 0.356532 1 0.349917 0.006615
647.91 0.362591 1 0.354508 0.0080829
648.36 0.370652 1 0.359271 0.0113805
648.81 0.372712 1 0.364094 0.0086185
649.25 0.376771 1 0.368858 0.00791345
649.7 0.378831 1 0.37377 0.005061
650.15 0.382891 1 0.378713 0.00417782
650.59 0.386949 1 0.383565 0.00338378
651.04 0.393009 1 0.388537 0.00447208
651.48 0.392067 1 0.393394 -0.00132777
651.93 0.396126 1 0.398348 -0.00222194
652.38 0.400185 1 0.403273 -0.00308865
652.82 0.405242 1 0.40805 -0.00280818
653.27 0.407301 1 0.412883 -0.00558195
653.72 0.413359 1 0.417648 -0.0042886
654.16 0.414416 1 0.422228 -0.00781245
654.61 0.419474 1 0.426819 -0.00734537
655.06 0.424532 1 0.431301 -0.0067694
655.5 0.424588 1 0.435564 -0.0109762
655.95 0.426646 1 0.439788 -0.0131429
656.39 0.431702 1 0.443772 -0.0120708
656.84 0.431759 1 0.447683 -0.0159246
657.29 0.435816 1 0.451415 -0.0155992
657.73 0.437871 1 0.454877 -0.0170057
658.18 0.442927 1 0.458213 -0.0152857
658.62 0.444983 1 0.461263 -0.0162809
659.07 0.448039 1 0.464153 -0.0161148
659.52 0.449095 1 0.466799 -0.0177045
659.96 0.453149 1 0.469138 -0.0159893
660.41 0.453205 1 0.471267 -0.0180619
660.85 0.452259 1 0.473079 -0.02082
661.3 0.457314 1 0.474648 -0.0173339
661.74 0.464368 1 0.475895 -0.0115272
662.19 0.463422 1 0.476869 -0.013446
662.64 0.461477 1 0.477529 -0.0160521
663.08 0.46553 1 0.477866 -0.0123356
663.53 0.466584 1 0.477888 -0.0113037
663.97 0.465637 1 0.47759 -0.0119529
664.42 0.467691 1 0.476954 -0.00926322
664.86 0.470743 1 0.476006 -0.00526214
665.31 0.467797 1 0.474699 -0.00690203
665.75 0.468849 1 0.473091 -0.00424212
666.2 0.467902 1 0.471109 -0.00320671
666.65 0.468955 1 0.468785 0.000169529
667.09 0.467006 1 0.466185 0.000820853
667.54 0.465059 1 0.463193 0.00186509
667.98 0.46411 1 0.459946 0.00416342
668.43 0.464162 1 0.4563 0.00786115
668.87 0.463212 1 0.452424 0.0107886
669.32 0.457264 1 0.448146 0.00911784
669.76 0.455314 1 0.443665 0.0116494
670.21 0.449365 1 0.438784 0.0105811
670.65 0.447415 1 0.43373 0.0136851
671.1 0.444466 1 0.428282 0.0161836
671.54 0.437515 1 0.422693 0.0148221
671.99 0.431566 1 0.41672 0.0148459
672.43 0.424615 1 0.410639 0.0139757
672.88 0.420665 1 0.404187 0.0164778
673.32 0.414713 1 0.397663 0.0170507
673.77 0.407763 1 0.390783 0.0169799
674.21 0.402811 1 0.383867 0.0189441
674.66 0.39086 1 0.376615 0.0142456
675.1 0.384908 1 0.369362 0.015546
675.55 0.376957 1 0.361795 0.0151624
675.99 0.370004 1 0.354262 0.0157419
676.44 0.363053 1 0.346439 0.0166139
676.88 0.3521 1 0.338685 0.0134142
677.33 0.342147 1 0.330665 0.011482
677.77 0.333194 1 0.32275 0.0104444
678.22 0.327241 1 0.314593 0.0126482
678.66 0.315288 1 0.306573 0.00871464
679.11 0.305335 1 0.298339 0.00699568
679.55 0.29638 1 0.290271 0.00610944
679.99 0.287426 1 0.2822 0.00522631
680.44 0.278472 1 0.273955 0.00451731
680.88 0.269517 1 0.265916 0.00360105
681.33 0.259563 1 0.257731 0.0018321
681.77 0.253608 1 0.249775 0.00383262
682.22 0.241654 1 0.241699 -4.56744e-05
682.66 0.231698 1 0.233873 -0.0021748
683.11 0.222743 1 0.225951 -0.00320786
683.55 0.213787 1 0.218296 -0.00450893
683.99 0.20483 1 0.21074 -0.00590926
684.44 0.199875 1 0.203123 -0.00324861
684.88 0.189918 1 0.195794 -0.00587571
685.33 0.179962 1 0.188425 -0.00846333
685.77 0.172005 1 0.181353 -0.00934796
686.21 0.164047 1 0.174417 -0.0103698
686.66 0.15709 1 0.167471 -0.0103809
687.1 0.150133 1 0.16083 -0.0106971
687.55 0.143175 1 0.154195 -0.0110195
687.99 0.139217 1 0.147866 -0.00864888
688.44 0.132259 1 0.141559 -0.00929922
688.88 0.124301 1 0.135556 -0.0112557
689.32 0.119342 1 0.129719 -0.0103776
689.77 0.112383 1 0.123922 -0.011539
690.21 0.103424 1 0.118425 -0.0150006
690.65 0.100464 1 0.113096 -0.0126317
691.1 0.0945053 1 0.107822 -0.0133163
691.54 0.0915452 1 0.102836 -0.0112906
691.99 0.0845858 1 0.0979113 -0.0133255
692.43 0.0816252 1 0.0932661 -0.0116409
692.87 0.0756644 1 0.0887876 -0.0131232
693.32 0.0727043 1 0.0843779 -0.0116736
693.76 0.068743 1 0.0802311 -0.011488
694.2 0.0667816 1 0.0762449 -0.00946333
694.65 0.0638207 1 0.0723317 -0.00851093
695.09 0.0578588 1 0.0686625 -0.0108036
695.53 0.0558967 1 0.0651455 -0.00924881
695.98 0.0529351 1 0.0617026 -0.00876751
696.42 0.0469725 1 0.0584835 -0.011511
696.86 0.0460097 1 0.0554063 -0.00939659
697.31 0.0440475 1 0.052402 -0.00835459
697.75 0.0420841 1 0.0496004 -0.00751628
698.19 0.0401206 1 0.0469292 -0.00680859
698.64 0.0361577 1 0.044328 -0.00817029
699.08 0.0351937 1 0.0419082 -0.00671453
699.52 0.0322294 1 0.0396066 -0.00737716
699.97 0.0302658 1 0.0373706 -0.00710484
700.41 0.0303011 1 0.0352955 -0.00499439
700.85 0.0263361 1 0.033326 -0.00698991
701.3 0.0253718 1 0.031417 -0.00604523
701.74 0.0204063 1 0.029649 -0.00924266
702.18 0.0234407 1 0.0279745 -0.00453384
702.63 0.0194756 1 0.0263546 -0.00687904
703.07 0.0225095 1 0.0248573 -0.00234786
703.51 0.0185431 1 0.0234418 -0.00489872
703.96 0.0155773 1 0.0220749 -0.00649761
704.4 0.0166105 1 0.0208136 -0.00420311
704.84 0.0146434 1 0.019623 -0.00497967
705.28 0.0136761 1 0.0184999 -0.00482385
705.73 0.0117092 1 0.0174175 -0.00570822
706.17 0.00974145 1 0.0164205 -0.00667907
706.61 0.00977342 1 0.0154812 -0.00570778
707.06 0.00980586 1 0.014577 -0.00477111
707.5 0.00783734 1 0.0137451 -0.00590774
707.94 0.00786857 1 0.012962 -0.00509346
708.38 0.00489957 1 0.0122252 -0.00732559
708.83 0.00693101 1 0.0115166 -0.0045856
709.27 0.00396152 1 0.0108654 -0.00690389
709.71 0.00599178 1 0.010253 -0.00426118
710.15 0.00402179 1 0.00967703 -0.00565524
710.6 0.00305223 1 0.00912356 -0.00607133
711.04 0.00308175 1 0.00861511 -0.00553335
711.48 0.00211103 1 0.00813705 -0.00602602
711.92 0.00414005 1 0.00768757 -0.00354752
712.37 0.00316949 1 0.00725563 -0.00408615
712.81 0.00219801 1 0.00685877 -0.00466075
713.25 -0.000773706 1 0.00648553 -0.00725924
713.69 0.00325433 1 0.00613447 -0.00288014
714.13 -0.00171789 1 0.0058042 -0.00752209
714.58 -0.00168974 1 0.00548658 -0.00717632
715.02 0.000337542 1 0.00519449 -0.00485695
715.46 0.000364569 1 0.0049195 -0.00455493
715.9 0.000391345 1 0.00466053 -0.00426919
716.35 -0.00158153 1 0.0044112 -0.00599273
716.79 -0.000555263 1 0.00418162 -0.00473689
717.23 -0.000529248 1 0.0039652 -0.00449445
717.67 -0.00150349 1 0.0037611 -0.00526458
718.11 -0.00447798 1 0.00356854 -0.00804652
718.56 -0.00145215 1 0.00338279 -0.00483494
719 -0.00242716 1 0.0032114 -0.00563856
719.44 -0.00240242 1 0.0030495 -0.00545192
719.88 0.00162206 1 0.00289649 -0.00127443
720.32 -0.00335371 1 0.00275182 -0.00610553
720.76 -0.00132974 1 0.00261497 -0.00394471
721.21 -0.000305495 1 0.0024826 -0.00278809
721.65 -0.000282046 1 0.00236013 -0.00264218
722.09 -0.00125886 1 0.00224412 -0.00350298
722.53 0.000764076 1 0.00213419 -0.00137011
722.97 -0.00121325 1 0.00202997 -0.00324322
723.41 -0.00219084 1 0.00193111 -0.00412195
723.86 -0.00316819 1 0.00183524 -0.00500342
724.3 -0.000146301 1 0.0017463 -0.0018926
724.74 -0.00112468 1 0.00166185 -0.00278652
725.18 0.000896685 1 0.00158162 -0.00068493
725.62 -0.00208222 1 0.00150537 -0.00358758
726.06 0.00193862 1 0.00143289 0.000505735
726.5 -0.00504081 1 0.00136396 -0.00640476
726.95 -0.00302004 1 0.00129694 -0.00431697
727.39 0 1 0.00123462 -0.00123462
727.83 -0.000980226 1 0.0011753 -0.00215553
728.27 -0.00296072 1 0.00111884 -0.00407955
728.71 -0.00394147 1 0.00106507 -0.00500653
729.15 7.75221e-05 1 0.00101386 -0.000936334
729.59 -0.000903747 1 0.000965073 -0.00186882
730.03 -0.000885272 1 0.000918595 -0.00180387
730.48 0.00113336 1 0.000873325 0.000260035
730.92 -0.000848678 1 0.000831164 -0.00167984
731.36 -0.000830967 1 0.000790979 -0.00162195
731.8 -0.00181351 1 0.000752675 -0.00256618
732.24 0.00020371 1 0.000716162 -0.000512452
732.68 0.00122068 1 0.000681352 0.000539326
733.12 -0.000762596 1 0.000648166 -0.00141076
733.56 -0.000746113 1 0.000616528 -0.00136264
734 0.00127013 1 0.000586364 0.000683766
734.44 0.00128614 1 0.000557606 0.000728529
734.89 0.000302259 1 0.000529582 -0.000227324
735.33 0.000317786 1 0.000503474 -0.000185688
735.77 0.00233308 1 0.000478585 0.0018545
736.21 0.00134814 1 0.000454861 0.000893283
736.65 0.00336298 1 0.000432248 0.00293073
737.09 0.00137758 1 0.000410696 0.000966888
737.53 0.00239196 1 0.000390157 0.00200181
737.97 0.00340612 1 0.000370585 0.00303553
738.41 0.000420052 1 0.000351937 6.81146e-05
738.85 0.00243376 1 0.000334171 0.00209959
739.29 -0.000552743 1 0.000317248 -0.000869991
739.73 0.00146053 1 0.00030113 0.0011594
740.17 0.00247359 1 0.000285781 0.00218781
740.61 0.00548644 1 0.000271166 0.00521528
741.05 0.00149908 1 0.000257251 0.00124182
741.49 -0.000488499 1 0.000244007 -0.000732505
741.93 0.000523718 1 0.000231401 0.000292317
742.37 0.00153573 1 0.000219406 0.00131632
742.81 0.00354753 1 0.000207994 0.00333954
743.26 -0.000440602 1 0.000196898 -0.000637501
743.7 0.00257079 1 0.000186586 0.00238421
744.14 0.000581992 1 0.000176779 0.000405212
744.58 0.000592991 1 0.000167456 0.000425535
745.02 0.00360379 1 0.000158594 0.0034452
745.46 0.0026144 1 0.000150172 0.00246423
745.9 0.00362482 1 0.00014217 0.00348265
746.34 0.00263505 1 0.000134567 0.00250048
746.78 0.00164509 1 0.000127346 0.00151774
747.22 0.00265494 1 0.000120489 0.00253445
747.66 0.0016646 1 0.000113979 0.00155062
748.1 0.00267408 1 0.000107799 0.00256629
748.54 0.00268339 1 0.000101933 0.00258145
748.98 0.00369251 1 9.63683e-05 0.00359614
749.42 0.00370145 1 9.10888e-05 0.00361036
749.86 0.00271021 1 8.60813e-05 0.00262413
750.29 0.00471861 1 8.1438e-05 0.00463717
750.73 0.00272703 1 7.69306e-05 0.0026501
751.17 -0.000264715 1 7.26581e-05 -0.000337373
751.61 0.00274337 1 6.86092e-05 0.00267476
752.05 0.00275128 1 6.47728e-05 0.00268651
752.49 0.00075903 1 6.11387e-05 0.000697891
752.93 0.00276661 1 5.76968e-05 0.00270892
753.37 0.00177404 1 5.44377e-05 0.0017196
753.81 0.0017813 1 5.13524e-05 0.00172995
754.25 0.0027884 1 4.84322e-05 0.00273997
754.69 0.00279535 1 4.56688e-05 0.00274968
755.13 0.00180214 1 4.30543e-05 0.00175908
755.57 0.00180877 1 4.05814e-05 0.00176819
756.01 0.00281526 1 3.82427e-05 0.00277702
756.45 -0.000178404 1 3.60316e-05 -0.000214436
756.89 0.00282778 1 3.39414e-05 0.00279384
757.33 0.00183382 1 3.1966e-05 0.00180186
757.77 0.00183972 1 3.00995e-05 0.00180962
758.21 0.00284548 1 2.83362e-05 0.00281714
758.64 0.00285096 1 2.67076e-05 0.00282426
759.08 -0.00114356 1 2.51329e-05 -0.00116869
759.52 0.000861779 1 2.36464e-05 0.000838133
759.96 0.00386698 1 2.22432e-05 0.00384474
760.4 -0.000127948 1 2.0919e-05 -0.000148867
760.84 -0.00012301 1 1.96697e-05 -0.00014268
761.28 0.0028818 1 1.84913e-05 0.00286331
761.72 0.00288648 1 1.73799e-05 0.0028691
762.16 0.00189103 1 1.6332e-05 0.00187469
762.6 0.00189545 1 1.53442e-05 0.00188011
763.03 0.000899659 1 1.44338e-05 0.000885226
763.47 -0.00209616 1 1.35553e-05 -0.00210971
763.91 -0.00209209 1 1.27278e-05 -0.00210482
764.35 -0.00308815 1 1.19483e-05 -0.00310009
764.79 0.00391568 1 1.12143e-05 0.00390447
765.23 -8.06002e-05 1 1.05233e-05 -9.11235e-05
765.67 -0.001077 1 9.87283e-06 -0.00108687
766.11 0.000926494 1 9.26069e-06 0.000917233
766.54 0.000929801 1 8.69746e-06 0.000921104
766.98 -0.00106692 1 8.15493e-06 -0.00107508
767.42 0.00093625 1 7.64469e-06 0.000928606
767.86 0.00193932 1 7.16492e-06 0.00193215
768.3 0.00294228 1 6.7139e-06 0.00293557
768.74 0.00194515 1 6.29e-06 0.00193886
769.17 0.00494785 1 5.90044e-06 0.00494195
769.61 0.00395053 1 5.52568e-06 0.003945
770.05 -4.68973e-05 1 5.17367e-06 -5.2071e-05
770.49 -0.00204441 1 4.84311e-06 -0.00204926
770.93 0.000957978 1 4.53274e-06 0.000953445
771.37 0.00196028 1 4.24141e-06 0.00195604
771.8 0.00496244 1 3.97402e-06 0.00495847
772.24 0.00196457 1 3.7171e-06 0.00196086
772.68 -0.00203338 1 3.47609e-06 -0.00203686
773.12 0.000968582 1 3.25005e-06 0.000965332
773.56 0.00197046 1 3.03809e-06 0.00196743
774 0.000972266 1 2.83937e-06 0.000969426
774.43 0.00197395 1 2.65722e-06 0.00197129
774.87 -2.4397e-05 1 2.48242e-06 -2.68795e-05
775.31 0.00197718 1 2.31865e-06 0.00197486
775.75 0.00197868 1 2.16525e-06 0.00197652
776.19 0.000980119 1 2.02158e-06 0.000978097
776.62 0.00398145 1 1.89003e-06 0.00397956
777.06 -1.72458e-05 1 1.76391e-06 -1.90097e-05
777.5 0.000983989 1 1.64588e-06 0.000982343
777.94 0.00298516 1 1.53544e-06 0.00298363
778.37 -0.00201375 1 1.43439e-06 -0.00201519
778.81 0.0019873 1 1.3376e-06 0.00198596
779.25 -1.17082e-05 1 1.24709e-06 -1.29553e-05
779.69 -1.07709e-05 1 1.16247e-06 -1.19334e-05
780.13 -0.00200989 1 1.08337e-06 -0.00201097
780.56 -9.07656e-06 1 1.01107e-06 -1.00876e-05
781 0.0029917 1 9.41893e-07 0.00299076
781.44 0.00499243 1 8.77272e-07 0.00499156
781.88 0.00499312 1 8.16919e-07 0.0049923
782.31 0.00399374 1 7.61802e-07 0.00399298
782.75 0.00399434 1 7.09108e-07 0.00399363
783.19 0.00399489 1 6.59925e-07 0.00399423
783.63 0.0049954 1 6.14029e-07 0.00499479
784.06 -4.13713e-06 1 5.72149e-07 -4.70928e-06
784.5 0.0019963 1 5.32144e-07 0.00199577
784.94 0.000996702 1 4.94836e-07 0.000996207
785.37 0.00199706 1 4.60814e-07 0.0019966
785.81 0.0009974 1 4.28335e-07 0.000996972
786.25 -0.00300229 1 3.98064e-07 -0.00300269
786.69 -2.0128e-06 1 3.69858e-07 -2.38266e-06
787.12 0.00199823 1 3.44157e-07 0.00199789
787.56 0.00299846 1 3.19642e-07 0.00299814
788 -0.00300133 1 2.96813e-07 -0.00300163
788.43 -0.00100115 1 2.76025e-07 -0.00100142
788.87 0.00199902 1 2.56209e-07 0.00199876
789.31 0.000999166 1 2.37767e-07 0.000998929
789.75 0.0019993 1 2.20607e-07 0.00199908
790.18 0.00199942 1 2.04995e-07 0.00199921
790.62 0.00499952 1 1.90124e-07 0.00499933
791.06 0.00299962 1 1.76297e-07 0.00299944
791.49 0.0019997 1 1.63724e-07 0.00199954
791.93 -0.00200022 1 1.51755e-07 -0.00200037
792.37 -0.00300014 1 1.40633e-07 -0.00300028
792.8 -0.00100007 1 1.30526e-07 -0.0010002
793.24 0 1 1.20912e-07 -1.20912e-07
793.68 7.00866e-08 1 1.11983e-07 -4.1896e-08
794.11 0.00200014 1 1.03874e-07 0.00200004
794.55 -0.00299978 1 9.6164e-08 -0.00299988
794.99 0.0010003 1 8.90087e-08 0.00100021
795.42 -0.000999618 1 8.25145e-08 -0.000999701
795.86 0.00300048 1 7.63442e-08 0.0030004
796.3 0.00100058 1 7.06209e-08 0.00100051
796.73 7.00888e-07 1 6.54297e-08 6.35459e-07
797.17 0.00400083 1 6.05004e-08 0.00400077
797.61 -0.00299902 1 5.59311e-08 -0.00299907
798.04 -0.00499886 1 5.17891e-08 -0.00499891
798.48 -0.00099867 1 4.78585e-08 -0.000998718
798.91 -0.00199847 1 4.4297e-08 -0.00199851
799.35 0.00100176 1 4.09186e-08 0.00100172
799.79 0.00300201 1 3.77903e-08 0.00300198
800.22 -0.000997714 1 3.49573e-08 -0.000997749
800.66 -0.000997407 1 3.22718e-08 -0.00099744
801.1 -0.00299707 1 2.97865e-08 -0.0029971
