500.34 -0.0017122 1 6.12429e-05 -0.00177344
500.8 -0.00360951 1 6.48998e-05 -0.00367441
501.25 -0.00250905 1 6.86743e-05 -0.00257772
501.71 -0.00140635 1 7.27445e-05 -0.00147909
502.17 -0.000303647 1 7.70397e-05 -0.000380686
502.62 -0.00220318 1 8.14702e-05 -0.00228465
503.08 0.000899528 1 8.62446e-05 0.000813283
503.53 0 1 9.11673e-05 -9.11673e-05
503.99 -0.0028973 1 9.64698e-05 -0.00299376
504.44 -0.00279682 1 0.000101934 -0.00289876
504.9 -0.00269412 1 0.000107818 -0.00280194
505.36 -0.00159142 1 0.000114018 -0.00170544
505.81 -0.000490954 1 0.000120402 -0.000611357
506.27 0.000611741 1 0.000127272 0.000484469
506.72 -0.000287801 1 0.000134344 -0.000422145
507.18 -0.000185115 1 0.00014195 -0.000327065
507.63 -0.00308467 1 0.000149777 -0.00323444
508.09 -0.000981991 1 0.000158191 -0.00114018
508.54 -0.00188155 1 0.000166845 -0.0020484
509 -0.00377889 1 0.000176144 -0.00395504
509.45 -0.00167847 1 0.000185704 -0.00186418
509.91 -0.00157583 1 0.000195972 -0.0017718
510.36 -0.000475423 1 0.000206525 -0.000681948
510.82 -0.0013728 1 0.000217854 -0.00159065
511.27 -0.000272414 1 0.00022949 -0.000501904
511.73 0.00183019 1 0.000241978 0.00158821
512.19 -6.72188e-05 1 0.000255092 -0.00032231
512.64 -0.00196687 1 0.000268552 -0.00223542
513.1 0.0011357 1 0.000282988 0.000852708
513.55 -0.00176398 1 0.000297799 -0.00206178
514.01 0.000338555 1 0.000313676 2.48792e-05
514.46 0.000438849 1 0.000329959 0.000108889
514.92 -0.00145865 1 0.000347405 -0.00180605
515.37 0.00164162 1 0.00036529 0.00127633
515.83 0.00174409 1 0.000384444 0.00135964
516.28 0.000844316 1 0.000404071 0.000440244
516.73 -0.00105548 1 0.000424614 -0.00148009
517.19 -0.00195306 1 0.000446601 -0.00239966
517.64 -0.00185289 1 0.000469114 -0.002322
518.1 -0.000750511 1 0.000493199 -0.00124371
518.55 0.00034962 1 0.000517851 -0.000168231
519.01 -0.000548047 1 0.000544211 -0.00109226
519.46 -0.00044796 1 0.000571179 -0.00101914
519.92 -0.00134567 1 0.000600003 -0.00194567
520.37 -0.00124563 1 0.000629479 -0.00187511
520.83 0.00185661 1 0.000660969 0.00119564
521.28 -0.0020434 1 0.000693158 -0.00273656
521.74 0.00105879 1 0.00072753 0.000331259
522.19 0.000158731 1 0.000762649 -0.000603918
522.65 -0.000739134 1 0.000800133 -0.00153927
523.1 -0.000639246 1 0.000838414 -0.00147766
523.55 -0.000539386 1 0.00087835 -0.00141774
524.01 -0.000437336 1 0.000920947 -0.00135828
524.46 0.000662467 1 0.00096442 -0.000301953
524.92 -0.000235544 1 0.00101077 -0.00124631
525.37 -0.000135801 1 0.00105805 -0.00119385
525.83 0.00196613 1 0.00110844 0.000857688
526.28 0.00306581 1 0.00115981 0.00190599
526.73 0.00116545 1 0.00121333 -4.78734e-05
527.19 0.000267282 1 0.00127032 -0.00100303
527.64 0.00236686 1 0.00132839 0.00103848
528.1 0.00146862 1 0.0013902 7.84216e-05
528.55 0.00356813 1 0.00145316 0.00211498
529.01 0.00366982 1 0.00152014 0.00214968
529.46 0.00076926 1 0.00158833 -0.000819075
529.91 0.00286866 1 0.00165925 0.00120941
530.37 0.00397024 1 0.00173466 0.00223558
530.82 0.00206957 1 0.00181137 0.000258199
531.28 0.00317106 1 0.0018929 0.00127817
531.73 0.00327031 1 0.0019758 0.00129451
532.18 0.00136952 1 0.00206191 -0.000692393
532.64 0.00247089 1 0.00215338 0.000317517
533.09 0.00257002 1 0.00224632 0.000323705
533.54 0.00366911 1 0.0023428 0.00132631
534 0.00377035 1 0.00244519 0.00132516
534.45 0.00286935 1 0.00254917 0.000320181
534.91 0.00397051 1 0.00265948 0.00131103
535.36 0.00406942 1 0.00277144 0.00129798
535.81 0.00516829 1 0.00288753 0.00228075
536.27 0.0072693 1 0.00301061 0.0042587
536.72 0.00636808 1 0.00313544 0.00323264
537.17 0.00446681 1 0.00326479 0.00120202
537.63 0.00756768 1 0.00340182 0.00416586
538.08 0.00666631 1 0.00354071 0.0031256
538.54 0.00676709 1 0.00368778 0.0030793
538.99 0.00686562 1 0.00383678 0.00302884
539.44 0.0079641 1 0.003991 0.0039731
539.9 0.00606472 1 0.00415419 0.00191053
540.35 0.0061631 1 0.0043194 0.0018437
540.8 0.00626143 1 0.00449028 0.00177115
541.26 0.00836189 1 0.00467096 0.00369092
541.71 0.0114601 1 0.00485377 0.00660634
542.16 0.00855828 1 0.00504271 0.00351557
542.62 0.00965857 1 0.00524236 0.00441621
543.07 0.0107566 1 0.0054442 0.00531242
543.52 0.00985463 1 0.00565268 0.00420195
543.98 0.00895475 1 0.00587282 0.00308193
544.43 0.00905264 1 0.00609522 0.00295742
544.88 0.0101505 1 0.00632477 0.0038257
545.34 0.0132504 1 0.00656699 0.00668343
545.79 0.0113481 1 0.00681152 0.0045366
546.24 0.0124458 1 0.00706374 0.00538204
546.69 0.0125434 1 0.00732382 0.00521956
547.15 0.0126431 1 0.00759799 0.00504508
547.6 0.0137405 1 0.00787452 0.00586602
548.05 0.0128379 1 0.00815947 0.00467847
548.51 0.0139375 1 0.00845965 0.0054778
548.96 0.0120347 1 0.0087622 0.00327253
549.41 0.0151319 1 0.00907374 0.00605821
549.86 0.0132291 1 0.00939446 0.00383464
550.32 0.0163283 1 0.009732 0.00659634
550.77 0.0144254 1 0.0100719 0.00435349
551.22 0.0155223 1 0.0104215 0.0051008
551.68 0.0166214 1 0.0107892 0.00583212
552.13 0.0167182 1 0.0111592 0.00555895
552.58 0.0168149 1 0.0115396 0.00527534
553.03 0.0169116 1 0.0119305 0.00498111
553.49 0.0170104 1 0.0123412 0.00466916
553.94 0.0181069 1 0.0127541 0.00535283
554.39 0.0192034 1 0.0131781 0.00602529
554.84 0.0182998 1 0.0136134 0.00468632
555.3 0.0203982 1 0.0140704 0.00632782
555.75 0.0224945 1 0.0145293 0.00796515
556.2 0.0215906 1 0.0150002 0.00659048
556.65 0.0226867 1 0.0154832 0.00720359
557.11 0.0237849 1 0.0159896 0.00779529
557.56 0.0208809 1 0.0164977 0.00438313
558.01 0.0219767 1 0.0170186 0.00495817
558.46 0.0240725 1 0.0175523 0.00652024
558.92 0.0261704 1 0.0181114 0.00805898
559.37 0.026266 1 0.0186718 0.00759424
559.82 0.0263616 1 0.0192456 0.00711596
560.27 0.0274571 1 0.0198331 0.00762398
560.72 0.0265525 1 0.0204344 0.00611811
561.18 0.0276499 1 0.0210634 0.00658645
561.63 0.0277451 1 0.0216932 0.00605197
562.08 0.0288403 1 0.0223372 0.00650308
562.53 0.0289354 1 0.0229957 0.00593963
562.99 0.0330325 1 0.023684 0.00934845
563.44 0.0321274 1 0.0243723 0.00775507
563.89 0.0302222 1 0.0250755 0.00514666
564.34 0.0313169 1 0.0257939 0.00552309
564.79 0.0304116 1 0.0265274 0.00388421
565.25 0.0345083 1 0.0272931 0.00721516
565.7 0.0366027 1 0.0280578 0.00854492
566.15 0.0346971 1 0.0288382 0.00585898
566.6 0.0357914 1 0.0296342 0.00615723
567.05 0.0378856 1 0.0304461 0.00743956
567.5 0.0359798 1 0.0312739 0.00470587
567.96 0.0370759 1 0.0321367 0.00493921
568.41 0.0371698 1 0.032997 0.00417284
568.86 0.0392637 1 0.0338735 0.00539018
569.31 0.0403574 1 0.0347663 0.00559115
569.76 0.0404511 1 0.0356754 0.00477571
570.21 0.0385447 1 0.0366009 0.00194378
570.67 0.0406402 1 0.037564 0.00307629
571.12 0.0427336 1 0.0385227 0.0042109
571.57 0.0438269 1 0.039498 0.00432892
572.02 0.0429201 1 0.0404898 0.00243031
572.47 0.0430132 1 0.0414981 0.00151509
572.92 0.0461062 1 0.042523 0.00358323
573.37 0.0461991 1 0.0435643 0.00263476
573.83 0.045294 1 0.0446459 0.00064806
574.28 0.0483867 1 0.0457206 0.00266606
574.73 0.0474793 1 0.0468117 0.000667532
575.18 0.0485718 1 0.0479192 0.000652535
575.63 0.0516642 1 0.049043 0.00262113
576.08 0.0507565 1 0.0501831 0.000573398
576.53 0.0528487 1 0.0513393 0.00150942
576.98 0.0539408 1 0.0525115 0.0014293
577.44 0.0540348 1 0.0537262 0.000308605
577.89 0.0541267 1 0.0549305 -0.000803809
578.34 0.0562185 1 0.0561505 6.80062e-05
578.79 0.0563101 1 0.0573859 -0.0010758
579.24 0.0574017 1 0.0586368 -0.00123506
579.69 0.0584932 1 0.0599028 -0.00140961
580.14 0.0595845 1 0.0611838 -0.00159925
580.59 0.0616758 1 0.0624796 -0.000803788
581.04 0.0597669 1 0.0637899 -0.004023
581.49 0.061858 1 0.0651146 -0.00325667
581.95 0.0639509 1 0.0664834 -0.00253244
582.4 0.0660417 1 0.0678363 -0.00179459
582.85 0.0661324 1 0.0692028 -0.00307041
583.3 0.067223 1 0.0705826 -0.00335963
583.75 0.0693135 1 0.0719754 -0.00266195
584.2 0.0704038 1 0.0733809 -0.00297707
584.65 0.0724941 1 0.0747987 -0.00230465
585.1 0.0735842 1 0.0762286 -0.00264436
585.55 0.0746742 1 0.0776701 -0.00299585
586 0.0747642 1 0.0791229 -0.00435875
586.45 0.0748539 1 0.0805866 -0.00573268
586.9 0.0799436 1 0.0820609 -0.00211725
587.35 0.0780332 1 0.0835452 -0.00551206
587.8 0.0811226 1 0.0850393 -0.00391668
588.25 0.0832119 1 0.0865426 -0.00333069
588.71 0.0843031 1 0.0880884 -0.00378534
589.16 0.0863922 1 0.0896091 -0.00321693
589.61 0.0874811 1 0.0911377 -0.00365652
590.06 0.08657 1 0.0926736 -0.00610361
590.51 0.0906587 1 0.0942164 -0.00355772
590.96 0.0937473 1 0.0957656 -0.00201832
591.41 0.0948358 1 0.0973207 -0.00248489
591.86 0.0929241 1 0.098881 -0.00595692
592.31 0.0970123 1 0.100446 -0.00343383
592.76 0.0971004 1 0.102016 -0.00491509
593.21 0.0991884 1 0.103589 -0.00440013
593.66 0.100276 1 0.105165 -0.00488835
594.11 0.105364 1 0.106743 -0.00137919
594.56 0.106452 1 0.108324 -0.00187204
595.01 0.106539 1 0.109905 -0.0033663
595.46 0.110626 1 0.111488 -0.000861343
595.91 0.111714 1 0.11307 -0.00135655
596.36 0.112801 1 0.114652 -0.0018513
596.81 0.111888 1 0.116233 -0.00434495
597.26 0.116974 1 0.117811 -0.000836842
597.71 0.117061 1 0.119387 -0.00232634
598.16 0.119148 1 0.12096 -0.00181278
598.61 0.120234 1 0.12253 -0.00229551
599.06 0.12332 1 0.124094 -0.000773855
599.51 0.124406 1 0.125654 -0.00124715
599.96 0.126492 1 0.127207 -0.000714732
600.41 0.129578 1 0.128754 0.000824079
600.86 0.127664 1 0.130294 -0.00263005
601.31 0.12875 1 0.131826 -0.00307644
601.76 0.135835 1 0.13335 0.00248558
602.21 0.13392 1 0.134864 -0.000943324
602.65 0.135004 1 0.136335 -0.00133106
603.1 0.136089 1 0.137829 -0.00174006
603.55 0.138174 1 0.139312 -0.00113801
604 0.142259 1 0.140783 0.00147573
604.45 0.141343 1 0.142241 -0.000898197
604.9 0.145428 1 0.143687 0.00174085
605.35 0.147512 1 0.145119 0.00239348
605.8 0.148596 1 0.146536 0.00206032
606.25 0.15068 1 0.147938 0.00274195
606.7 0.150764 1 0.149325 0.00143896
607.15 0.149848 1 0.150696 -0.000848094
607.6 0.151932 1 0.15205 -0.00011866
608.05 0.155015 1 0.153387 0.00162778
608.5 0.154098 1 0.154707 -0.000608256
608.95 0.158182 1 0.156008 0.0021737
609.39 0.158263 1 0.157262 0.00100055
609.84 0.158346 1 0.158526 -0.000180609
610.29 0.161428 1 0.159771 0.00165749
610.74 0.159511 1 0.160996 -0.00148479
611.19 0.162593 1 0.162201 0.000392871
611.64 0.166676 1 0.163385 0.00329077
612.09 0.163758 1 0.164549 -0.000790845
612.54 0.16684 1 0.165692 0.00114824
612.99 0.164922 1 0.166814 -0.00189182
613.44 0.166003 1 0.167914 -0.00191091
613.88 0.168083 1 0.16897 -0.000887
614.33 0.171164 1 0.170029 0.00113555
614.78 0.171246 1 0.171067 0.00017911
615.23 0.174327 1 0.172083 0.00224359
615.68 0.172408 1 0.173079 -0.000671168
616.13 0.174488 1 0.174054 0.000434609
616.58 0.173569 1 0.175008 -0.00143937
617.03 0.171649 1 0.175943 -0.00429346
617.47 0.173728 1 0.176838 -0.00310975
617.92 0.172808 1 0.177734 -0.00492585
618.37 0.172888 1 0.178612 -0.00572357
618.82 0.172968 1 0.179471 -0.00650357
619.27 0.176047 1 0.180314 -0.0042666
619.72 0.176127 1 0.18114 -0.00501349
620.17 0.178206 1 0.181951 -0.00374514
620.61 0.179283 1 0.18273 -0.00344679
621.06 0.177362 1 0.183514 -0.00615138
621.51 0.179441 1 0.184285 -0.00484402
621.96 0.18252 1 0.185046 -0.00252598
622.41 0.181598 1 0.185797 -0.00419865
622.86 0.183677 1 0.18654 -0.00286349
623.3 0.181753 1 0.187261 -0.00550751
623.75 0.181831 1 0.187993 -0.0061616
624.2 0.184909 1 0.188722 -0.00381285
624.65 0.185987 1 0.18945 -0.0034631
625.1 0.186064 1 0.190178 -0.00411432
625.54 0.18814 1 0.190894 -0.00275397
625.99 0.187217 1 0.19163 -0.00441323
626.44 0.191294 1 0.192374 -0.00107984
626.89 0.19137 1 0.193127 -0.0017561
627.34 0.192447 1 0.193892 -0.00144443
627.78 0.190522 1 0.194653 -0.00413151
628.23 0.192598 1 0.195449 -0.00285107
628.68 0.193674 1 0.196264 -0.0025903
629.13 0.19675 1 0.197102 -0.000351869
629.58 0.197826 1 0.197964 -0.000138526
630.02 0.1979 1 0.198834 -0.000934631
630.47 0.200975 1 0.199754 0.00122085
630.92 0.19905 1 0.200707 -0.00165716
631.37 0.202125 1 0.201697 0.000428464
631.81 0.202199 1 0.202702 -0.000503537
632.26 0.204273 1 0.203772 0.000501643
632.71 0.207348 1 0.204886 0.00246186
633.16 0.207422 1 0.206048 0.00137427
633.61 0.209496 1 0.20726 0.00223605
634.05 0.212568 1 0.208497 0.00407153
634.5 0.213642 1 0.209817 0.00382511
634.95 0.216716 1 0.211196 0.00552006
635.4 0.219789 1 0.212635 0.00715384
635.84 0.218861 1 0.214104 0.00475653
636.29 0.220934 1 0.215671 0.00526238
636.74 0.222007 1 0.217306 0.00470028
637.18 0.228078 1 0.218972 0.0091053
637.63 0.22915 1 0.220747 0.00840317
638.08 0.229222 1 0.222595 0.00662775
638.53 0.232295 1 0.224517 0.00777763
638.97 0.235365 1 0.22647 0.00889528
639.42 0.235437 1 0.228542 0.00689424
639.87 0.237508 1 0.230692 0.00681575
640.32 0.242579 1 0.23292 0.00965945
640.76 0.245649 1 0.235173 0.0104757
641.21 0.24572 1 0.237555 0.00816549
641.66 0.247791 1 0.240013 0.00777807
642.1 0.25286 1 0.24249 0.0103699
642.55 0.25293 1 0.245097 0.00783267
643 0.257 1 0.247778 0.00922185
643.44 0.257069 1 0.250469 0.00659972
643.89 0.260139 1 0.253289 0.00684937
644.34 0.263208 1 0.256176 0.00703226
644.79 0.267278 1 0.259126 0.00815148
645.23 0.272345 1 0.262069 0.0102765
645.68 0.272414 1 0.265134 0.00728029
646.13 0.275483 1 0.268251 0.00723192
646.57 0.27855 1 0.271345 0.00720526
647.02 0.282619 1 0.274551 0.00806768
647.47 0.282687 1 0.277794 0.00489285
647.91 0.285753 1 0.280995 0.00475812
648.36 0.289821 1 0.284294 0.00552705
648.81 0.291889 1 0.287612 0.00427707
649.25 0.292955 1 0.290867 0.00208759
649.7 0.299022 1 0.294201 0.00482071
650.15 0.299089 1 0.297532 0.00155629
650.59 0.303154 1 0.30078 0.00237426
651.04 0.305221 1 0.304083 0.0011379
651.48 0.306286 1 0.307287 -0.00100104
651.93 0.307352 1 0.310529 -0.00317688
652.38 0.310418 1 0.313727 -0.00330924
652.82 0.312482 1 0.316803 -0.00432142
653.27 0.315548 1 0.319889 -0.00434149
653.72 0.317613 1 0.322904 -0.00529125
654.16 0.317677 1 0.325775 -0.00809866
654.61 0.321741 1 0.328624 -0.00688225
655.06 0.323806 1 0.331374 -0.00756808
655.5 0.323869 1 0.33396 -0.0100909
655.95 0.326934 1 0.33649 -0.00955631
656.39 0.328996 1 0.338842 -0.00984624
656.84 0.33406 1 0.341116 -0.00705602
657.29 0.331124 1 0.343247 -0.0121235
657.73 0.333186 1 0.345185 -0.0119992
658.18 0.338249 1 0.347009 -0.0087605
658.62 0.337311 1 0.348632 -0.0113214
659.07 0.338373 1 0.350119 -0.0117454
659.52 0.340436 1 0.351424 -0.0109878
659.96 0.341497 1 0.352517 -0.0110206
660.41 0.339559 1 0.353443 -0.0138842
660.85 0.34262 1 0.354154 -0.0115347
661.3 0.343681 1 0.354677 -0.010996
661.74 0.344741 1 0.354984 -0.0102431
662.19 0.343803 1 0.355085 -0.0112826
662.64 0.344864 1 0.354966 -0.0101027
663.08 0.348923 1 0.354634 -0.00571139
663.53 0.346984 1 0.354072 -0.0070882
663.97 0.344043 1 0.353301 -0.00925875
664.42 0.349103 1 0.352287 -0.00318381
664.86 0.345161 1 0.351072 -0.00591029
665.31 0.350221 1 0.349601 0.000620012
665.75 0.347279 1 0.347941 -0.000661249
666.2 0.345339 1 0.346015 -0.000676895
666.65 0.346398 1 0.343863 0.00253497
667.09 0.344455 1 0.34154 0.00291552
667.54 0.341514 1 0.338943 0.00257016
667.98 0.338571 1 0.336193 0.00237763
668.43 0.337629 1 0.333167 0.00446157
668.87 0.335685 1 0.330005 0.00568049
669.32 0.332743 1 0.326567 0.00617562
669.76 0.330799 1 0.323013 0.00778619
670.21 0.327856 1 0.319186 0.00867017
670.65 0.322912 1 0.315263 0.00764856
671.1 0.321969 1 0.311074 0.0108951
671.54 0.318024 1 0.30681 0.0112139
671.99 0.31308 1 0.302287 0.0107933
672.43 0.308135 1 0.297713 0.0104218
672.88 0.303191 1 0.29289 0.0103012
673.32 0.301245 1 0.288039 0.0132062
673.77 0.2923 1 0.28295 0.00935048
674.21 0.289354 1 0.277858 0.0114964
674.66 0.282409 1 0.272541 0.0098684
675.1 0.279463 1 0.267244 0.0122183
675.55 0.272517 1 0.261737 0.0107795
675.99 0.26657 1 0.256275 0.0102952
676.44 0.263624 1 0.250617 0.0130063
676.88 0.254676 1 0.245027 0.00964933
677.33 0.24873 1 0.239259 0.00947092
677.77 0.241782 1 0.233579 0.0082028
678.22 0.234834 1 0.227739 0.00709578
678.66 0.230886 1 0.222007 0.00887865
679.11 0.222938 1 0.216134 0.00680481
679.55 0.215989 1 0.210388 0.00560191
679.99 0.21004 1 0.204647 0.00539293
680.44 0.203092 1 0.198791 0.00430055
680.88 0.197142 1 0.193088 0.00405392
681.33 0.189194 1 0.187287 0.0019063
681.77 0.182243 1 0.181653 0.00058987
682.22 0.174294 1 0.175939 -0.00164464
682.66 0.169343 1 0.170404 -0.00106056
683.11 0.164394 1 0.164805 -0.000410978
683.55 0.155442 1 0.159396 -0.00395336
683.99 0.151491 1 0.154058 -0.00256736
684.44 0.143541 1 0.148679 -0.00513876
684.88 0.139589 1 0.143503 -0.00391411
685.33 0.133638 1 0.138299 -0.00466092
685.77 0.126685 1 0.133302 -0.00661715
686.21 0.121733 1 0.128402 -0.00666907
686.66 0.114781 1 0.123492 -0.00871129
687.1 0.110828 1 0.118795 -0.00796748
687.55 0.107875 1 0.114101 -0.00622505
687.99 0.0999219 1 0.109619 -0.00969733
688.44 0.0989691 1 0.10515 -0.00618079
688.88 0.094015 1 0.100893 -0.00687799
689.32 0.0880606 1 0.0967494 -0.00868877
689.77 0.083107 1 0.09263 -0.009523
690.21 0.0821521 1 0.0887188 -0.00656665
690.65 0.076197 1 0.0849234 -0.00872633
691.1 0.0722427 1 0.0811616 -0.00891895
691.54 0.065287 1 0.0776007 -0.0123137
691.99 0.0643322 1 0.0740784 -0.0097462
692.43 0.061376 1 0.0707505 -0.00937451
692.87 0.0574196 1 0.0675368 -0.0101172
693.32 0.055464 1 0.0643669 -0.00890293
693.76 0.0525071 1 0.0613804 -0.00887336
694.2 0.0525499 1 0.0585042 -0.00595427
694.65 0.0475934 1 0.0556748 -0.0080814
695.09 0.0456358 1 0.0530163 -0.00738058
695.53 0.0416778 1 0.0504626 -0.00878476
695.98 0.0417206 1 0.0479569 -0.00623637
696.42 0.0397621 1 0.0456085 -0.00584642
696.86 0.0328034 1 0.0433582 -0.0105548
697.31 0.0328453 1 0.0411556 -0.00831025
697.75 0.0338861 1 0.0390961 -0.00521004
698.19 0.0289266 1 0.0371272 -0.00820062
698.64 0.0279677 1 0.0352044 -0.00723674
699.08 0.0300077 1 0.0334106 -0.00340297
699.52 0.0280474 1 0.0316994 -0.003652
699.97 0.0250877 1 0.0300318 -0.00494407
700.41 0.0231269 1 0.0284792 -0.00535233
700.85 0.0221658 1 0.027001 -0.00483521
701.3 0.0192053 1 0.0255632 -0.00635798
701.74 0.0172436 1 0.0242272 -0.00698357
702.18 0.0192817 1 0.0229574 -0.00367568
702.63 0.0173204 1 0.0217246 -0.00440414
703.07 0.015358 1 0.0205808 -0.00522282
703.51 0.0163953 1 0.0194955 -0.00310022
703.96 0.0154331 1 0.0184433 -0.00301022
704.4 0.0144699 1 0.0174686 -0.00299879
704.84 0.0105063 1 0.016545 -0.00603869
705.28 0.0125425 1 0.0156701 -0.00312759
705.73 0.0115793 1 0.0148234 -0.00324411
706.17 0.0106149 1 0.0140402 -0.00342528
706.61 0.00965031 1 0.0132991 -0.00364881
707.06 0.00968621 1 0.0125826 -0.00289637
707.5 0.00872104 1 0.0119204 -0.00319937
707.94 0.00475559 1 0.0112943 -0.00653873
708.38 0.00678987 1 0.0107025 -0.00391259
708.83 0.00682465 1 0.0101307 -0.00330606
709.27 0.00685837 1 0.00960272 -0.00274436
709.71 0.00489181 1 0.00910382 -0.00421201
710.15 0.00892498 1 0.00863243 0.000292551
710.6 0.00695861 1 0.00817723 -0.00121861
711.04 0.00499122 1 0.00775699 -0.00276576
711.48 0.00402355 1 0.00735994 -0.00333639
711.92 0.00705559 1 0.0069848 7.0794e-05
712.37 0.00308808 1 0.0066225 -0.00353442
712.81 0.00311956 1 0.00628796 -0.0031684
713.25 0.00415076 1 0.00597177 -0.00182101
713.69 0.00618167 1 0.00567289 0.00050878
714.13 -0.000787692 1 0.00539033 -0.00617802
714.58 0.00124335 1 0.00511722 -0.00387388
715.02 0.00127341 1 0.00486482 -0.00359141
715.46 -0.000696817 1 0.00462602 -0.00532283
715.9 0.00233268 1 0.00440004 -0.00206736
716.35 0.00336254 1 0.0041814 -0.000818856
716.79 0.000391455 1 0.0039791 -0.00358764
717.23 0.00242008 1 0.00378748 -0.00136739
717.67 0.00444842 1 0.00360592 0.000842507
718.11 0.00147647 1 0.00343382 -0.00195735
718.56 0.00150487 1 0.00326704 -0.00176217
719 0.00153233 1 0.00311245 -0.00158011
719.44 0.00255951 1 0.00296576 -0.000406245
719.88 -0.0014136 1 0.00282651 -0.00424011
720.32 0.001613 1 0.00269428 -0.00108129
720.76 0.0016393 1 0.00256867 -0.00092937
721.21 0.000665905 1 0.00244666 -0.00178075
721.65 0.00269162 1 0.0023333 0.000358317
722.09 0.00271704 1 0.0022255 0.000491545
722.53 0.000742168 1 0.00212293 -0.00138076
722.97 0.001767 1 0.00202532 -0.000258314
723.41 -0.00020846 1 0.00193238 -0.00214084
723.86 0.00281633 1 0.00184191 0.000974423
724.3 0.00284027 1 0.00175768 0.00108259
724.74 0.00186391 1 0.0016774 0.00018651
725.18 0.000887259 1 0.00160088 -0.000713621
725.62 0.00391031 1 0.00152791 0.0023824
726.06 0.00393306 1 0.00145831 0.00247475
726.5 0.00195551 1 0.0013919 0.000563602
726.95 0.00297816 1 0.00132713 0.00165103
727.39 0 1 0.00126671 -0.00126671
727.83 0.00102154 1 0.00120902 -0.000187475
728.27 0.00104279 1 0.00115393 -0.000111146
728.71 0.00406373 1 0.00110132 0.00296241
729.15 0.00308439 1 0.00105107 0.00203332
729.59 0.00510475 1 0.00100306 0.00410169
730.03 0.00312481 1 0.000957184 0.00216763
730.48 0.00214504 1 0.000912375 0.00123266
730.92 -0.000835474 1 0.000870527 -0.001706
731.36 0.00118373 1 0.00083053 0.000353197
731.8 0.00320265 1 0.000792302 0.00241034
732.24 0.00522128 1 0.000755761 0.00446552
732.68 0.00323964 1 0.000720833 0.00251881
733.12 0.00425773 1 0.000687446 0.00357028
733.56 0.00427553 1 0.000655531 0.00362
734 0.00429307 1 0.000625024 0.00366805
734.44 0.00431033 1 0.000595863 0.00371447
734.89 0.00532771 1 0.000567371 0.00476034
735.33 0.00334444 1 0.000540757 0.00280368
735.77 0.00336089 1 0.000515321 0.00284557
736.21 0.00337709 1 0.000491012 0.00288608
736.65 0.00439302 1 0.000467782 0.00392524
737.09 0.0034087 1 0.000445585 0.00296312
737.53 0.00542412 1 0.000424377 0.00499974
737.97 0.00743929 1 0.000404115 0.00703517
738.41 0.0024542 1 0.000384761 0.00206944
738.85 0.00746886 1 0.000366274 0.00710259
739.29 0.00748328 1 0.000348619 0.00713466
739.73 0.00449744 1 0.00033176 0.00416568
740.17 0.00351137 1 0.000315664 0.0031957
740.61 0.00452505 1 0.000300297 0.00422475
741.05 0.00353849 1 0.00028563 0.00325286
741.49 0.00555169 1 0.000271631 0.00528006
741.93 0.00156465 1 0.000258274 0.00130638
742.37 0.00457738 1 0.00024553 0.00433185
742.81 0.00458988 1 0.000233374 0.00435651
743.26 0.00260242 1 0.000221523 0.0023809
743.7 0.00261446 1 0.000210478 0.00240398
744.14 0.00762626 1 0.000199948 0.00742632
744.58 0.00663785 1 0.000189911 0.00644794
745.02 0.00564921 1 0.000180344 0.00546886
745.46 0.00566035 1 0.000171227 0.00548912
745.9 0.00467127 1 0.000162542 0.00450873
746.34 0.00768198 1 0.000154268 0.00752771
746.78 0.00469247 1 0.000146388 0.00454608
747.22 0.00370275 1 0.000138885 0.00356386
747.66 0.00371282 1 0.000131741 0.00358107
748.1 0.00572268 1 0.000124942 0.00559773
748.54 0.00373233 1 0.000118471 0.00361386
748.98 0.00274178 1 0.000112314 0.00262947
749.42 0.00475103 1 0.000106457 0.00464457
749.86 0.00576008 1 0.000100886 0.00565919
750.29 0.00576873 1 9.57062e-05 0.00567302
750.73 0.00577738 1 9.06639e-05 0.00568672
751.17 0.00378585 1 8.58709e-05 0.00369998
751.61 0.00279412 1 8.13158e-05 0.0027128
752.05 0.0048022 1 7.69876e-05 0.00472521
752.49 0.00181009 1 7.28758e-05 0.00173722
752.93 0.0028178 1 6.89705e-05 0.00274883
753.37 0.00482532 1 6.52619e-05 0.00476006
753.81 0.00583266 1 6.1741e-05 0.00577092
754.25 0.00183982 1 5.83988e-05 0.00178142
754.69 0.0028468 1 5.52269e-05 0.00279157
755.13 0.00285361 1 5.22173e-05 0.00280139
755.57 0.00186024 1 4.93622e-05 0.00181088
756.01 0.0018667 1 4.66542e-05 0.00182004
756.45 0.00287299 1 4.40863e-05 0.0028289
756.89 0.00587911 1 4.16518e-05 0.00583745
757.33 0.00488506 1 3.93441e-05 0.00484572
757.77 0.00189085 1 3.71572e-05 0.00185369
758.21 0.00389648 1 3.5085e-05 0.0038614
758.64 0.00390183 1 3.31655e-05 0.00386866
759.08 0.00290714 1 3.1304e-05 0.00287584
759.52 0.0029123 1 2.95413e-05 0.00288276
759.96 0.0039173 1 2.78725e-05 0.00388943
760.4 0.000922154 1 2.62929e-05 0.000895861
760.84 0.00592686 1 2.47981e-05 0.00590206
761.28 0.00393141 1 2.33837e-05 0.00390803
761.72 0.00393582 1 2.20457e-05 0.00391377
762.16 0.00194008 1 2.07803e-05 0.0019193
762.6 0.0049442 1 1.95838e-05 0.00492462
763.03 0.0019481 1 1.84776e-05 0.00192962
763.47 0.000951942 1 1.7407e-05 0.000934535
763.91 0.00595565 1 1.63953e-05 0.00593926
764.35 0.00495923 1 1.54394e-05 0.00494379
764.79 0.00496267 1 1.45364e-05 0.00494814
765.23 0.00396599 1 1.36836e-05 0.0039523
765.67 0.00596917 1 1.28784e-05 0.0059563
766.11 0.00297224 1 1.21182e-05 0.00296012
766.54 0.000975107 1 1.14165e-05 0.00096369
766.98 0.000977924 1 1.07385e-05 0.000967186
767.42 0.00198062 1 1.00988e-05 0.00197052
767.86 0.000983201 1 9.49539e-06 0.000973706
768.3 -1.43354e-05 1 8.92631e-06 -2.32617e-05
768.74 -1.19859e-05 1 8.38972e-06 -2.03756e-05
769.17 0.000990202 1 7.89504e-06 0.000982307
769.61 0.00399233 1 7.41761e-06 0.00398491
770.05 0.00199435 1 6.96771e-06 0.00198739
770.49 0.00299627 1 6.54384e-06 0.00298973
770.93 0.00399808 1 6.14456e-06 0.00399194
771.37 0.000999793 1 5.76854e-06 0.000994024
771.8 -0.000998632 1 5.42229e-06 -0.00100405
772.24 0.00700288 1 5.08853e-06 0.00699779
772.68 0.0040043 1 4.77438e-06 0.00399953
773.12 0.00100563 1 4.47877e-06 0.00100115
773.56 0.00400686 1 4.20065e-06 0.00400266
774 0.003008 1 3.93904e-06 0.00300406
774.43 0.00200903 1 3.69844e-06 0.00200533
774.87 0.00101 1 3.46679e-06 0.00100654
775.31 -0.000989109 1 3.24901e-06 -0.000992358
775.75 0.0040117 1 3.04434e-06 0.00400865
776.19 0.00201242 1 2.852e-06 0.00200957
776.62 0.00301305 1 2.67528e-06 0.00301038
777.06 0.00201363 1 2.50531e-06 0.00201112
777.5 0.00201413 1 2.34568e-06 0.00201178
777.94 0.00301455 1 2.1958e-06 0.00301236
778.37 0.0010149 1 2.0582e-06 0.00101285
778.81 0.00101519 1 1.92595e-06 0.00101327
779.25 0.00301542 1 1.80186e-06 0.00301362
779.69 0.00301558 1 1.68543e-06 0.00301389
780.13 -0.00198432 1 1.57622e-06 -0.0019859
780.56 0.00301572 1 1.47606e-06 0.00301424
781 0.0030157 1 1.3799e-06 0.00301432
781.44 0.00301563 1 1.28975e-06 0.00301434
781.88 0.0040155 1 1.20525e-06 0.00401429
782.31 0.00201533 1 1.12782e-06 0.0020142
782.75 0.0040151 1 1.05353e-06 0.00401404
783.19 -0.000985179 1 9.83947e-07 -0.000986163
783.63 0.0020145 1 9.18782e-07 0.00201358
784.06 1.41424e-05 1 8.59109e-07 1.32833e-05
784.5 0.00201374 1 8.01906e-07 0.00201293
784.94 1.3289e-05 1 7.48367e-07 1.25406e-05
785.37 0.00201282 1 6.99369e-07 0.00201212
785.81 0.0030123 1 6.52427e-07 0.00301164
786.25 1.17423e-05 1 6.08519e-07 1.11338e-05
786.69 0.00501116 1 5.67456e-07 0.00501059
787.12 0.00301056 1 5.29905e-07 0.00301003
787.56 9.91255e-06 1 4.93959e-07 9.41859e-06
788 0.00300924 1 4.60362e-07 0.00300878
788.43 0.00100857 1 4.29657e-07 0.00100814
788.87 0.00100785 1 4.00281e-07 0.00100745
789.31 0.00300712 1 3.72841e-07 0.00300675
789.75 0.00700637 1 3.47216e-07 0.00700602
790.18 0.00200562 1 3.23815e-07 0.00200529
790.62 4.83411e-06 1 3.01444e-07 4.53266e-06
791.06 -0.00199596 1 2.80564e-07 -0.00199624
791.49 -0.000996745 1 2.61508e-07 -0.000997006
791.93 0.00100244 1 2.43302e-07 0.0010022
792.37 1.62612e-06 1 2.2632e-07 1.3998e-06
792.8 0.00300082 1 2.1083e-07 0.00300061
793.24 0 1 1.96039e-07 -1.96039e-07
793.68 -8.23382e-07 1 1.82251e-07 -1.00563e-06
794.11 -1.62612e-06 1 1.69682e-07 -1.7958e-06
794.55 0.00299756 1 1.57688e-07 0.0029974
794.99 0.00299674 1 1.46513e-07 0.0029966
795.42 -0.00200404 1 1.36332e-07 -0.00200418
795.86 0.00299517 1 1.26622e-07 0.00299504
796.3 0.00299438 1 1.17581e-07 0.00299427
796.73 0.00199363 1 1.09349e-07 0.00199352
797.17 0.00299288 1 1.01503e-07 0.00299278
797.61 0.00299215 1 9.42015e-08 0.00299205
798.04 -0.00100855 1 8.75573e-08 -0.00100864
798.48 -9.24372e-06 1 8.1228e-08 -9.32495e-06
798.91 0.000990102 1 7.54707e-08 0.000990027
799.35 -1.05411e-05 1 6.99884e-08 -1.06111e-05
799.79 0.00198884 1 6.48918e-08 0.00198878
800.22 -0.00301173 1 6.02586e-08 -0.00301179
800.66 -0.00301228 1 5.58492e-08 -0.00301234
801.1 0.0019872 1 5.17525e-08 0.00198714
