500.34 -0.000613427 1 6.72784e-05 -0.000680706
500.8 0.00147502 1 7.13339e-05 0.00140369
501.25 -0.00143845 1 7.55221e-05 -0.00151397
501.71 0.00165001 1 8.00407e-05 0.00156997
502.17 0.00273846 1 8.48115e-05 0.00265365
502.62 -0.000174999 1 8.97351e-05 -0.000264734
503.08 0.000913462 1 9.50436e-05 0.000818418
503.53 0 1 0.00010052 -0.00010052
503.99 0.00108846 1 0.000106421 0.00098204
504.44 0.001175 1 0.000112506 0.00106249
504.9 0.00126346 1 0.000119061 0.0011444
505.36 0.000351916 1 0.00012597 0.000225945
505.81 0.00143845 1 0.00013309 0.00130536
506.27 -0.000473099 1 0.000140755 -0.000613854
506.72 0.00261343 1 0.000148649 0.00246478
507.18 0.00270187 1 0.000157143 0.00254473
507.63 -0.00121161 1 0.000165887 -0.0013775
508.09 0.00187683 1 0.000175292 0.00170153
508.54 0.000963334 1 0.00018497 0.000778364
509 0.00105176 1 0.000195374 0.000856384
509.45 0.00113825 1 0.000206075 0.000932178
509.91 0.00222666 1 0.000217574 0.00200909
510.36 0.00131314 1 0.000229397 0.00108375
510.82 0.00140154 1 0.000242095 0.00115944
511.27 0.002488 1 0.000255144 0.00223286
511.73 0.00257637 1 0.000269154 0.00230722
512.19 0.00266474 1 0.000283872 0.00238087
512.64 0.00275117 1 0.000298986 0.00245219
513.1 0.000839514 1 0.000315203 0.000524312
513.55 0.00192592 1 0.000331848 0.00159408
514.01 0.00201424 1 0.000349699 0.00166454
514.46 0.00310063 1 0.000368014 0.00273262
514.92 0.00218892 1 0.000387646 0.00180128
515.37 0.00327528 1 0.00040778 0.0028675
515.83 0.00336354 1 0.000429352 0.00293419
516.28 0.00144987 1 0.000451465 0.000998408
516.73 0.00153619 1 0.00047462 0.00106157
517.19 0.000624403 1 0.000499412 0.000124991
517.64 0.00171068 1 0.000524809 0.00118588
518.1 0.00179887 1 0.000551989 0.00124688
518.55 0.00388511 1 0.000579819 0.00330529
519.01 0.00397326 1 0.000609591 0.00336367
519.46 0.00105947 1 0.000640061 0.000419407
519.92 0.000147575 1 0.000672641 -0.000525066
520.37 0.00123375 1 0.000705971 0.000527775
520.83 0.00432181 1 0.000741592 0.00358022
521.28 0.00140794 1 0.000778016 0.000629924
521.74 0.00149596 1 0.000816927 0.000679035
522.19 0.00258205 1 0.000856697 0.00172535
522.65 0.00167002 1 0.000899163 0.000770862
523.1 0.00175607 1 0.000942546 0.000813519
523.55 0.00184208 1 0.000987821 0.000854261
524.01 0.00192999 1 0.00103613 0.000893855
524.46 0.00401595 1 0.00108545 0.0029305
524.92 0.00410381 1 0.00113806 0.00296575
525.37 0.00218972 1 0.00119174 0.000997988
525.83 0.00427752 1 0.00124896 0.00302856
526.28 0.00436339 1 0.00130733 0.00305605
526.73 0.00244922 1 0.00136815 0.00108107
527.19 0.00453694 1 0.00143294 0.003104
527.64 0.00262272 1 0.00149898 0.00112374
528.1 0.00471037 1 0.00156931 0.00314107
528.55 0.00579609 1 0.00164095 0.00415514
529.01 0.00488369 1 0.00171721 0.00316648
529.46 0.00396935 1 0.00179487 0.00217448
529.91 0.00505498 1 0.00187565 0.00317932
530.37 0.00414247 1 0.00196158 0.0021809
530.82 0.00522804 1 0.00204902 0.00317902
531.28 0.00331547 1 0.00214198 0.00117349
531.73 0.00540097 1 0.00223653 0.00316443
532.18 0.00648643 1 0.00233479 0.00415164
532.64 0.00557376 1 0.00243917 0.00313459
533.09 0.00565915 1 0.00254527 0.00311388
533.54 0.00574451 1 0.00265545 0.00308906
534 0.00583173 1 0.00277242 0.00305931
534.45 0.00791701 1 0.00289123 0.00502579
534.91 0.00900416 1 0.0030173 0.00598685
535.36 0.00508937 1 0.00314531 0.00194406
535.81 0.00917454 1 0.00327807 0.00589647
536.27 0.00826156 1 0.00341885 0.00484271
536.72 0.00734666 1 0.00356169 0.00378497
537.17 0.00643171 1 0.00370973 0.00272198
537.63 0.00951861 1 0.00386661 0.005652
538.08 0.00960358 1 0.00402567 0.00557792
538.54 0.0106904 1 0.00419413 0.00649627
538.99 0.00877529 1 0.00436485 0.00441044
539.44 0.00786013 1 0.00454159 0.00331854
539.9 0.00794682 1 0.00472866 0.00321816
540.35 0.00803158 1 0.00491809 0.00311348
540.8 0.0101163 1 0.00511407 0.00500222
541.26 0.0132028 1 0.00532135 0.00788149
541.71 0.0132875 1 0.00553111 0.00775635
542.16 0.013372 1 0.00574796 0.00762407
542.62 0.0124584 1 0.00597716 0.00648129
543.07 0.0145429 1 0.00620893 0.008334
543.52 0.0126274 1 0.00644837 0.006179
543.98 0.0127136 1 0.00670126 0.00601237
544.43 0.012798 1 0.0069568 0.00584116
544.88 0.0128823 1 0.00722062 0.00566164
545.34 0.0159684 1 0.00749905 0.00846931
545.79 0.0150526 1 0.00778021 0.00727234
546.24 0.0151367 1 0.00807026 0.00706643
546.69 0.0152208 1 0.00836941 0.00685137
547.15 0.0173067 1 0.00868483 0.00862185
547.6 0.0163907 1 0.00900304 0.00738763
548.05 0.0174746 1 0.00933099 0.0081436
548.51 0.0195603 1 0.00967654 0.00988379
548.96 0.0176442 1 0.0100249 0.00761927
549.41 0.0177279 1 0.0103836 0.00734428
549.86 0.0178116 1 0.010753 0.0070586
550.32 0.0198971 1 0.0111419 0.00875528
550.77 0.0199807 1 0.0115335 0.00844728
551.22 0.0200643 1 0.0119364 0.00812791
551.68 0.0211496 1 0.0123602 0.00878944
552.13 0.0212331 1 0.0127867 0.00844636
552.58 0.0203164 1 0.0132252 0.0070912
553.03 0.0223997 1 0.013676 0.00872375
553.49 0.0204848 1 0.0141496 0.00633518
553.94 0.021568 1 0.0146259 0.00694215
554.39 0.0256511 1 0.015115 0.0105361
554.84 0.0247342 1 0.0156173 0.00911688
555.3 0.0248191 1 0.0161447 0.0086744
555.75 0.024902 1 0.0166743 0.00822771
556.2 0.0239849 1 0.0172178 0.0067671
556.65 0.0260677 1 0.0177754 0.00829235
557.11 0.0281523 1 0.0183601 0.0097922
557.56 0.025235 1 0.0189468 0.00628816
558.01 0.0273176 1 0.0195483 0.00776932
558.46 0.0264002 1 0.0201647 0.00623543
558.92 0.0294845 1 0.0208106 0.00867393
559.37 0.0305669 1 0.0214579 0.00910899
559.82 0.0316493 1 0.0221209 0.00952836
560.27 0.0317316 1 0.0227997 0.00893186
560.72 0.0328138 1 0.0234945 0.00931926
561.18 0.0338978 1 0.0242216 0.00967621
561.63 0.0319799 1 0.0249494 0.00703046
562.08 0.0340619 1 0.0256938 0.00836803
562.53 0.0361438 1 0.0264551 0.00968874
562.99 0.0372275 1 0.0272508 0.00997671
563.44 0.0363093 1 0.0280466 0.00826275
563.89 0.036391 1 0.0288597 0.00753137
564.34 0.0374727 1 0.0296903 0.00778243
564.79 0.0385543 1 0.0305385 0.00801576
565.25 0.0386376 1 0.031424 0.00721356
565.7 0.042719 1 0.0323085 0.0104106
566.15 0.0418004 1 0.033211 0.00858941
566.6 0.0418817 1 0.0341317 0.00774995
567.05 0.0419629 1 0.0350708 0.00689205
567.5 0.045044 1 0.0360284 0.00901561
567.96 0.0451269 1 0.0370265 0.00810042
568.41 0.0442079 1 0.0380217 0.00618617
568.86 0.0452888 1 0.0390357 0.00625307
569.31 0.0463696 1 0.0400686 0.00630104
569.76 0.0454503 1 0.0411203 0.00433002
570.21 0.045531 1 0.0421911 0.00333995
570.67 0.0486134 1 0.0433053 0.00530813
571.12 0.0486939 1 0.0444145 0.00427937
571.57 0.0517743 1 0.0455429 0.00623144
572.02 0.0518547 1 0.0466903 0.00516432
572.47 0.0499349 1 0.0478569 0.00207799
572.92 0.0520151 1 0.0490426 0.00297247
573.37 0.0530952 1 0.0502474 0.00284776
573.83 0.055177 1 0.0514987 0.00367827
574.28 0.0542569 1 0.052742 0.00151488
574.73 0.0553367 1 0.0540043 0.00133244
575.18 0.0584165 1 0.0552855 0.00313101
575.63 0.0594962 1 0.0565855 0.00291068
576.08 0.0585757 1 0.0579042 0.000671534
576.53 0.0586552 1 0.0592415 -0.000586308
576.98 0.0597346 1 0.0605974 -0.000862726
577.44 0.0628157 1 0.0620023 0.000813432
577.89 0.061895 1 0.0633951 -0.00150012
578.34 0.0649741 1 0.0648059 0.000168212
578.79 0.0640531 1 0.0662345 -0.00218139
579.24 0.0671321 1 0.0676808 -0.000548737
579.69 0.068211 1 0.0691446 -0.000933609
580.14 0.0682898 1 0.0706255 -0.00233578
580.59 0.0703684 1 0.0721235 -0.00175501
581.04 0.069447 1 0.0736381 -0.00419103
581.49 0.0715255 1 0.0751691 -0.00364358
581.95 0.0736057 1 0.0767509 -0.00314518
582.4 0.076684 1 0.0783142 -0.00163023
582.85 0.0747622 1 0.0798931 -0.00513089
583.3 0.0788404 1 0.0814872 -0.00264679
583.75 0.0809184 1 0.083096 -0.0021776
584.2 0.0799963 1 0.0847193 -0.00472294
584.65 0.0830742 1 0.0863566 -0.00328242
585.1 0.0821519 1 0.0880075 -0.00585564
585.55 0.0842295 1 0.0896717 -0.00544218
586 0.0863071 1 0.0913487 -0.0050416
586.45 0.0883845 1 0.093038 -0.00465345
586.9 0.0894619 1 0.0947391 -0.00527726
587.35 0.0905391 1 0.0964517 -0.00591255
587.8 0.0936163 1 0.0981751 -0.00455881
588.25 0.0956933 1 0.0999088 -0.00421554
588.71 0.095772 1 0.101691 -0.00591934
589.16 0.0988488 1 0.103444 -0.00459559
589.61 0.0989255 1 0.105206 -0.00628064
590.06 0.100002 1 0.106976 -0.00697394
590.51 0.103079 1 0.108754 -0.00567487
590.96 0.105155 1 0.110538 -0.00538285
591.41 0.109231 1 0.112329 -0.00309724
591.86 0.109308 1 0.114125 -0.00481743
592.31 0.112384 1 0.115927 -0.00354275
592.76 0.11146 1 0.117732 -0.00627256
593.21 0.114536 1 0.119542 -0.00500618
593.66 0.116611 1 0.121354 -0.00474293
594.11 0.121687 1 0.123169 -0.00148212
594.56 0.123763 1 0.124986 -0.00122303
595.01 0.122838 1 0.126803 -0.00396495
595.46 0.125914 1 0.128621 -0.00270715
595.91 0.126989 1 0.130438 -0.00344891
596.36 0.129064 1 0.132253 -0.00318947
596.81 0.130139 1 0.134067 -0.00392808
597.26 0.131214 1 0.135878 -0.00466397
597.71 0.136289 1 0.137685 -0.00139639
598.16 0.139363 1 0.139488 -0.000124559
598.61 0.138438 1 0.141286 -0.0028477
599.06 0.139512 1 0.143077 -0.00356502
599.51 0.140587 1 0.144862 -0.00427574
599.96 0.145661 1 0.14664 -0.000979069
600.41 0.149735 1 0.148409 0.00132578
600.86 0.146809 1 0.150169 -0.00336039
601.31 0.145883 1 0.15192 -0.0060368
601.76 0.152957 1 0.153659 -0.000702655
602.21 0.15303 1 0.155388 -0.00235716
602.65 0.157102 1 0.157065 3.6814e-05
603.1 0.157176 1 0.158769 -0.00159296
603.55 0.159249 1 0.160458 -0.00120907
604 0.161322 1 0.162133 -0.000810751
604.45 0.164395 1 0.163792 0.000602747
604.9 0.164468 1 0.165436 -0.000967829
605.35 0.168541 1 0.167063 0.00147825
605.8 0.170614 1 0.168672 0.00194171
606.25 0.173686 1 0.170263 0.00342325
606.7 0.172759 1 0.171835 0.000923557
607.15 0.172831 1 0.173388 -0.000556708
607.6 0.172903 1 0.17492 -0.0020169
608.05 0.176975 1 0.176432 0.000543606
608.5 0.179047 1 0.177922 0.0011254
608.95 0.182119 1 0.17939 0.00272905
609.39 0.181189 1 0.180804 0.000385387
609.84 0.183261 1 0.182227 0.00103382
610.29 0.184332 1 0.183627 0.000705613
610.74 0.185403 1 0.185002 0.000401197
611.19 0.184475 1 0.186354 -0.00187903
611.64 0.187546 1 0.18768 -0.000134732
612.09 0.189617 1 0.188982 0.000634407
612.54 0.190687 1 0.190259 0.000428639
612.99 0.188758 1 0.19151 -0.00275183
613.44 0.190829 1 0.192736 -0.00190686
613.88 0.194898 1 0.193909 0.000988464
614.33 0.193968 1 0.195084 -0.00111604
614.78 0.196038 1 0.196233 -0.000195008
615.23 0.198108 1 0.197357 0.000751447
615.68 0.196178 1 0.198455 -0.00227684
616.13 0.196248 1 0.199528 -0.00328013
616.58 0.197317 1 0.200576 -0.00325873
617.03 0.198387 1 0.2016 -0.00321305
617.47 0.197454 1 0.202578 -0.00512317
617.92 0.199524 1 0.203555 -0.00403101
618.37 0.199593 1 0.204509 -0.00491631
618.82 0.201662 1 0.205441 -0.00377981
619.27 0.20273 1 0.206353 -0.00362239
619.72 0.202799 1 0.207244 -0.004445
620.17 0.203868 1 0.208116 -0.0042487
620.61 0.206935 1 0.208952 -0.00201739
621.06 0.205003 1 0.20979 -0.00478726
621.51 0.207071 1 0.210613 -0.00354204
621.96 0.206139 1 0.211422 -0.00528321
622.41 0.207207 1 0.212219 -0.00501241
622.86 0.209274 1 0.213006 -0.00373136
623.3 0.20834 1 0.213767 -0.0054262
623.75 0.207408 1 0.214538 -0.00713043
624.2 0.209475 1 0.215305 -0.00583027
624.65 0.211542 1 0.21607 -0.0045279
625.1 0.214609 1 0.216835 -0.00222566
625.54 0.214674 1 0.217585 -0.00291035
625.99 0.213741 1 0.218357 -0.00461561
626.44 0.216808 1 0.219136 -0.00232855
626.89 0.216874 1 0.219926 -0.00305195
627.34 0.21694 1 0.220729 -0.00378868
627.78 0.219005 1 0.22153 -0.00252476
628.23 0.221071 1 0.222367 -0.00129665
628.68 0.221136 1 0.223227 -0.00209098
629.13 0.223202 1 0.224113 -0.000910964
629.58 0.223268 1 0.225028 -0.00175991
630.02 0.226332 1 0.225953 0.000378771
630.47 0.227397 1 0.226934 0.00046257
630.92 0.228462 1 0.227955 0.00050722
631.37 0.228527 1 0.229017 -0.000490782
631.81 0.23059 1 0.230101 0.000488768
632.26 0.231654 1 0.231258 0.000396015
632.71 0.237719 1 0.232469 0.00525009
633.16 0.236783 1 0.233736 0.00304749
633.61 0.237847 1 0.235063 0.00278473
634.05 0.24191 1 0.236421 0.00548858
634.5 0.242974 1 0.237877 0.0050968
634.95 0.244037 1 0.239402 0.00463488
635.4 0.247101 1 0.241001 0.00609963
635.84 0.250163 1 0.242638 0.00752467
636.29 0.252226 1 0.24439 0.00783556
636.74 0.254289 1 0.246224 0.00806447
637.18 0.25735 1 0.248099 0.00925101
637.63 0.257413 1 0.250103 0.00731043
638.08 0.259476 1 0.252195 0.00728084
638.53 0.265538 1 0.254378 0.0111603
638.97 0.266599 1 0.256601 0.0099975
639.42 0.270661 1 0.258968 0.0116927
639.87 0.270723 1 0.26143 0.00929289
640.32 0.274785 1 0.263987 0.0107975
640.76 0.276845 1 0.26658 0.0102646
641.21 0.279906 1 0.269327 0.0105793
641.66 0.281967 1 0.272169 0.00979817
642.1 0.285027 1 0.27504 0.00998706
642.55 0.289088 1 0.278069 0.0110193
643 0.291149 1 0.28119 0.0099593
643.44 0.292208 1 0.284328 0.00788006
643.89 0.298269 1 0.287624 0.010644
644.34 0.301329 1 0.291006 0.0103232
644.79 0.306389 1 0.294468 0.0119209
645.23 0.307447 1 0.297928 0.00951914
645.68 0.311507 1 0.30154 0.00996764
646.13 0.314567 1 0.305219 0.00934768
646.57 0.319625 1 0.308878 0.0107471
647.02 0.320684 1 0.312676 0.00800786
647.47 0.322743 1 0.316526 0.00621744
647.91 0.327801 1 0.320333 0.00746822
648.36 0.33086 1 0.324263 0.00659683
648.81 0.334918 1 0.328222 0.00669566
649.25 0.332975 1 0.332115 0.000860132
649.7 0.337033 1 0.336109 0.000924221
650.15 0.342091 1 0.340108 0.00198376
650.59 0.347148 1 0.344013 0.00313533
651.04 0.349206 1 0.347992 0.00121342
651.48 0.352262 1 0.35186 0.000401768
651.93 0.353319 1 0.355782 -0.00246289
652.38 0.354376 1 0.35966 -0.00528316
652.82 0.360432 1 0.363398 -0.0029654
653.27 0.360489 1 0.367155 -0.00666631
653.72 0.363546 1 0.370836 -0.00729057
654.16 0.367601 1 0.37435 -0.00674951
654.61 0.368657 1 0.377846 -0.00918937
655.06 0.371713 1 0.381233 -0.00951933
655.5 0.374768 1 0.384426 -0.00965829
655.95 0.374824 1 0.387562 -0.012738
656.39 0.379878 1 0.390489 -0.0106111
656.84 0.382933 1 0.393331 -0.0103975
657.29 0.383989 1 0.396008 -0.0120197
657.73 0.384042 1 0.398457 -0.0144147
658.18 0.388097 1 0.400779 -0.0126815
658.62 0.389151 1 0.402861 -0.0137101
659.07 0.391205 1 0.404788 -0.0135832
659.52 0.393259 1 0.406503 -0.0132437
659.96 0.396312 1 0.407966 -0.0116535
660.41 0.394366 1 0.409235 -0.0148687
660.85 0.396419 1 0.410247 -0.0138282
661.3 0.396472 1 0.411041 -0.0145686
661.74 0.398524 1 0.411576 -0.0130512
662.19 0.398577 1 0.41187 -0.0132922
662.64 0.39863 1 0.411903 -0.0132727
663.08 0.401682 1 0.41168 -0.00999766
663.53 0.405735 1 0.411186 -0.00545095
663.97 0.401786 1 0.41044 -0.0086541
664.42 0.402838 1 0.409407 -0.00656872
664.86 0.402889 1 0.408131 -0.00524169
665.31 0.403941 1 0.406553 -0.00261204
665.75 0.402991 1 0.404744 -0.0017523
666.2 0.400043 1 0.402622 -0.00257878
666.65 0.400094 1 0.400226 -0.000132329
667.09 0.398144 1 0.397623 0.000521336
667.54 0.398195 1 0.394695 0.00349973
667.98 0.394244 1 0.391578 0.00266676
668.43 0.393295 1 0.388133 0.00516182
668.87 0.391344 1 0.38452 0.00682448
669.32 0.390394 1 0.380579 0.00981532
669.76 0.385443 1 0.376492 0.00895057
670.21 0.383493 1 0.372082 0.011411
670.65 0.376541 1 0.36755 0.00899088
671.1 0.37459 1 0.3627 0.01189
671.54 0.370638 1 0.357756 0.012882
671.99 0.368687 1 0.352503 0.0161844
672.43 0.357735 1 0.347183 0.0105521
672.88 0.354783 1 0.341564 0.0132189
673.32 0.350831 1 0.335908 0.0149226
673.77 0.343879 1 0.329967 0.0139115
674.21 0.336925 1 0.324017 0.0129088
674.66 0.329973 1 0.317798 0.0121755
675.1 0.32402 1 0.311598 0.0124218
675.55 0.321067 1 0.305147 0.01592
675.99 0.311113 1 0.298743 0.0123697
676.44 0.30416 1 0.292108 0.0120521
676.88 0.297205 1 0.285547 0.0116587
677.33 0.292252 1 0.278774 0.0134779
677.77 0.282297 1 0.272102 0.0101951
678.22 0.275343 1 0.265239 0.010104
678.66 0.269388 1 0.258502 0.0108861
679.11 0.259434 1 0.251595 0.00783842
679.55 0.252478 1 0.244837 0.00764112
679.99 0.243522 1 0.238084 0.00543816
680.44 0.236567 1 0.231194 0.00537326
680.88 0.227611 1 0.224483 0.0031282
681.33 0.221656 1 0.217656 0.00400004
681.77 0.211699 1 0.211025 0.000674054
682.22 0.204743 1 0.204299 0.000444392
682.66 0.196786 1 0.197785 -0.000998386
683.11 0.19083 1 0.191195 -0.000364592
683.55 0.179873 1 0.18483 -0.00495675
683.99 0.174915 1 0.178549 -0.00363373
684.44 0.168958 1 0.17222 -0.00326167
684.88 0.162 1 0.16613 -0.00413013
685.33 0.154043 1 0.160009 -0.00596644
685.77 0.147084 1 0.154134 -0.00704993
686.21 0.143126 1 0.148373 -0.00524727
686.66 0.133168 1 0.142603 -0.00943504
687.1 0.127209 1 0.137084 -0.00987556
687.55 0.12225 1 0.13157 -0.00931977
687.99 0.116291 1 0.126309 -0.0100177
688.44 0.112332 1 0.121063 -0.00873094
688.88 0.107372 1 0.116069 -0.00869676
689.32 0.102412 1 0.11121 -0.00879787
689.77 0.0944525 1 0.106381 -0.011929
690.21 0.0924919 1 0.101799 -0.00930741
690.65 0.0885311 1 0.0973551 -0.00882402
691.1 0.082571 1 0.0929528 -0.0103819
691.54 0.0766097 1 0.0887879 -0.0121782
691.99 0.0726492 1 0.0846707 -0.0120215
692.43 0.0696875 1 0.0807833 -0.0110958
692.87 0.0667256 1 0.0770316 -0.010306
693.32 0.0607644 1 0.0733336 -0.0125693
693.76 0.058802 1 0.0698522 -0.0110502
694.2 0.0578395 1 0.0665017 -0.00866222
694.65 0.0538776 1 0.0632084 -0.00933088
695.09 0.0499146 1 0.0601165 -0.0102019
695.53 0.0459514 1 0.0571489 -0.0111975
695.98 0.0449888 1 0.0542397 -0.00925087
696.42 0.0430251 1 0.0515154 -0.00849031
696.86 0.0380613 1 0.0489074 -0.0108461
697.31 0.034098 1 0.0463571 -0.0122591
697.75 0.0351337 1 0.0439749 -0.00884125
698.19 0.0331691 1 0.0416997 -0.00853063
698.64 0.0302052 1 0.0394803 -0.00927513
699.08 0.0312402 1 0.0374119 -0.00617174
699.52 0.028275 1 0.0354409 -0.00716593
699.97 0.0263103 1 0.0335224 -0.00721206
700.41 0.0253446 1 0.0317383 -0.00639366
700.85 0.0253787 1 0.0300417 -0.00466296
701.3 0.0204134 1 0.0283937 -0.00798028
701.74 0.019447 1 0.0268641 -0.00741711
702.18 0.0184804 1 0.0254124 -0.00693192
702.63 0.0155144 1 0.0240047 -0.00849035
703.07 0.0155474 1 0.0227007 -0.0071533
703.51 0.0165801 1 0.0214649 -0.00488486
703.96 0.0136133 1 0.0202688 -0.00665543
704.4 0.0136456 1 0.0191623 -0.00551669
704.84 0.0106776 1 0.0181154 -0.00743773
705.28 0.00970945 1 0.0171252 -0.00741577
705.73 0.00874174 1 0.0161685 -0.00742673
706.17 0.0107731 1 0.015285 -0.00451191
706.61 0.00880419 1 0.0144504 -0.00564618
707.06 0.00883577 1 0.0136448 -0.00480901
707.5 0.00586641 1 0.0129016 -0.00703519
707.94 0.00589682 1 0.0122001 -0.00630332
708.38 0.00592699 1 0.0115382 -0.00561122
708.83 0.00495761 1 0.0108999 -0.00594233
709.27 0.0049873 1 0.0103116 -0.00532433
709.71 0.00301677 1 0.00975677 -0.00674
710.15 0.00304599 1 0.0092335 -0.0061875
710.6 0.00607564 1 0.00872917 -0.00265353
711.04 0.00410439 1 0.0082645 -0.00416011
711.48 0.0031329 1 0.00782634 -0.00469344
711.92 0.00416117 1 0.00741318 -0.00325201
712.37 0.00418984 1 0.00701496 -0.00282513
712.81 0.000217628 1 0.00664801 -0.00643038
713.25 -0.000754822 1 0.0063019 -0.00705672
713.69 0.00227249 1 0.00597541 -0.00370292
714.13 -0.00270044 1 0.00566737 -0.00836781
714.58 -0.00267301 1 0.00537027 -0.00804327
715.02 0.000353576 1 0.00509625 -0.00474268
715.46 -0.00162008 1 0.00483755 -0.00645764
715.9 -0.00259399 1 0.00459325 -0.00718723
716.35 0.00143245 1 0.00435737 -0.00292492
716.79 -0.00254194 1 0.00413957 -0.00668152
717.23 -0.000516581 1 0.0039337 -0.00445028
717.67 -0.00149146 1 0.00373903 -0.0052305
718.11 -0.00246659 1 0.00355489 -0.00602149
718.56 -0.00244141 1 0.0033768 -0.00581821
719 -0.00141703 1 0.00321205 -0.00462909
719.44 -0.000392906 1 0.00305604 -0.00344894
719.88 -0.00136902 1 0.00290823 -0.00427725
720.32 -0.00434539 1 0.00276814 -0.00711353
720.76 -0.00332201 1 0.00263531 -0.00595732
721.21 -0.00229835 1 0.00250653 -0.00480488
721.65 -0.00127546 1 0.00238712 -0.00366258
722.09 -0.00225283 1 0.00227376 -0.00452659
722.53 -0.00223045 1 0.0021661 -0.00439654
722.97 -0.00120831 1 0.00206381 -0.00327213
723.41 -0.00118643 1 0.0019666 -0.00315303
723.86 0.000835685 1 0.00187212 -0.00103644
724.3 -0.00314294 1 0.00178431 -0.00492725
724.74 -0.000121825 1 0.00170076 -0.00182259
725.18 -0.00110096 1 0.00162124 -0.0027222
725.62 -8.03461e-05 1 0.00154553 -0.00162588
726.06 -5.99877e-05 1 0.00147343 -0.00153341
726.5 -3.9884e-05 1 0.00140474 -0.00144462
726.95 -0.00201959 1 0.00133783 -0.00335742
727.39 0 1 0.00127551 -0.00127551
727.83 1.93314e-05 1 0.0012161 -0.00119676
728.27 -0.00196159 1 0.00115944 -0.00312103
728.71 -0.000942767 1 0.0011054 -0.00204817
729.15 0.00107581 1 0.00105385 2.19584e-05
729.59 -0.00090587 1 0.00100466 -0.00191053
730.03 -0.000887793 1 0.000957726 -0.00184552
730.48 0.00213044 1 0.000911938 0.0012185
730.92 -0.00185198 1 0.000869227 -0.00272121
731.36 -0.00183464 1 0.000828455 -0.0026631
731.8 -0.00181754 1 0.000789533 -0.00260708
732.24 0.00119932 1 0.000752372 0.000446944
732.68 -0.000784063 1 0.000716892 -0.00150095
733.12 0.00123232 1 0.000683015 0.000549308
733.56 0.00224848 1 0.000650669 0.00159781
734 0.000264396 1 0.000619784 -0.000355388
734.44 0.00128009 1 0.000590294 0.000689791
734.89 0.0012959 1 0.000561512 0.000734383
735.33 0.00231112 1 0.000534657 0.00177647
735.77 0.00132613 1 0.000509018 0.00081711
736.21 0.000340907 1 0.00048454 -0.000143633
736.65 0.00135547 1 0.000461174 0.000894292
737.09 -0.000630196 1 0.000438869 -0.00106907
737.53 0.00438392 1 0.00041758 0.00396634
737.97 0.00439783 1 0.000397263 0.00400056
738.41 0.00241151 1 0.000377875 0.00203364
738.85 0.00242499 1 0.000359375 0.00206561
739.29 0.00343825 1 0.000341725 0.00309653
739.73 0.00145131 1 0.000324888 0.00112642
740.17 0.00146415 1 0.000308829 0.00115532
740.61 0.00047679 1 0.000293514 0.000183276
741.05 0.00148922 1 0.00027891 0.00121031
741.49 0.00250145 1 0.000264986 0.00223647
741.93 -0.000486515 1 0.000251713 -0.000738228
742.37 -0.000474685 1 0.000239063 -0.000713748
742.81 0.000536947 1 0.000227007 0.00030994
743.26 -0.000451359 1 0.000215266 -0.000666625
743.7 -0.000440121 1 0.000204336 -0.000644457
744.14 0.00257092 1 0.000193925 0.002377
744.58 0.00158178 1 0.00018401 0.00139777
745.02 0.000592442 1 0.00017457 0.000417871
745.46 0.00460292 1 0.000165584 0.00443733
745.9 0.00261321 1 0.000157031 0.00245618
746.34 0.00262332 1 0.000148891 0.00247442
746.78 0.000633241 1 0.000141147 0.000492094
747.22 0.00164298 1 0.000133781 0.0015092
747.66 0.00165255 1 0.000126775 0.00152577
748.1 0.00266194 1 0.000120112 0.00254182
748.54 0.00167115 1 0.000113779 0.00155737
748.98 0.00168019 1 0.000107758 0.00157243
749.42 0.00168905 1 0.000102037 0.00158702
749.86 0.00169775 1 9.66008e-05 0.00160115
750.29 0.000706083 1 9.15511e-05 0.000614532
750.73 0.00371445 1 8.66406e-05 0.00362781
751.17 -0.00127736 1 8.19776e-05 -0.00135933
751.61 0.000730679 1 7.75507e-05 0.000653129
752.05 0.00373855 1 7.33486e-05 0.0036652
752.49 -0.000253736 1 6.93607e-05 -0.000323097
752.93 -0.00124618 1 6.5577e-05 -0.00131176
753.37 0.000761215 1 6.19876e-05 0.000699228
753.81 0.00176846 1 5.85834e-05 0.00170987
754.25 -0.000224454 1 5.53553e-05 -0.000279809
754.69 -0.00221752 1 5.22949e-05 -0.00226981
755.13 -0.00021073 1 4.93941e-05 -0.000260124
755.57 -0.000204091 1 4.66451e-05 -0.000250737
756.01 -0.0011976 1 4.40406e-05 -0.00124164
756.45 -0.000191252 1 4.15734e-05 -0.000232825
756.89 0.00281495 1 3.92367e-05 0.00277572
757.33 0.000821016 1 3.70242e-05 0.000783992
757.77 -0.000173061 1 3.49296e-05 -0.000207991
758.21 -0.000167276 1 3.2947e-05 -0.000200223
758.64 0.00183825 1 3.11125e-05 0.00180713
759.08 -0.000156236 1 2.93353e-05 -0.000185571
759.52 -0.00115085 1 2.76542e-05 -0.00117851
759.96 -0.0021456 1 2.60644e-05 -0.00217166
760.4 -0.00114047 1 2.45611e-05 -0.00116503
760.84 0.00186452 1 2.31401e-05 0.00184138
761.28 -0.000130607 1 2.1797e-05 -0.000152404
761.72 -0.00212586 1 2.05278e-05 -0.00214639
762.16 0.000878763 1 1.93288e-05 0.000859434
762.6 -0.000116735 1 1.81962e-05 -0.000134931
763.03 -0.00111245 1 1.71503e-05 -0.0011296
763.47 -0.00310818 1 1.61392e-05 -0.00312432
763.91 0.00189597 1 1.51847e-05 0.00188079
764.35 -0.00309999 1 1.42838e-05 -0.00311427
764.79 0.000903937 1 1.34338e-05 0.000890503
765.23 -0.00209225 1 1.26319e-05 -0.00210488
765.67 0.00191146 1 1.18755e-05 0.00189958
766.11 -8.49411e-05 1 1.11623e-05 -9.61034e-05
766.54 -8.15254e-05 1 1.05046e-05 -9.20301e-05
766.98 -7.81329e-05 1 9.8699e-06 -8.80028e-05
767.42 0.000925157 1 9.27171e-06 0.000915886
767.86 -0.00307165 1 8.70806e-06 -0.00308036
768.3 -0.00206856 1 8.17708e-06 -0.00207674
768.74 -0.00106557 1 7.67698e-06 -0.00107324
769.17 -0.00306273 1 7.21644e-06 -0.00306995
769.61 0.000940074 1 6.77247e-06 0.000933302
770.05 -0.00105721 1 6.35457e-06 -0.00106356
770.49 -0.00305458 1 5.9613e-06 -0.00306055
770.93 -5.20481e-05 1 5.59126e-06 -5.76394e-05
771.37 -4.9598e-05 1 5.24317e-06 -5.48412e-05
771.8 -0.00104729 1 4.92301e-06 -0.00105221
772.24 0.002955 1 4.61474e-06 0.00295038
772.68 0.000957199 1 4.32493e-06 0.000952875
773.12 -0.00104068 1 4.05252e-06 -0.00104473
773.56 0.000961365 1 3.79653e-06 0.000957568
774 0.000963332 1 3.55602e-06 0.000959776
774.43 0.000965182 1 3.33507e-06 0.000961847
774.87 -0.001033 1 3.12258e-06 -0.00103612
775.31 -0.00303125 1 2.92306e-06 -0.00303417
775.75 -0.00102957 1 2.73575e-06 -0.0010323
776.19 -0.00102796 1 2.55994e-06 -0.00103052
776.62 0.000973554 1 2.3986e-06 0.000971155
777.06 -0.00302496 1 2.24359e-06 -0.00302721
777.5 -0.00102354 1 2.09819e-06 -0.00102564
777.94 0.00197781 1 1.96183e-06 0.00197585
778.37 -0.00202092 1 1.83678e-06 -0.00202275
778.81 -0.00101968 1 1.71675e-06 -0.00102139
779.25 0.00098151 1 1.60424e-06 0.000979906
779.69 0.00198264 1 1.49881e-06 0.00198114
780.13 -0.00301628 1 1.40004e-06 -0.00301768
780.56 -1.52752e-05 1 1.30956e-06 -1.65847e-05
781 -0.0010143 1 1.22279e-06 -0.00101552
781.44 -0.00301336 1 1.14154e-06 -0.00301451
781.88 -1.2478e-05 1 1.06548e-06 -1.35434e-05
782.31 -1.16548e-05 1 9.95867e-07 -1.26507e-05
782.75 0.00198915 1 9.29157e-07 0.00198822
783.19 0.0019899 1 8.66746e-07 0.00198904
783.63 -0.00100937 1 8.08369e-07 -0.00101018
784.06 -0.00100871 1 7.54977e-07 -0.00100946
784.5 -0.00100806 1 7.03855e-07 -0.00100876
784.94 -0.00300744 1 6.56067e-07 -0.0030081
785.37 0.000993124 1 6.12386e-07 0.000992512
785.81 0.00199368 1 5.70587e-07 0.00199311
786.25 -0.0010058 1 5.31538e-07 -0.00100633
786.69 -0.00100531 1 4.95064e-07 -0.0010058
787.12 -4.84525e-06 1 4.61751e-07 -5.307e-06
787.56 -4.39815e-06 1 4.299e-07 -4.82805e-06
788 -3.97314e-06 1 4.00167e-07 -4.37331e-06
788.43 -0.00100358 1 3.73028e-07 -0.00100395
788.87 -0.00100319 1 3.47094e-07 -0.00100354
789.31 -2.82177e-06 1 3.22901e-07 -3.14467e-06
789.75 0.00199753 1 3.00334e-07 0.00199723
790.18 0.000997865 1 2.79753e-07 0.000997585
790.62 -0.00100181 1 2.60102e-07 -0.00100207
791.06 -1.48721e-06 1 2.41784e-07 -1.72899e-06
791.49 -0.00500118 1 2.25086e-07 -0.00500141
791.93 -8.8037e-07 1 2.09153e-07 -1.08952e-06
792.37 -0.00300058 1 1.9431e-07 -0.00300078
792.8 -0.00200029 1 1.80788e-07 -0.00200047
793.24 0 1 1.67893e-07 -1.67893e-07
793.68 -0.000999707 1 1.55887e-07 -0.000999862
794.11 -0.00399942 1 1.44957e-07 -0.00399956
794.55 -0.00299912 1 1.34539e-07 -0.00299925
794.99 0.00100118 1 1.24846e-07 0.00100106
795.42 -0.00499851 1 1.16026e-07 -0.00499863
795.86 -0.000998194 1 1.07625e-07 -0.000998302
796.3 2.1348e-06 1 9.98123e-08 2.03498e-06
796.73 -0.00399753 1 9.27082e-08 -0.00399763
797.17 -0.00199718 1 8.59453e-08 -0.00199726
797.61 -0.00199681 1 7.96602e-08 -0.00199689
798.04 0.00100357 1 7.39483e-08 0.00100349
798.48 3.97314e-06 1 6.8514e-08 3.90463e-06
798.91 -0.000995612 1 6.35773e-08 -0.000995675
799.35 -0.00299517 1 5.88824e-08 -0.00299522
799.79 5.30517e-06 1 5.45235e-08 5.25065e-06
800.22 -0.00499421 1 5.05661e-08 -0.00499426
800.66 -0.00599369 1 4.68047e-08 -0.00599374
801.1 -0.000993137 1 4.33147e-08 -0.00099318
