500.34 -0.000531284 1 8.91535e-05 -0.000620437
500.8 -0.000454681 1 9.44072e-05 -0.000549088
501.25 -0.00137974 1 9.98261e-05 -0.00147956
501.71 -0.00230313 1 0.000105665 -0.00240879
502.17 -0.000226516 1 0.000111823 -0.000338339
502.62 -0.00115157 1 0.000118169 -0.00126974
503.08 -7.49509e-05 1 0.000125004 -0.000199955
503.53 0 1 0.000132046 -0.000132046
503.99 -0.00292338 1 0.000139625 -0.00306301
504.44 0.000151567 1 0.000147431 4.13558e-06
504.9 -0.000771819 1 0.00015583 -0.000927648
505.36 -0.000695206 1 0.000164672 -0.000859878
505.81 0.00137974 1 0.000173773 0.00120597
506.27 0.000456346 1 0.000183558 0.000272788
506.72 0.00153128 1 0.000193625 0.00133766
507.18 0.000607883 1 0.000204444 0.000403439
507.63 -0.00131719 1 0.000215569 -0.00153276
508.09 -0.0002406 1 0.00022752 -0.00046812
508.54 -0.000165683 1 0.000239804 -0.000405487
509 -8.91079e-05 1 0.000252995 -0.000342102
509.45 0.000985795 1 0.000266547 0.000719249
509.91 -0.00193765 1 0.000281092 -0.00221874
510.36 0.000137241 1 0.00029603 -0.000158789
510.82 0.000213782 1 0.000312056 -9.82738e-05
511.27 0.00228865 1 0.000328507 0.00196014
511.73 0.00236517 1 0.000346149 0.00201902
512.19 0.00144168 1 0.000364662 0.00107702
512.64 0.00151651 1 0.000383653 0.00113286
513.1 0.000592999 1 0.000404006 0.000188993
513.55 -0.000332192 1 0.000424875 -0.000757067
514.01 0.00174427 1 0.00044723 0.00129704
514.46 0.00281905 1 0.000470142 0.00234891
514.92 0.00289548 1 0.000494675 0.0024008
515.37 0.00197023 1 0.000519808 0.00145042
515.83 0.00404662 1 0.000546708 0.00349992
516.28 0.00112134 1 0.000574253 0.000547089
516.73 0.000196045 1 0.000603067 -0.000407022
517.19 -0.000727611 1 0.000633884 -0.0013615
517.64 -0.000652945 1 0.000665421 -0.00131837
518.1 0.00142336 1 0.000699137 0.000724223
518.55 0.000497988 1 0.000733625 -0.000235637
519.01 0.00157425 1 0.000770479 0.000803774
519.46 0.000648839 1 0.00080816 -0.000159321
519.92 0.00272506 1 0.00084841 0.00187665
520.37 0.000799604 1 0.000889543 -8.99394e-05
520.83 0.00387578 1 0.000933461 0.00294232
521.28 0.000950277 1 0.000978324 -2.80471e-05
521.74 0.00202641 1 0.0010262 0.0010002
522.19 0.00110085 1 0.00107509 2.57643e-05
522.65 0.000176931 1 0.00112724 -0.000950308
523.1 0.00325133 1 0.00118046 0.00207087
523.55 0.0013257 1 0.00123595 8.97461e-05
524.01 -0.000598303 1 0.00129511 -0.00189341
524.46 0.00347601 1 0.00135544 0.00212057
524.92 0.000551954 1 0.00141973 -0.000867777
525.37 -0.000373785 1 0.00148527 -0.00185906
525.83 0.0047021 1 0.00155508 0.00314702
526.28 0.0047763 1 0.00162621 0.00315008
526.73 0.00385047 1 0.00170026 0.0021502
527.19 0.00492625 1 0.00177908 0.00314718
527.64 0.00300036 1 0.00185934 0.00114103
528.1 0.00507608 1 0.00194472 0.00313136
528.55 0.00315012 1 0.00203164 0.00111849
529.01 0.00522578 1 0.00212406 0.00310172
529.46 0.00329975 1 0.0022181 0.00108166
529.91 0.00437369 1 0.00231583 0.00205786
530.37 0.00544924 1 0.0024197 0.00302954
530.82 0.00352311 1 0.0025253 0.000997809
531.28 0.00559858 1 0.00263747 0.00296111
531.73 0.00567237 1 0.00275146 0.00292091
532.18 0.00774613 1 0.00286982 0.00487631
532.64 0.00382148 1 0.00299545 0.000826039
533.09 0.00689516 1 0.00312303 0.00377213
533.54 0.0069688 1 0.00325541 0.0037134
534 0.00704404 1 0.00339582 0.00364821
534.45 0.0081176 1 0.00353833 0.00457926
534.91 0.00719275 1 0.00368943 0.00350331
535.36 0.00726622 1 0.00384272 0.0034235
535.81 0.00833965 1 0.00400157 0.00433808
536.27 0.00941467 1 0.00416989 0.00524479
536.72 0.00948801 1 0.00434051 0.0051475
537.17 0.00856132 1 0.00451722 0.00404409
537.63 0.0076362 1 0.00470433 0.00293187
538.08 0.0107094 1 0.00489388 0.00581553
538.54 0.0137842 1 0.00509449 0.00868971
538.99 0.0128573 1 0.00529763 0.00755969
539.44 0.0109304 1 0.00550776 0.00542262
539.9 0.010005 1 0.00573001 0.00427502
540.35 0.011078 1 0.00595489 0.0051231
540.8 0.0121509 1 0.00618737 0.00596354
541.26 0.0152254 1 0.00643308 0.00879233
541.71 0.0132982 1 0.00668154 0.00661669
542.16 0.013371 1 0.00693821 0.00643279
542.62 0.0124453 1 0.00720929 0.00523605
543.07 0.015518 1 0.00748321 0.00803478
543.52 0.0135906 1 0.007766 0.00582461
543.98 0.0126648 1 0.00806446 0.00460033
544.43 0.0147373 1 0.00836584 0.00637145
544.88 0.0158097 1 0.00867675 0.00713299
545.34 0.0178837 1 0.00900467 0.00887908
545.79 0.0179561 1 0.00933556 0.00862052
546.24 0.0170284 1 0.00967668 0.00735168
546.69 0.0181006 1 0.0100283 0.00807232
547.15 0.0191744 1 0.0103987 0.00877562
547.6 0.0202465 1 0.0107722 0.00947425
548.05 0.0193185 1 0.0111569 0.00816163
548.51 0.0203921 1 0.0115619 0.00883018
548.96 0.021464 1 0.01197 0.00949406
549.41 0.0205359 1 0.01239 0.00814595
549.86 0.0186077 1 0.0128221 0.0057856
550.32 0.0206811 1 0.0132767 0.00740433
550.77 0.0227527 1 0.0137343 0.00901846
551.22 0.0228244 1 0.0142048 0.00861959
551.68 0.0238975 1 0.0146994 0.00919815
552.13 0.023969 1 0.0151968 0.00877222
552.58 0.0240404 1 0.0157079 0.00833251
553.03 0.0241118 1 0.016233 0.00787879
553.49 0.0251847 1 0.0167844 0.00840023
553.94 0.0262559 1 0.0173385 0.00891737
554.39 0.0303271 1 0.0179073 0.0124197
554.84 0.0273981 1 0.0184911 0.00890704
555.3 0.0284707 1 0.0191036 0.00936715
555.75 0.0305417 1 0.0197184 0.0108233
556.2 0.0296126 1 0.020349 0.0092636
556.65 0.0306834 1 0.0209955 0.00968787
557.11 0.0337557 1 0.0216732 0.0120825
557.56 0.0298264 1 0.0223528 0.00747357
558.01 0.032897 1 0.0230491 0.00984785
558.46 0.0329675 1 0.0237624 0.00920509
558.92 0.0340395 1 0.0245093 0.00953021
559.37 0.0361099 1 0.0252576 0.0108523
559.82 0.0371802 1 0.0260235 0.0111567
560.27 0.0372504 1 0.0268074 0.0104431
560.72 0.0373206 1 0.0276093 0.00971129
561.18 0.0383922 1 0.028448 0.00994423
561.63 0.0374622 1 0.0292872 0.00817502
562.08 0.0405322 1 0.0301452 0.010387
562.53 0.039602 1 0.0310221 0.00857992
562.99 0.0426733 1 0.0319383 0.010735
563.44 0.041743 1 0.0328541 0.0088889
563.89 0.0418126 1 0.0337894 0.00802316
564.34 0.0428821 1 0.0347445 0.00813762
564.79 0.0419516 1 0.0357194 0.00623213
565.25 0.0450225 1 0.0367367 0.00828573
565.7 0.0480917 1 0.0377524 0.0103394
566.15 0.0481609 1 0.0387883 0.00937261
566.6 0.0472301 1 0.0398448 0.00738527
567.05 0.0502991 1 0.0409218 0.00937723
567.5 0.050368 1 0.0420197 0.00834836
567.96 0.0494384 1 0.0431634 0.00627499
568.41 0.0505072 1 0.0443035 0.00620367
568.86 0.0525759 1 0.0454646 0.00711122
569.31 0.0536445 1 0.0466469 0.00699754
569.76 0.054713 1 0.0478504 0.00686257
570.21 0.0537814 1 0.0490752 0.00470624
570.67 0.0548512 1 0.0503492 0.00450208
571.12 0.0559195 1 0.0516171 0.00430242
571.57 0.0579876 1 0.0529064 0.00508129
572.02 0.0590557 1 0.054217 0.00483866
572.47 0.0591237 1 0.0555491 0.00357455
572.92 0.0601916 1 0.0569026 0.00328895
573.37 0.0632593 1 0.0582774 0.0049819
573.83 0.0623285 1 0.0597049 0.00262367
574.28 0.0643961 1 0.0611228 0.00327336
574.73 0.0634636 1 0.0625619 0.000901751
575.18 0.064531 1 0.0640221 0.000508926
575.63 0.0685984 1 0.0655034 0.00309498
576.08 0.0656656 1 0.0670056 -0.00133999
576.53 0.0677327 1 0.0685285 -0.000795836
576.98 0.0697997 1 0.0700722 -0.000272433
577.44 0.0718681 1 0.0716713 0.000196875
577.89 0.071935 1 0.0732561 -0.00132118
578.34 0.0740017 1 0.0748612 -0.00085947
578.79 0.0740683 1 0.0764861 -0.00241778
579.24 0.0771348 1 0.0781307 -0.000995883
579.69 0.0772013 1 0.0797948 -0.00259355
580.14 0.0782676 1 0.0814781 -0.00321052
580.59 0.0823338 1 0.0831803 -0.000846532
581.04 0.0803999 1 0.0849012 -0.00450128
581.49 0.0814659 1 0.0866404 -0.00517448
581.95 0.0855333 1 0.0884369 -0.00290357
582.4 0.0865991 1 0.0902122 -0.00361304
582.85 0.0866648 1 0.0920047 -0.00533991
583.3 0.0887304 1 0.0938142 -0.00508382
583.75 0.0907959 1 0.0956403 -0.00484436
584.2 0.0918613 1 0.0974824 -0.00562112
584.65 0.0949266 1 0.0993403 -0.00441367
585.1 0.0959917 1 0.101213 -0.00522157
585.55 0.0980568 1 0.103101 -0.00504434
586 0.0991218 1 0.105003 -0.00588152
586.45 0.0991866 1 0.106919 -0.00773259
586.9 0.104251 1 0.108848 -0.00459703
587.35 0.105316 1 0.11079 -0.00547433
587.8 0.10738 1 0.112744 -0.00536391
588.25 0.108445 1 0.11471 -0.00626521
588.71 0.111511 1 0.116731 -0.00522027
589.16 0.111575 1 0.118718 -0.00714347
589.61 0.113639 1 0.120715 -0.00707657
590.06 0.115703 1 0.122722 -0.00701893
590.51 0.116767 1 0.124736 -0.0079699
590.96 0.12183 1 0.126759 -0.00492882
591.41 0.121894 1 0.128789 -0.006895
591.86 0.124957 1 0.130825 -0.00586774
592.31 0.128021 1 0.132867 -0.00484634
592.76 0.128084 1 0.134914 -0.00683006
593.21 0.133147 1 0.136965 -0.00381817
593.66 0.13421 1 0.13902 -0.00480991
594.11 0.138273 1 0.141077 -0.00280451
594.56 0.137336 1 0.143137 -0.0058012
595.01 0.141398 1 0.145198 -0.00379919
595.46 0.143461 1 0.147259 -0.00379767
595.91 0.145523 1 0.149319 -0.00379584
596.36 0.148586 1 0.151378 -0.00279286
596.81 0.149648 1 0.153436 -0.00378791
597.26 0.15271 1 0.15549 -0.00278015
597.71 0.153772 1 0.15754 -0.00376873
598.16 0.157833 1 0.159586 -0.0017528
598.61 0.157895 1 0.161626 -0.00373149
599.06 0.160957 1 0.16366 -0.00270394
599.51 0.163018 1 0.165687 -0.00266927
599.96 0.167079 1 0.167706 -0.000626621
600.41 0.17114 1 0.169715 0.0014249
600.86 0.169201 1 0.171715 -0.00251384
601.31 0.170262 1 0.173704 -0.00344195
601.76 0.176323 1 0.175682 0.000641437
602.21 0.174384 1 0.177646 -0.0032628
602.65 0.178443 1 0.179555 -0.00111191
603.1 0.182503 1 0.181492 0.0010109
603.55 0.182563 1 0.183415 -0.000851328
604 0.184623 1 0.185321 -0.000697739
604.45 0.188683 1 0.187211 0.00147251
604.9 0.190743 1 0.189083 0.00166026
605.35 0.191803 1 0.190937 0.000866329
605.8 0.195862 1 0.192771 0.00309153
606.25 0.194922 1 0.194585 0.000336648
606.7 0.198981 1 0.196379 0.00260247
607.15 0.19904 1 0.198151 0.00088974
607.6 0.201099 1 0.1999 0.0011992
608.05 0.205158 1 0.201627 0.00353155
608.5 0.206217 1 0.203329 0.00288749
608.95 0.206275 1 0.205008 0.00126766
609.39 0.207333 1 0.206625 0.000707851
609.84 0.210391 1 0.208253 0.00213775
610.29 0.211449 1 0.209856 0.00159363
610.74 0.212507 1 0.211431 0.00107601
611.19 0.214565 1 0.21298 0.00158536
611.64 0.216623 1 0.214501 0.0021221
612.09 0.21868 1 0.215994 0.00268661
612.54 0.217738 1 0.217459 0.000279223
612.99 0.215795 1 0.218895 -0.0030998
613.44 0.218852 1 0.220303 -0.00145024
613.88 0.220908 1 0.221651 -0.000742901
614.33 0.222965 1 0.223001 -3.64464e-05
614.78 0.224022 1 0.224323 -0.000301165
615.23 0.227078 1 0.225615 0.00146288
615.68 0.226135 1 0.226879 -0.000744431
616.13 0.226191 1 0.228114 -0.00192333
616.58 0.228247 1 0.229321 -0.0010741
617.03 0.227303 1 0.2305 -0.00319715
617.47 0.226358 1 0.231627 -0.00526889
617.92 0.229413 1 0.232752 -0.0033386
618.37 0.229469 1 0.233851 -0.00438231
618.82 0.229524 1 0.234925 -0.00540079
619.27 0.232579 1 0.235974 -0.00339493
619.72 0.230635 1 0.237 -0.00636573
620.17 0.232689 1 0.238004 -0.00531432
620.61 0.232743 1 0.238965 -0.00622154
621.06 0.232798 1 0.239928 -0.00712994
621.51 0.236852 1 0.240872 -0.00402018
621.96 0.236906 1 0.2418 -0.00489385
622.41 0.23696 1 0.242713 -0.0057527
622.86 0.238014 1 0.243613 -0.0055986
623.3 0.239067 1 0.244482 -0.0054151
623.75 0.239121 1 0.245362 -0.00624144
624.2 0.239174 1 0.246235 -0.0070612
624.65 0.241228 1 0.247104 -0.00587681
625.1 0.241281 1 0.247972 -0.00669082
625.54 0.242333 1 0.24882 -0.00648777
625.99 0.244385 1 0.249692 -0.00530667
626.44 0.247438 1 0.250571 -0.00313236
626.89 0.247491 1 0.251459 -0.00396795
627.34 0.248543 1 0.25236 -0.00381664
627.78 0.250594 1 0.253256 -0.00266233
628.23 0.249646 1 0.254193 -0.00454686
628.68 0.251698 1 0.255153 -0.00345477
629.13 0.25375 1 0.256139 -0.00238972
629.58 0.254801 1 0.257157 -0.00235547
630.02 0.254852 1 0.258185 -0.00333324
630.47 0.256903 1 0.259274 -0.00237133
630.92 0.259954 1 0.260406 -0.000451909
631.37 0.262005 1 0.261584 0.000420969
631.81 0.263054 1 0.262784 0.000269965
632.26 0.265105 1 0.264066 0.00103872
632.71 0.267155 1 0.265406 0.00174868
633.16 0.269205 1 0.26681 0.00239571
633.61 0.270255 1 0.26828 0.00197572
634.05 0.274304 1 0.269786 0.00451856
634.5 0.276354 1 0.2714 0.00495406
634.95 0.278403 1 0.273093 0.00531061
635.4 0.283453 1 0.274868 0.00858435
635.84 0.283501 1 0.276688 0.00681284
636.29 0.28555 1 0.278638 0.00691202
636.74 0.288598 1 0.280681 0.00791779
637.18 0.291646 1 0.282772 0.00887445
637.63 0.295694 1 0.285008 0.0106862
638.08 0.297743 1 0.287347 0.0103955
638.53 0.300791 1 0.289791 0.011
638.97 0.304838 1 0.292283 0.0125542
639.42 0.304885 1 0.29494 0.00994506
639.87 0.307933 1 0.297708 0.0102253
640.32 0.31398 1 0.300587 0.0133939
640.76 0.316027 1 0.30351 0.0125164
641.21 0.319074 1 0.306612 0.0124618
641.66 0.32412 1 0.309826 0.0142942
642.1 0.328166 1 0.313078 0.015088
642.55 0.329212 1 0.316514 0.0126986
643 0.331259 1 0.32006 0.0111988
643.44 0.334304 1 0.323632 0.0106719
643.89 0.33935 1 0.32739 0.0119601
644.34 0.342395 1 0.33125 0.0111452
644.79 0.344441 1 0.33521 0.00923065
645.23 0.350485 1 0.339175 0.0113107
645.68 0.354531 1 0.343319 0.0112117
646.13 0.357576 1 0.347549 0.0100269
646.57 0.362619 1 0.351762 0.0108576
647.02 0.366664 1 0.356143 0.0105205
647.47 0.368708 1 0.360592 0.00811647
647.91 0.370752 1 0.364999 0.00575265
648.36 0.377796 1 0.369557 0.00823857
648.81 0.380839 1 0.374158 0.00668132
649.25 0.382882 1 0.37869 0.0041923
649.7 0.386926 1 0.383349 0.00357686
650.15 0.394969 1 0.388022 0.00694675
650.59 0.394011 1 0.392596 0.00141543
651.04 0.401054 1 0.397266 0.00378771
651.48 0.400096 1 0.401816 -0.00171993
651.93 0.404138 1 0.406439 -0.00230086
652.38 0.40718 1 0.411021 -0.00384033
652.82 0.412222 1 0.415449 -0.00322696
653.27 0.415263 1 0.419911 -0.00464775
653.72 0.418305 1 0.424295 -0.00598953
654.16 0.419346 1 0.428492 -0.00914595
654.61 0.423387 1 0.43268 -0.00929306
655.06 0.428428 1 0.43675 -0.00832212
655.5 0.429468 1 0.440603 -0.0111348
655.95 0.429509 1 0.4444 -0.0148915
656.39 0.434548 1 0.447961 -0.0134128
656.84 0.437589 1 0.451435 -0.0138459
657.29 0.439629 1 0.454725 -0.0150964
657.73 0.443668 1 0.457754 -0.0140859
658.18 0.445708 1 0.460646 -0.0149384
658.62 0.447746 1 0.463262 -0.0155158
659.07 0.448785 1 0.465709 -0.016924
659.52 0.451825 1 0.467915 -0.0160909
659.96 0.453863 1 0.469829 -0.0159663
660.41 0.454901 1 0.471527 -0.0166256
660.85 0.459939 1 0.472925 -0.0129863
661.3 0.460977 1 0.474079 -0.0131016
661.74 0.460014 1 0.474929 -0.0149143
662.19 0.462052 1 0.475506 -0.0134543
662.64 0.46309 1 0.475783 -0.0126933
663.08 0.463126 1 0.475757 -0.0126305
663.53 0.464164 1 0.475422 -0.0112582
663.97 0.4642 1 0.474789 -0.0105891
664.42 0.467237 1 0.473826 -0.00658978
664.86 0.468272 1 0.472575 -0.00430235
665.31 0.467309 1 0.470976 -0.00366697
665.75 0.464344 1 0.4691 -0.00475587
666.2 0.46538 1 0.466863 -0.00148262
666.65 0.463416 1 0.464304 -0.000888412
667.09 0.46145 1 0.461494 -4.36957e-05
667.54 0.462486 1 0.458308 0.00417772
667.98 0.45552 1 0.454891 0.000628779
668.43 0.459555 1 0.451093 0.0084615
668.87 0.454589 1 0.447089 0.00750002
669.32 0.453623 1 0.442702 0.0109214
669.76 0.449657 1 0.438135 0.0115221
670.21 0.442691 1 0.433187 0.00950308
670.65 0.440724 1 0.428089 0.0126346
671.1 0.438757 1 0.422617 0.0161403
671.54 0.43179 1 0.417024 0.0147657
671.99 0.425823 1 0.411067 0.014756
672.43 0.417855 1 0.405021 0.0128338
672.88 0.413888 1 0.398624 0.0152637
673.32 0.408919 1 0.392171 0.016748
673.77 0.399952 1 0.385383 0.0145688
674.21 0.393983 1 0.378572 0.0154105
674.66 0.389015 1 0.371444 0.0175705
675.1 0.380045 1 0.364328 0.0157176
675.55 0.372077 1 0.356914 0.0151629
675.99 0.361107 1 0.349545 0.0115619
676.44 0.356138 1 0.341901 0.014237
676.88 0.348168 1 0.334335 0.0138334
677.33 0.342198 1 0.326516 0.0156824
677.77 0.330228 1 0.318806 0.0114215
678.22 0.320258 1 0.310869 0.0093887
678.66 0.313287 1 0.30307 0.0102166
679.11 0.303316 1 0.295069 0.00824741
679.55 0.294345 1 0.287234 0.00711142
679.99 0.284373 1 0.279399 0.00497448
680.44 0.276402 1 0.2714 0.0050027
680.88 0.26843 1 0.263603 0.00482734
681.33 0.258458 1 0.255666 0.00279217
681.77 0.248486 1 0.247954 0.000532063
682.22 0.242514 1 0.240126 0.00238782
682.66 0.230541 1 0.232541 -0.00199994
683.11 0.222568 1 0.224863 -0.00229523
683.55 0.212595 1 0.217445 -0.00484972
683.99 0.203621 1 0.210121 -0.00649982
684.44 0.197648 1 0.202738 -0.00509013
684.88 0.189674 1 0.195631 -0.00595762
685.33 0.1807 1 0.188485 -0.00778537
685.77 0.172725 1 0.181624 -0.00889868
686.21 0.16575 1 0.174893 -0.00914266
686.66 0.158776 1 0.16815 -0.00937378
687.1 0.150801 1 0.161698 -0.0108977
687.55 0.144826 1 0.15525 -0.0104246
687.99 0.13785 1 0.149096 -0.0112459
688.44 0.133874 1 0.142958 -0.00908412
688.88 0.126898 1 0.137114 -0.0102158
689.32 0.119922 1 0.131426 -0.0115044
689.77 0.115945 1 0.125773 -0.00982728
690.21 0.109968 1 0.120406 -0.0104381
690.65 0.104991 1 0.115201 -0.0102096
691.1 0.0990142 1 0.110043 -0.0110288
691.54 0.0920366 1 0.105163 -0.013126
691.99 0.0880591 1 0.100337 -0.0122778
692.43 0.0840809 1 0.0957799 -0.0116989
692.87 0.0791025 1 0.0913811 -0.0122786
693.32 0.0741244 1 0.0870445 -0.0129202
693.76 0.0721454 1 0.0829611 -0.0108157
694.2 0.0701663 1 0.0790306 -0.00886429
694.65 0.0651874 1 0.0751665 -0.00997913
695.09 0.0602077 1 0.071538 -0.0113302
695.53 0.0582279 1 0.0680546 -0.00982677
695.98 0.0552482 1 0.0646392 -0.00939104
696.42 0.0532678 1 0.0614403 -0.00817254
696.86 0.0482872 1 0.0583772 -0.01009
697.31 0.0433067 1 0.0553813 -0.0120746
697.75 0.0433256 1 0.0525822 -0.00925658
698.19 0.0393443 1 0.0499082 -0.0105639
698.64 0.0383631 1 0.047299 -0.00893593
699.08 0.0383812 1 0.0448667 -0.00648552
699.52 0.0343991 1 0.0425482 -0.00814916
699.97 0.0314171 1 0.0402908 -0.00887369
700.41 0.0314345 1 0.0381908 -0.00675636
700.85 0.0294516 1 0.0361931 -0.00674154
701.3 0.0264689 1 0.0342519 -0.007783
701.74 0.0244855 1 0.0324494 -0.00796393
702.18 0.0245018 1 0.0307378 -0.00623597
702.63 0.0225183 1 0.0290775 -0.00655914
703.07 0.0205342 1 0.0275384 -0.00700426
703.51 0.0215498 1 0.0260793 -0.00452952
703.96 0.0215655 1 0.024666 -0.00310051
704.4 0.0155806 1 0.0233578 -0.00777726
704.84 0.0145954 1 0.0221192 -0.00752382
705.28 0.01661 1 0.0209469 -0.00433696
705.73 0.0166246 1 0.0198133 -0.00318868
706.17 0.0146387 1 0.0187656 -0.00412692
706.61 0.0136524 1 0.0177749 -0.00412248
707.06 0.0126663 1 0.0168178 -0.00415153
707.5 0.00867956 1 0.015934 -0.00725442
707.94 0.00969258 1 0.0150989 -0.00540629
708.38 0.0107053 1 0.0143099 -0.00360459
708.83 0.00771811 1 0.0135483 -0.00583016
709.27 0.00973033 1 0.0128453 -0.00311501
709.71 0.0057423 1 0.0121815 -0.00643919
710.15 0.007754 1 0.0115546 -0.00380056
710.6 0.0097657 1 0.0109494 -0.00118375
711.04 0.00477687 1 0.010391 -0.00561417
711.48 0.00678777 1 0.00986364 -0.00307587
711.92 0.00779841 1 0.0093655 -0.00156708
712.37 0.00480902 1 0.00888453 -0.00407551
712.81 0.00281913 1 0.00844051 -0.00562138
713.25 0.00182897 1 0.00802091 -0.00619194
713.69 0.00483854 1 0.00762431 -0.00278578
714.13 0.000847842 1 0.00724938 -0.00640153
714.58 -0.00214292 1 0.00688699 -0.0090299
715.02 0.00186584 1 0.00655202 -0.00468618
715.46 0.000874336 1 0.00623508 -0.00536074
715.9 0.000882559 1 0.00593509 -0.00505253
716.35 0.00389069 1 0.00564476 -0.00175407
716.79 -0.000101634 1 0.00537604 -0.00547767
717.23 0.00290577 1 0.00512141 -0.00221564
717.67 0.0039129 1 0.00488004 -0.000967132
718.11 -8.0235e-05 1 0.00465114 -0.00473138
718.56 0.0019265 1 0.00442918 -0.00250268
719 -6.71927e-05 1 0.00422333 -0.00429052
719.44 0.00193884 1 0.00402787 -0.00208903
719.88 -5.53996e-05 1 0.0038422 -0.0038976
720.32 0.00395008 1 0.00366576 0.000284326
720.76 -0.00104471 1 0.00349802 -0.00454272
721.21 -0.00103967 1 0.00333494 -0.00437461
721.65 0.00196498 1 0.00318331 -0.00121833
722.09 0.00296935 1 0.00303898 -6.96226e-05
722.53 0.000973447 1 0.00290153 -0.00192809
722.97 -2.27389e-05 1 0.0027706 -0.00279334
723.41 -1.92034e-05 1 0.00264583 -0.00266503
723.86 -0.00101588 1 0.00252424 -0.00354012
724.3 0.000987092 1 0.00241093 -0.00142384
724.74 0.00398978 1 0.00230283 0.00168695
725.18 0.000992187 1 0.00219968 -0.00120749
725.62 0.000994312 1 0.00210122 -0.00110691
726.06 0.00299615 1 0.00200721 0.000988947
726.5 -2.28628e-06 1 0.00191742 -0.00191971
726.95 -0.00100098 1 0.00182974 -0.00283073
727.39 0 1 0.00174787 -0.00174787
727.83 7.00595e-07 1 0.00166963 -0.00166893
728.27 0.00100112 1 0.00159484 -0.000593722
728.71 1.25507e-06 1 0.00152334 -0.00152208
729.15 0.00100111 1 0.00145497 -0.000453855
729.59 6.93286e-07 1 0.00138959 -0.00138889
730.03 -1.44926e-09 1 0.00132705 -0.00132705
730.48 0.00399901 1 0.00126591 0.00273309
730.92 0.00099776 1 0.00120875 -0.000210992
731.36 -3.75561e-06 1 0.00115407 -0.00115783
731.8 -0.00100554 1 0.00110176 -0.0021073
732.24 0.00399241 1 0.00105171 0.00294071
732.68 0.0039901 1 0.00100382 0.00298628
733.12 0.00398753 1 0.000958008 0.00302952
733.56 0.00198469 1 0.000914175 0.00107052
734 0.0029816 1 0.000872239 0.00210936
734.44 0.00397825 1 0.000832119 0.00314613
734.89 0.00397456 1 0.000792886 0.00318168
735.33 0.0029707 1 0.000756208 0.0022145
735.77 0.00396659 1 0.000721124 0.00324547
736.21 0.00296223 1 0.000687567 0.00227466
736.65 -4.23745e-05 1 0.000655474 -0.000697849
737.09 0.00195277 1 0.000624784 0.00132799
737.53 0.00594768 1 0.000595438 0.00535224
737.97 0.00494235 1 0.000567381 0.00437496
738.41 0.00393677 1 0.000540559 0.00339621
738.85 0.00493096 1 0.000514921 0.00441604
739.29 0.00692491 1 0.000490417 0.0064345
739.73 0.00191863 1 0.000467002 0.00145163
740.17 0.00291212 1 0.000444629 0.00246749
740.61 0.000905383 1 0.000423255 0.000482128
741.05 0.00189841 1 0.000402839 0.00149558
741.49 0.00289122 1 0.000383341 0.00250788
741.93 -0.000116197 1 0.000364723 -0.00048092
742.37 0.00387616 1 0.000346947 0.00352922
742.81 0.0048683 1 0.000329979 0.00453832
743.26 0.00286004 1 0.000313425 0.00254661
743.7 0.00285174 1 0.000297988 0.00255375
744.14 0.00684323 1 0.00028326 0.00655997
744.58 0.0038345 1 0.000269211 0.00356529
745.02 0.00382557 1 0.000255812 0.00356976
745.46 0.00481642 1 0.000243035 0.00457339
745.9 0.00380707 1 0.000230854 0.00357622
746.34 0.00479752 1 0.000219242 0.00457827
746.78 0.00478776 1 0.000208177 0.00457958
747.22 0.0017778 1 0.000197633 0.00158017
747.66 0.000767641 1 0.000187588 0.000580053
748.1 0.00375729 1 0.00017802 0.00357927
748.54 0.00474673 1 0.000168909 0.00457783
748.98 0.00373599 1 0.000160234 0.00357576
749.42 0.00172506 1 0.000151976 0.00157308
749.86 0.00471393 1 0.000144116 0.00456981
750.29 0.00570288 1 0.000136803 0.00556607
750.73 0.00569138 1 0.00012968 0.0055617
751.17 0.00167971 1 0.000122904 0.0015568
751.61 0.00266785 1 0.000116461 0.00255138
752.05 0.00265581 1 0.000110334 0.00254547
752.49 0.00164359 1 0.00010451 0.00153908
752.93 0.00163119 1 9.89751e-05 0.00153222
753.37 0.00361863 1 9.37152e-05 0.00352491
753.81 0.00360588 1 8.8718e-05 0.00351717
754.25 0.000592973 1 8.39713e-05 0.000509002
754.69 0.00157989 1 7.94635e-05 0.00150043
755.13 0.00156665 1 7.51834e-05 0.00149146
755.57 0.000553235 1 7.11204e-05 0.000482114
756.01 0.00053966 1 6.72641e-05 0.000472396
756.45 0.00252592 1 6.36049e-05 0.00246232
756.89 0.00451203 1 6.01332e-05 0.0044519
757.33 0.00249798 1 5.68403e-05 0.00244114
757.77 0.00148377 1 5.37174e-05 0.00143005
758.21 0.00146941 1 5.07565e-05 0.00141865
758.64 0.00145523 1 4.80118e-05 0.00140722
759.08 0.00144057 1 4.53483e-05 0.00139522
759.52 0.00242577 1 4.28244e-05 0.00238294
759.96 0.00141081 1 4.04333e-05 0.00137038
760.4 0.00339572 1 3.81684e-05 0.00335755
760.84 0.00238048 1 3.60236e-05 0.00234446
761.28 0.0023651 1 3.39928e-05 0.00233111
761.72 0.000349587 1 3.20703e-05 0.000317517
762.16 0.00233394 1 3.02509e-05 0.00230368
762.6 0.00131815 1 2.85292e-05 0.00128962
763.03 0.00230259 1 2.69364e-05 0.00227566
763.47 -0.00171345 1 2.53938e-05 -0.00173885
763.91 0.00327037 1 2.3935e-05 0.00324643
764.35 0.00125407 1 2.25557e-05 0.00123151
764.79 0.00523764 1 2.12518e-05 0.00521639
765.23 0.00122109 1 2.00195e-05 0.00120107
765.67 0.00120442 1 1.8855e-05 0.00118556
766.11 0.00118763 1 1.77549e-05 0.00116987
766.54 -0.000828895 1 1.67388e-05 -0.000845634
766.98 0.000154084 1 1.57562e-05 0.000138327
767.42 -0.000863051 1 1.48285e-05 -0.000877879
767.86 -0.000880297 1 1.39528e-05 -0.00089425
768.3 0.000102347 1 1.31262e-05 8.92209e-05
768.74 -0.000915117 1 1.23463e-05 -0.000927463
769.17 0.00206771 1 1.16268e-05 0.00205609
769.61 0.00305004 1 1.09318e-05 0.00303911
770.05 0.00103227 1 1.02765e-05 0.00102199
770.49 0.0010144 1 9.65855e-06 0.00100474
770.93 0.00499642 1 9.07606e-06 0.00498735
771.37 -2.1646e-05 1 8.52707e-06 -3.01731e-05
771.8 -0.0030394 1 8.02118e-06 -0.00304742
772.24 0.00294235 1 7.53316e-06 0.00293482
772.68 0.00292401 1 7.07349e-06 0.00291693
773.12 0.000905572 1 6.6406e-06 0.000898931
773.56 0.00288705 1 6.23301e-06 0.00288082
774 0.00386845 1 5.84933e-06 0.0038626
774.43 0.00285018 1 5.49618e-06 0.00284469
774.87 0.000831414 1 5.15592e-06 0.000826258
775.31 0.00181257 1 4.83579e-06 0.00180773
775.75 0.00179364 1 4.53468e-06 0.00178911
776.19 0.00277464 1 4.25151e-06 0.00277039
776.62 -0.001244 1 3.99113e-06 -0.00124799
777.06 -0.000263146 1 3.74049e-06 -0.000266887
777.5 0.00271764 1 3.50492e-06 0.00271413
777.94 0.00269836 1 3.28356e-06 0.00269507
778.37 -0.00132055 1 3.08018e-06 -0.00132363
778.81 -0.00233997 1 2.88456e-06 -0.00234285
779.25 0.00164056 1 2.70085e-06 0.00163786
779.69 -0.000378975 1 2.52836e-06 -0.000381503
780.13 -0.00339857 1 2.36643e-06 -0.00340093
780.56 0.00258223 1 2.2178e-06 0.00258001
781 0.00156252 1 2.07498e-06 0.00156045
781.44 -0.00145723 1 1.94099e-06 -0.00145917
781.88 0.00052296 1 1.8153e-06 0.000521145
782.31 0.000503555 1 1.70003e-06 0.000501855
782.75 0.00248365 1 1.58935e-06 0.00248206
783.19 0.000463703 1 1.48559e-06 0.000462218
783.63 0.00244371 1 1.38834e-06 0.00244232
784.06 -0.00257587 1 1.29922e-06 -0.00257717
784.5 0.000404061 1 1.21371e-06 0.000402848
784.94 -0.000616049 1 1.13362e-06 -0.000617182
785.37 -0.000635736 1 1.06026e-06 -0.000636797
785.81 0.00234408 1 9.89915e-07 0.00234309
786.25 -0.00267613 1 9.24064e-07 -0.00267705
786.69 -0.000696369 1 8.6243e-07 -0.000697231
787.12 0.000283822 1 8.06022e-07 0.000283016
787.56 -0.000736473 1 7.51978e-07 -0.000737225
788 0.000243206 1 7.01424e-07 0.000242505
788.43 -0.00177667 1 6.55183e-07 -0.00177733
788.87 -0.00279704 1 6.10906e-07 -0.00279765
789.31 0.00318258 1 5.69513e-07 0.00318201
789.75 0.00216218 1 5.30823e-07 0.00216165
790.18 0.00314223 1 4.95462e-07 0.00314174
790.62 -0.000878196 1 4.61629e-07 -0.000878658
791.06 0.000101366 1 4.30024e-07 0.000100936
791.49 -0.000918618 1 4.01156e-07 -0.000919019
791.93 0.00206093 1 3.7355e-07 0.00206055
792.37 -0.000959534 1 3.47778e-07 -0.000959882
792.8 -0.000979533 1 3.24251e-07 -0.000979858
793.24 0 1 3.01767e-07 -3.01767e-07
793.68 -0.00102047 1 2.80788e-07 -0.00102075
794.11 -0.00104047 1 2.61648e-07 -0.00104073
794.55 -0.00206093 1 2.43367e-07 -0.00206117
794.99 0.00291862 1 2.26319e-07 0.00291839
795.42 -0.00210137 1 2.10775e-07 -0.00210158
795.86 -0.0011218 1 1.95937e-07 -0.001122
796.3 -0.000142231 1 1.82109e-07 -0.000142413
796.73 -0.00116218 1 1.69507e-07 -0.00116235
797.17 -0.00218258 1 1.57485e-07 -0.00218274
797.61 -0.00220296 1 1.46288e-07 -0.00220311
798.04 -0.00122286 1 1.36089e-07 -0.001223
798.48 -0.00124321 1 1.26365e-07 -0.00124333
798.91 0.000736935 1 1.17513e-07 0.000736817
799.35 -0.00128336 1 1.09075e-07 -0.00128347
799.79 0.000696369 1 1.01224e-07 0.000696267
800.22 -0.00332341 1 9.40804e-08 -0.00332351
800.66 -0.00434363 1 8.72758e-08 -0.00434371
801.1 0.000636195 1 8.09479e-08 0.000636114
