500.34 0.00112664 1 4.98572e-05 0.00107678
500.8 -0.00074743 1 5.29773e-05 -0.000800407
501.25 -0.000624233 1 5.62064e-05 -0.000680439
501.71 0.000501705 1 5.96978e-05 0.000442007
502.17 0.00162765 1 6.3392e-05 0.00156425
502.62 -0.00124915 1 6.72126e-05 -0.00131636
503.08 0.000876793 1 7.13406e-05 0.000805453
503.53 0 1 7.5608e-05 -7.5608e-05
503.99 -0.000874056 1 8.02166e-05 -0.000954272
504.44 0.00024915 1 8.49786e-05 0.000164172
504.9 -0.000624907 1 9.0119e-05 -0.000715026
505.36 -0.000498967 1 9.55492e-05 -0.000594516
505.81 0.000624233 1 0.000101156 0.000523077
506.27 0.000750167 1 0.000107205 0.000642963
506.72 -0.00012664 1 0.000113447 -0.000240087
507.18 -7.14672e-07 1 0.000120178 -0.000120893
507.63 -0.00387753 1 0.000127122 -0.00400465
508.09 -0.00175162 1 0.000134605 -0.00188622
508.54 -0.000628448 1 0.000142321 -0.000770769
509 -0.000502548 1 0.000150633 -0.000653182
509.45 -0.000379394 1 0.0001592 -0.000538594
509.91 -0.00125351 1 0.000168425 -0.00142194
510.36 -0.000130374 1 0.000177928 -0.000308302
510.82 -4.51105e-06 1 0.000188155 -0.000192666
511.27 0.00111861 1 0.000198686 0.000919919
511.73 0.00124445 1 0.000210014 0.00103443
512.19 -0.000629726 1 0.00022194 -0.000851666
512.64 -0.00150665 1 0.000234211 -0.00174086
513.1 -0.000380843 1 0.000247403 -0.000628246
513.55 -0.00125779 1 0.00026097 -0.00151876
514.01 0.00186798 1 0.000275548 0.00159243
514.46 -8.99405e-06 1 0.000290535 -0.000299529
514.92 -0.000883253 1 0.000306631 -0.00118988
515.37 0.000239738 1 0.00032317 -8.3432e-05
515.83 0.00136544 1 0.000340924 0.00102452
516.28 -0.0015116 1 0.00035916 -0.00187076
516.73 -0.00138866 1 0.00037829 -0.00176695
517.19 -0.000263013 1 0.000398812 -0.000661826
517.64 -0.00214011 1 0.000419876 -0.00255999
518.1 -0.00301451 1 0.000442461 -0.00345697
518.55 -0.00189165 1 0.00046563 -0.00235728
519.01 -0.000766086 1 0.000490462 -0.00125655
519.46 0.000356726 1 0.000515924 -0.000159197
519.92 -0.00351776 1 0.0005432 -0.00406096
520.37 -0.00139499 1 0.000571156 -0.00196615
520.83 0.000730477 1 0.00060109 0.000129387
521.28 -0.00114681 1 0.000631755 -0.00177856
521.74 -2.13913e-05 1 0.000664574 -0.000685966
522.19 -0.000898728 1 0.00069818 -0.00159691
522.65 -0.000773367 1 0.000734129 -0.0015075
523.1 0.000349241 1 0.000770922 -0.000421681
523.55 0.000471821 1 0.000809387 -0.000337566
524.01 -0.0014029 1 0.000850507 -0.00225341
524.46 -0.000280384 1 0.000892562 -0.00117295
524.92 -0.00215517 1 0.000937497 -0.00309267
525.37 -0.00103271 1 0.000983433 -0.00201614
525.83 9.24361e-05 1 0.00103249 -0.000940055
526.28 -0.000785169 1 0.00108262 -0.00186779
526.73 0.000337194 1 0.00113494 -0.000797747
527.19 -0.000537759 1 0.00119078 -0.00172854
527.64 0.00158453 1 0.00124779 0.000336741
528.1 0.00170951 1 0.00130861 0.000400898
528.55 0.00283173 1 0.00137068 0.00146105
529.01 0.00195664 1 0.00143686 0.000519771
529.46 7.87859e-05 1 0.00150438 -0.00142559
529.91 0.000200898 1 0.00157473 -0.00137383
530.37 0.000325685 1 0.00164968 -0.001324
530.82 -0.00055228 1 0.00172609 -0.00227837
531.28 0.000572427 1 0.00180746 -0.00123503
531.73 0.00169438 1 0.00189036 -0.000195982
532.18 -0.000183704 1 0.00197665 -0.00216036
532.64 0.000940877 1 0.00206848 -0.00112761
533.09 0.00306271 1 0.00216198 0.000900725
533.54 0.00218449 1 0.00225923 -7.47339e-05
534 0.00130894 1 0.00236264 -0.0010537
534.45 0.00443064 1 0.00246786 0.00196278
534.91 0.001555 1 0.0025797 -0.00102469
535.36 0.00267661 1 0.00269343 -1.68156e-05
535.81 0.00379817 1 0.00281158 0.000986597
536.27 0.00392239 1 0.00293707 0.00098532
536.72 0.00604386 1 0.0030646 0.00297926
537.17 0.00416528 1 0.00319699 0.000968291
537.63 0.00528935 1 0.0033375 0.00195184
538.08 0.00341067 1 0.0034802 -6.95249e-05
538.54 0.00753464 1 0.00363157 0.00390307
538.99 0.00765586 1 0.00378522 0.00387064
539.44 0.00677703 1 0.00394453 0.0028325
539.9 0.00690084 1 0.00411341 0.00278742
540.35 0.0070219 1 0.00428471 0.0027372
540.8 0.00614291 1 0.00446219 0.00168073
541.26 0.00626656 1 0.0046502 0.00161636
541.71 0.00938746 1 0.00484075 0.00454671
542.16 0.00750831 1 0.00503805 0.00247026
542.62 0.00963179 1 0.00524689 0.00438489
543.07 0.00775252 1 0.00545841 0.00229411
543.52 0.0078732 1 0.00567725 0.00219595
543.98 0.0079965 1 0.00590873 0.00208776
544.43 0.00811706 1 0.006143 0.00197406
544.88 0.0102376 1 0.00638521 0.00385235
545.34 0.00936068 1 0.00664122 0.00271946
545.79 0.0114811 1 0.00690012 0.00458094
546.24 0.0116014 1 0.0071676 0.00443378
546.69 0.0117216 1 0.00744387 0.00427777
547.15 0.0128445 1 0.0077356 0.0051089
547.6 0.0139646 1 0.00803033 0.0059343
548.05 0.0120847 1 0.00833453 0.00375017
548.51 0.0152074 1 0.00865551 0.00655186
548.96 0.0133273 1 0.00897956 0.00434775
549.41 0.0164472 1 0.00931376 0.00713342
549.86 0.015567 1 0.00965836 0.00590863
550.32 0.0136894 1 0.0100216 0.00366777
550.77 0.0148091 1 0.010388 0.0044211
551.22 0.0159287 1 0.0107654 0.00516323
551.68 0.0170509 1 0.011163 0.00588783
552.13 0.0181703 1 0.0115637 0.00660661
552.58 0.0182897 1 0.0119762 0.00631347
553.03 0.017409 1 0.0124009 0.00500816
553.49 0.0185309 1 0.0128477 0.00568324
553.94 0.0196501 1 0.0132975 0.00635257
554.39 0.0217692 1 0.0137602 0.00800899
554.84 0.0218883 1 0.014236 0.00765225
555.3 0.0230099 1 0.0147361 0.00827372
555.75 0.0231287 1 0.0152391 0.0078896
556.2 0.0242475 1 0.015756 0.00849157
556.65 0.0233663 1 0.0162869 0.00707938
557.11 0.0264876 1 0.0168444 0.00964314
557.56 0.0226061 1 0.0174046 0.00520155
558.01 0.0247246 1 0.0179796 0.00674507
558.46 0.0268431 1 0.0185696 0.00827343
558.92 0.025964 1 0.0191886 0.00677541
559.37 0.0290823 1 0.0198099 0.0092724
559.82 0.0282005 1 0.0204469 0.00775353
560.27 0.0283186 1 0.0211 0.00721855
560.72 0.0294366 1 0.0217694 0.00766722
561.18 0.0315571 1 0.0224706 0.00908653
561.63 0.029675 1 0.0231735 0.00650147
562.08 0.0297928 1 0.0238934 0.00589939
562.53 0.0319104 1 0.0246304 0.00728008
562.99 0.0360306 1 0.0254017 0.010629
563.44 0.0351482 1 0.026174 0.00897414
563.89 0.0342656 1 0.0269641 0.00730146
564.34 0.0343829 1 0.0277722 0.0066107
564.79 0.0355002 1 0.0285985 0.00690169
565.25 0.0356199 1 0.0294621 0.00615786
565.7 0.037737 1 0.0303256 0.00741136
566.15 0.039854 1 0.0312079 0.00864605
566.6 0.0379709 1 0.0321091 0.00586178
567.05 0.0400877 1 0.0330293 0.00705838
567.5 0.0402044 1 0.0339687 0.00623569
567.96 0.0423236 1 0.0349489 0.00737465
568.41 0.0424401 1 0.0359276 0.00651254
568.86 0.0425565 1 0.0369258 0.00563074
569.31 0.0436729 1 0.0379437 0.00572914
569.76 0.0437891 1 0.0389815 0.00480762
570.21 0.0439052 1 0.0400391 0.00386609
570.67 0.0460239 1 0.041141 0.00488286
571.12 0.0471398 1 0.0422392 0.0049006
571.57 0.0472557 1 0.0433576 0.0038981
572.02 0.0493714 1 0.0444961 0.0048753
572.47 0.0474871 1 0.0456549 0.00183215
572.92 0.0516026 1 0.046834 0.00476862
573.37 0.0527181 1 0.0480334 0.0046847
573.83 0.050836 1 0.0492804 0.00155561
574.28 0.0529512 1 0.0505208 0.00243044
574.73 0.0540664 1 0.0517815 0.00228489
575.18 0.0561814 1 0.0530624 0.003119
575.63 0.0572964 1 0.0543636 0.00293281
576.08 0.0554112 1 0.0556848 -0.000273616
576.53 0.057526 1 0.0570262 0.000499801
576.98 0.0586406 1 0.0583874 0.000253147
577.44 0.0617577 1 0.0597995 0.00195816
577.89 0.0598721 1 0.0612008 -0.00132875
578.34 0.0629864 1 0.0626217 0.000364644
578.79 0.0621006 1 0.0640621 -0.00196152
579.24 0.0642147 1 0.0655217 -0.00130707
579.69 0.0663287 1 0.0670005 -0.000671814
580.14 0.0644425 1 0.0684981 -0.00405556
580.59 0.0675563 1 0.0700144 -0.0024581
581.04 0.06867 1 0.0715491 -0.00287918
581.49 0.0697835 1 0.0731021 -0.00331856
581.95 0.0728994 1 0.074708 -0.00180856
582.4 0.0730128 1 0.0762969 -0.00328411
582.85 0.075126 1 0.077903 -0.00277709
583.3 0.076239 1 0.0795262 -0.00328718
583.75 0.078352 1 0.0811661 -0.00281406
584.2 0.0784649 1 0.0828222 -0.00435735
584.65 0.0805776 1 0.0844943 -0.00391669
585.1 0.0816902 1 0.0861819 -0.00449168
585.55 0.0838027 1 0.0878847 -0.00408192
586 0.0849151 1 0.0896021 -0.00468697
586.45 0.0860274 1 0.0913338 -0.00530641
586.9 0.0901396 1 0.0930793 -0.00293975
587.35 0.0892516 1 0.0948381 -0.00558652
587.8 0.0943635 1 0.0966097 -0.00224622
588.25 0.0944753 1 0.0983936 -0.00391835
588.71 0.0955894 1 0.100229 -0.00463991
589.16 0.097701 1 0.102036 -0.0043355
589.61 0.100812 1 0.103854 -0.00304185
590.06 0.100924 1 0.105682 -0.00475837
590.51 0.106035 1 0.107519 -0.00148446
590.96 0.107146 1 0.109365 -0.0022195
591.41 0.107257 1 0.11122 -0.00396287
591.86 0.107368 1 0.113082 -0.00571391
592.31 0.112478 1 0.11495 -0.00247196
592.76 0.113589 1 0.116825 -0.00323634
593.21 0.114699 1 0.118706 -0.00400636
593.66 0.118809 1 0.120591 -0.00178131
594.11 0.11992 1 0.12248 -0.00256046
594.56 0.12203 1 0.124373 -0.00234309
595.01 0.12114 1 0.126268 -0.00512844
595.46 0.124249 1 0.128165 -0.00391576
595.91 0.129359 1 0.130063 -0.000704262
596.36 0.130468 1 0.131962 -0.00149318
596.81 0.133578 1 0.133859 -0.000281708
597.26 0.134687 1 0.135756 -0.00106905
597.71 0.137796 1 0.13765 0.000145609
598.16 0.138905 1 0.139542 -0.00063691
598.61 0.141014 1 0.14143 -0.000415779
599.06 0.142123 1 0.143313 -0.00119016
599.51 0.142231 1 0.14519 -0.00295922
599.96 0.146339 1 0.147062 -0.000722103
600.41 0.150448 1 0.148926 0.00152204
600.86 0.149556 1 0.150782 -0.00122595
601.31 0.149664 1 0.152629 -0.0029652
601.76 0.156772 1 0.154467 0.00230513
602.21 0.154879 1 0.156293 -0.0014141
602.65 0.157985 1 0.158069 -8.41997e-05
603.1 0.161092 1 0.159872 0.00121974
603.55 0.161199 1 0.161663 -0.000463346
604 0.166306 1 0.163439 0.00286739
604.45 0.165413 1 0.165201 0.000212768
604.9 0.16752 1 0.166947 0.000573628
605.35 0.169627 1 0.168676 0.000950781
605.8 0.173733 1 0.170388 0.00334503
606.25 0.17484 1 0.172083 0.00275717
606.7 0.175946 1 0.173758 0.00218797
607.15 0.176052 1 0.175414 0.000638184
607.6 0.176158 1 0.17705 -0.000891441
608.05 0.181264 1 0.178664 0.00259981
608.5 0.18337 1 0.180257 0.00311263
608.95 0.184475 1 0.181827 0.00264768
609.39 0.184578 1 0.183341 0.00123739
609.84 0.183683 1 0.184865 -0.00118173
610.29 0.189788 1 0.186365 0.00342318
610.74 0.187893 1 0.187841 5.26843e-05
611.19 0.190998 1 0.189291 0.00170727
611.64 0.193103 1 0.190715 0.00238739
612.09 0.194207 1 0.192114 0.00209347
612.54 0.193311 1 0.193486 -0.000174128
612.99 0.193416 1 0.194831 -0.00141509
613.44 0.194519 1 0.196149 -0.00162915
613.88 0.196621 1 0.197411 -0.000790017
614.33 0.198725 1 0.198675 4.96726e-05
614.78 0.198828 1 0.199911 -0.00108331
615.23 0.202931 1 0.20112 0.00181105
615.68 0.198035 1 0.202302 -0.00426731
616.13 0.203138 1 0.203456 -0.000318515
616.58 0.20424 1 0.204583 -0.000342785
617.03 0.201343 1 0.205684 -0.00434041
617.47 0.203443 1 0.206734 -0.00329047
617.92 0.203546 1 0.207782 -0.00423661
618.37 0.203648 1 0.208805 -0.00515751
618.82 0.20675 1 0.209804 -0.00305382
619.27 0.205852 1 0.210778 -0.00492632
619.72 0.204954 1 0.211729 -0.00677586
620.17 0.207055 1 0.212659 -0.00560343
620.61 0.207154 1 0.213547 -0.00639239
621.06 0.207255 1 0.214435 -0.00717979
621.51 0.210356 1 0.215305 -0.00494878
621.96 0.209457 1 0.216158 -0.0067008
622.41 0.211558 1 0.216995 -0.0054374
622.86 0.212658 1 0.217819 -0.00516028
623.3 0.209757 1 0.218612 -0.00885555
623.75 0.211857 1 0.219413 -0.00755672
624.2 0.211957 1 0.220207 -0.00824992
624.65 0.215057 1 0.220994 -0.00593736
625.1 0.216156 1 0.221778 -0.00562136
625.54 0.214254 1 0.222543 -0.00828918
625.99 0.216353 1 0.223327 -0.00697371
626.44 0.219452 1 0.224114 -0.00466248
626.89 0.220551 1 0.224909 -0.00435832
627.34 0.21965 1 0.225714 -0.0060642
627.78 0.222746 1 0.226513 -0.00376702
628.23 0.221845 1 0.227346 -0.00550188
628.68 0.221943 1 0.228199 -0.00625624
629.13 0.226041 1 0.229074 -0.00303349
629.58 0.228139 1 0.229976 -0.00183713
630.02 0.228234 1 0.230886 -0.00265186
630.47 0.233332 1 0.23185 0.00148171
630.92 0.231429 1 0.232851 -0.00142197
631.37 0.231526 1 0.233893 -0.00236669
631.81 0.234621 1 0.234955 -0.000333762
632.26 0.234718 1 0.236089 -0.00137093
632.71 0.238815 1 0.237275 0.0015394
633.16 0.238911 1 0.238518 0.000393331
633.61 0.244007 1 0.23982 0.00418701
634.05 0.243101 1 0.241156 0.00194554
634.5 0.246197 1 0.242588 0.00360876
634.95 0.249293 1 0.244092 0.00520044
635.4 0.253388 1 0.245671 0.00771691
635.84 0.253481 1 0.247291 0.00619022
636.29 0.256576 1 0.249029 0.00754762
636.74 0.257671 1 0.250852 0.00681964
637.18 0.260764 1 0.252719 0.00804449
637.63 0.262859 1 0.25472 0.00813863
638.08 0.263953 1 0.256814 0.00713868
638.53 0.270047 1 0.259005 0.0110422
638.97 0.271139 1 0.261242 0.00989669
639.42 0.273233 1 0.26363 0.00960287
639.87 0.276326 1 0.26612 0.0102067
640.32 0.28042 1 0.268713 0.0117068
640.76 0.281511 1 0.271349 0.0101613
641.21 0.284604 1 0.27415 0.0104539
641.66 0.287696 1 0.277056 0.010641
642.1 0.291787 1 0.279998 0.0117888
642.55 0.294879 1 0.283111 0.0117683
643 0.298972 1 0.286327 0.0126442
643.44 0.301062 1 0.289571 0.0114908
643.89 0.305153 1 0.292987 0.0121668
644.34 0.308245 1 0.2965 0.0117452
644.79 0.311336 1 0.300107 0.0112289
645.23 0.314426 1 0.303723 0.0107028
645.68 0.319517 1 0.307506 0.0120104
646.13 0.321607 1 0.311372 0.0102354
646.57 0.323696 1 0.315226 0.00846942
647.02 0.330786 1 0.319239 0.0115467
647.47 0.332876 1 0.323318 0.0095583
647.91 0.336964 1 0.327363 0.00960129
648.36 0.341054 1 0.331551 0.00950295
648.81 0.341144 1 0.335783 0.00536027
649.25 0.343231 1 0.339956 0.00327465
649.7 0.34832 1 0.344251 0.00406892
650.15 0.350409 1 0.348564 0.0018447
650.59 0.356496 1 0.35279 0.00370567
651.04 0.359584 1 0.357111 0.00247351
651.48 0.360671 1 0.361324 -0.00065378
651.93 0.364759 1 0.365612 -0.000853263
652.38 0.366847 1 0.369867 -0.0030199
652.82 0.371932 1 0.373984 -0.00205129
653.27 0.37402 1 0.378139 -0.00411926
653.72 0.376107 1 0.382227 -0.00611983
654.16 0.381192 1 0.386147 -0.0049548
654.61 0.385279 1 0.390066 -0.00478658
655.06 0.382366 1 0.39388 -0.0115149
655.5 0.38845 1 0.397498 -0.00904845
655.95 0.387536 1 0.401072 -0.013536
656.39 0.39362 1 0.404431 -0.0108108
656.84 0.394706 1 0.407716 -0.0130098
657.29 0.394791 1 0.410837 -0.0160453
657.73 0.400875 1 0.413719 -0.0128438
658.18 0.40196 1 0.416481 -0.0145213
658.62 0.404043 1 0.418991 -0.0149483
659.07 0.407127 1 0.421352 -0.0142244
659.52 0.407212 1 0.423494 -0.0162818
659.96 0.411294 1 0.425367 -0.0140727
660.41 0.410378 1 0.427047 -0.016669
660.85 0.41246 1 0.428452 -0.0159915
661.3 0.418544 1 0.429636 -0.0110921
661.74 0.415625 1 0.430539 -0.0149145
662.19 0.416708 1 0.431197 -0.0144894
662.64 0.417791 1 0.431579 -0.0137886
663.08 0.422872 1 0.431681 -0.0088095
663.53 0.422954 1 0.431502 -0.00854814
663.97 0.422034 1 0.431047 -0.00901233
664.42 0.426116 1 0.430291 -0.00417455
664.86 0.424196 1 0.429266 -0.00506972
665.31 0.425278 1 0.427924 -0.00264608
665.75 0.424357 1 0.426323 -0.00196619
666.2 0.423438 1 0.424392 -0.000953781
666.65 0.419519 1 0.422163 -0.00264469
667.09 0.416598 1 0.419699 -0.00310178
667.54 0.419678 1 0.41689 0.00278793
667.98 0.415756 1 0.413863 0.00189269
668.43 0.415836 1 0.410487 0.00534941
668.87 0.411914 1 0.406914 0.0049996
669.32 0.408993 1 0.40299 0.00600339
669.76 0.40707 1 0.398894 0.00817652
670.21 0.405149 1 0.394448 0.0107015
670.65 0.403226 1 0.389857 0.0133694
671.1 0.398305 1 0.384921 0.013384
671.54 0.394381 1 0.379868 0.0145135
671.99 0.388459 1 0.374478 0.0139813
672.43 0.380535 1 0.369001 0.0115345
672.88 0.376613 1 0.363198 0.0134146
673.32 0.373688 1 0.357338 0.0163495
673.77 0.365765 1 0.351168 0.0145974
674.21 0.35784 1 0.344971 0.0128689
674.66 0.350916 1 0.33848 0.012437
675.1 0.346991 1 0.331994 0.0149975
675.55 0.340067 1 0.325231 0.014836
675.99 0.331141 1 0.318505 0.0126361
676.44 0.324217 1 0.311523 0.0126939
676.88 0.31629 1 0.304607 0.0116831
677.33 0.313365 1 0.297457 0.0159084
677.77 0.301438 1 0.290402 0.0110361
678.22 0.292513 1 0.283136 0.00937734
678.66 0.286585 1 0.275992 0.0105934
679.11 0.27666 1 0.26866 0.00799977
679.55 0.266732 1 0.261476 0.00525526
679.99 0.260804 1 0.254291 0.00651269
680.44 0.251877 1 0.246951 0.00492536
680.88 0.243948 1 0.239796 0.00415267
681.33 0.236021 1 0.232509 0.00351201
681.77 0.227092 1 0.225426 0.00166587
682.22 0.218164 1 0.218235 -7.08861e-05
682.66 0.210235 1 0.211265 -0.00103066
683.11 0.202306 1 0.204209 -0.00190286
683.55 0.194376 1 0.197389 -0.00301296
683.99 0.184446 1 0.190656 -0.00620977
684.44 0.178517 1 0.183866 -0.00534954
684.88 0.175586 1 0.17733 -0.00174436
685.33 0.163657 1 0.170757 -0.00710091
685.77 0.157725 1 0.164446 -0.0067206
686.21 0.151794 1 0.158254 -0.00646013
686.66 0.142863 1 0.15205 -0.00918656
687.1 0.136931 1 0.146115 -0.00918336
687.55 0.133 1 0.140182 -0.0071819
687.99 0.124068 1 0.13452 -0.0104525
688.44 0.121136 1 0.128874 -0.00773798
688.88 0.114203 1 0.123498 -0.00929492
689.32 0.10727 1 0.118267 -0.0109968
689.77 0.103338 1 0.113068 -0.00973002
690.21 0.0984038 1 0.108134 -0.00972983
690.65 0.0924697 1 0.103348 -0.0108783
691.1 0.0875367 1 0.0986076 -0.0110708
691.54 0.0816021 1 0.094123 -0.012521
691.99 0.0786686 1 0.0896902 -0.0110216
692.43 0.0737334 1 0.0855054 -0.011772
692.87 0.0697979 1 0.0814673 -0.0116694
693.32 0.0658637 1 0.077488 -0.0116243
693.76 0.0609277 1 0.0737425 -0.0128148
694.2 0.0589914 1 0.0701389 -0.0111475
694.65 0.0570563 1 0.066598 -0.00954172
695.09 0.0551195 1 0.0632748 -0.0081553
695.53 0.0511825 1 0.0600865 -0.008904
695.98 0.0492466 1 0.0569623 -0.00771571
696.42 0.045309 1 0.0540382 -0.00872919
696.86 0.0393712 1 0.0512402 -0.011869
697.31 0.0384344 1 0.0485058 -0.0100713
697.75 0.0374961 1 0.0459531 -0.00845705
698.19 0.0345574 1 0.0435167 -0.00895929
698.64 0.0326199 1 0.0411416 -0.00852171
699.08 0.0316807 1 0.0389298 -0.00724909
699.52 0.0307412 1 0.0368237 -0.00608248
699.97 0.0278028 1 0.0347754 -0.00697255
700.41 0.0258628 1 0.0328723 -0.00700947
700.85 0.0289225 1 0.0310641 -0.00214163
701.3 0.0219833 1 0.0293095 -0.00732615
701.74 0.0180425 1 0.0276826 -0.00964012
702.18 0.0201014 1 0.02614 -0.00603869
702.63 0.0191613 1 0.0246461 -0.00548476
703.07 0.0162196 1 0.0232636 -0.00704393
703.51 0.0182777 1 0.0219551 -0.00367743
703.96 0.0173368 1 0.0206901 -0.00335333
704.4 0.0143943 1 0.0195216 -0.00512724
704.84 0.0124515 1 0.0184173 -0.00596581
705.28 0.0115085 1 0.0173745 -0.00586599
705.73 0.0135664 1 0.0163683 -0.00280182
706.17 0.0116228 1 0.0154405 -0.00381769
706.61 0.00767895 1 0.0145655 -0.00688651
707.06 0.010736 1 0.0137222 -0.00298614
707.5 0.00779159 1 0.0129456 -0.00515396
707.94 0.00584685 1 0.0122138 -0.00636692
708.38 0.00690184 1 0.0115245 -0.00462262
708.83 0.00695778 1 0.010861 -0.00390322
709.27 0.00601219 1 0.0102506 -0.00423844
709.71 0.00606632 1 0.00967606 -0.00360974
710.15 0.00512016 1 0.00913527 -0.00401511
710.6 0.00717494 1 0.00861513 -0.00144019
711.04 0.00522821 1 0.00813688 -0.00290867
711.48 0.00228119 1 0.00768687 -0.00540568
711.92 0.00233389 1 0.00726345 -0.00492956
712.37 0.00338749 1 0.00685626 -0.00346877
712.81 0.000439604 1 0.00648188 -0.00604228
713.25 0.000491433 1 0.00612957 -0.00563814
713.69 0.00454297 1 0.005798 -0.00125503
714.13 -0.00340578 1 0.00548591 -0.00889168
714.58 -0.00035366 1 0.00518562 -0.00553928
715.02 -0.000302996 1 0.00490934 -0.00521234
715.46 -0.000252623 1 0.00464914 -0.00490176
715.9 -0.000202542 1 0.00440402 -0.00460656
716.35 0.000848376 1 0.00416794 -0.00331957
716.79 -0.00110213 1 0.00395052 -0.00505265
717.23 0.000947061 1 0.00374551 -0.00279845
717.67 0.00199596 1 0.00355214 -0.00155618
718.11 4.45703e-05 1 0.00336969 -0.00332512
718.56 -0.00190602 1 0.00319368 -0.00509971
719 0.00114199 1 0.00303128 -0.0018893
719.44 0.0031897 1 0.00287787 0.000311825
719.88 -0.00176289 1 0.0027329 -0.00449579
720.32 0.00128423 1 0.00259584 -0.00131161
720.76 0.00133105 1 0.00246621 -0.00113515
721.21 0.000378626 1 0.00234084 -0.00196221
721.65 0.00142484 1 0.00222487 -0.000800029
722.09 0.00147075 1 0.00211505 -0.000644292
722.53 0.000516367 1 0.002011 -0.00149463
722.97 0.000561679 1 0.00191238 -0.0013507
723.41 -0.00139331 1 0.00181887 -0.00321218
723.86 0.00165241 1 0.0017282 -7.57963e-05
724.3 0.000696805 1 0.00164413 -0.000947326
724.74 -0.000259102 1 0.00156432 -0.00182342
725.18 -0.000215313 1 0.00148852 -0.00170384
725.62 0.00282817 1 0.00141652 0.00141165
726.06 0.00187135 1 0.00134809 0.000523261
726.5 0.00191422 1 0.00128304 0.000631183
726.95 0.000957749 1 0.00121981 -0.000262061
727.39 0 1 0.00116104 -0.00116104
727.83 0.00104194 1 0.00110512 -6.31779e-05
728.27 0.00108358 1 0.0010519 3.1676e-05
728.71 0.00312491 1 0.00100125 0.00212367
729.15 0.00116594 1 0.000953013 0.00021293
729.59 0.00120667 1 0.000907081 0.000299593
730.03 0.00124711 1 0.000863332 0.000383776
730.48 0.00328815 1 0.000820732 0.00246742
730.92 -0.000672008 1 0.000781069 -0.00145308
731.36 -0.000632463 1 0.000743274 -0.00137574
731.8 -0.000593206 1 0.000707257 -0.00130046
732.24 0.00344576 1 0.000672931 0.00277283
732.68 0.00148445 1 0.000640214 0.000844232
733.12 0.00352285 1 0.000609029 0.00291382
733.56 0.00356096 1 0.000579303 0.00298166
734 0.0025988 1 0.000550967 0.00204784
734.44 0.00263637 1 0.000523957 0.00211241
734.89 0.0036745 1 0.000497638 0.00317686
735.33 0.00571151 1 0.000473122 0.00523838
735.77 0.00474824 1 0.000449754 0.00429849
736.21 0.00378471 1 0.000427481 0.00335723
736.65 0.00182091 1 0.000406253 0.00141466
737.09 0.00285685 1 0.000386021 0.00247083
737.53 0.00689252 1 0.000366742 0.00652578
737.97 0.00492794 1 0.000348372 0.00457956
738.41 0.00396309 1 0.000330869 0.00363222
738.85 0.00499799 1 0.000314195 0.00468379
739.29 0.00603263 1 0.000298311 0.00573432
739.73 0.00306702 1 0.000283183 0.00278384
740.17 0.00510117 1 0.000268776 0.00483239
740.61 0.00313506 1 0.000255058 0.00288
741.05 0.0031687 1 0.000241997 0.00292671
741.49 0.00120211 1 0.000229564 0.000972543
741.93 0.00223527 1 0.000217731 0.00201754
742.37 0.00326819 1 0.00020647 0.00306172
742.81 0.00430087 1 0.000195755 0.00410511
743.26 0.00433405 1 0.000185337 0.00414871
743.7 0.00536626 1 0.000175653 0.0051906
744.14 0.00639823 1 0.000166444 0.00623179
744.58 0.00542998 1 0.000157687 0.00527229
745.02 0.0044615 1 0.000149363 0.00431213
745.46 0.00549279 1 0.000141452 0.00535134
745.9 0.00452386 1 0.000133933 0.00438992
746.34 0.0065547 1 0.00012679 0.00642791
746.78 0.00458533 1 0.000120004 0.00446533
747.22 0.00261574 1 0.00011356 0.00250218
747.66 0.00364594 1 0.00010744 0.0035385
748.1 0.00367592 1 0.00010163 0.00357429
748.54 -0.00129431 1 9.61159e-05 -0.00139043
748.98 0.00373525 1 9.08827e-05 0.00364437
749.42 0.00476461 1 8.59175e-05 0.00467869
749.86 0.00379376 1 8.12075e-05 0.00371255
750.29 0.00282205 1 7.68393e-05 0.00274521
750.73 0.0058508 1 7.25984e-05 0.0057782
751.17 0.00387935 1 6.85779e-05 0.00381077
751.61 0.0029077 1 6.47671e-05 0.00284293
752.05 0.00393586 1 6.11558e-05 0.00387471
752.49 0.00196383 1 5.77344e-05 0.00190609
752.93 0.0019916 1 5.44935e-05 0.00193711
753.37 0.00201919 1 5.14242e-05 0.00196777
753.81 0.00404659 1 4.8518e-05 0.00399808
754.25 0.00407381 1 4.57669e-05 0.00402804
754.69 0.00210084 1 4.31631e-05 0.00205768
755.13 0.0021277 1 4.06993e-05 0.002087
755.57 0.00415437 1 3.83684e-05 0.00411601
756.01 0.00118087 1 3.61637e-05 0.00114471
756.45 0.0022072 1 3.40788e-05 0.00217312
756.89 0.00623335 1 3.21077e-05 0.00620124
757.33 0.00425934 1 3.02445e-05 0.00422909
757.77 0.00028515 1 2.84836e-05 0.000256667
758.21 0.0043108 1 2.68199e-05 0.00428398
758.64 0.00333571 1 2.5283e-05 0.00331042
759.08 0.000361034 1 2.37967e-05 0.000337237
759.52 0.0023862 1 2.23933e-05 0.00236381
759.96 0.00141121 1 2.10684e-05 0.00139014
760.4 0.000436064 1 1.98178e-05 0.000416246
760.84 0.00446076 1 1.86378e-05 0.00444213
761.28 0.00448531 1 1.75245e-05 0.00446779
761.72 0.00150971 1 1.64743e-05 0.00149324
762.16 0.00253396 1 1.5484e-05 0.00251848
762.6 0.00255807 1 1.45502e-05 0.00254352
763.03 0.000581489 1 1.36894e-05 0.0005678
763.47 -0.000394686 1 1.28588e-05 -0.000407545
763.91 0.003629 1 1.20761e-05 0.00361692
764.35 0.000652547 1 1.13387e-05 0.000641208
764.79 0.00367596 1 1.06442e-05 0.00366532
765.23 0.00169924 1 9.99026e-06 0.00168925
765.67 0.00372239 1 9.37458e-06 0.00371301
766.11 0.00174541 1 8.79506e-06 0.00173661
766.54 -0.00123222 1 8.26173e-06 -0.00124048
766.98 0.00179055 1 7.74792e-06 0.00178281
767.42 0.0048132 1 7.26459e-06 0.00480594
767.86 -0.00416427 1 6.81003e-06 -0.00417108
768.3 -0.00314186 1 6.38263e-06 -0.00314825
768.74 0.00188043 1 5.98084e-06 0.00187445
769.17 0.0029021 1 5.61154e-06 0.00289649
769.61 0.00492417 1 5.25619e-06 0.00491891
770.05 0.00294613 1 4.92235e-06 0.0029412
770.49 0.000967975 1 4.60878e-06 0.000963366
770.93 0.00498972 1 4.31432e-06 0.0049854
771.37 0.00201135 1 4.03785e-06 0.00200732
771.8 -0.0009676 1 3.78405e-06 -0.000971384
772.24 0.00405384 1 3.54015e-06 0.0040503
772.68 0.00407518 1 3.3113e-06 0.00407186
773.12 0.00409642 1 3.09661e-06 0.00409332
773.56 0.00511757 1 2.89527e-06 0.00511467
774 0.00213862 1 2.70646e-06 0.00213592
774.43 0.00415911 1 2.53335e-06 0.00415658
774.87 0.00417999 1 2.36721e-06 0.00417763
775.31 0.00120079 1 2.21151e-06 0.00119858
775.75 0.0012215 1 2.06563e-06 0.00121943
776.19 0.00224213 1 1.92899e-06 0.0022402
776.62 0.00326221 1 1.80383e-06 0.00326041
777.06 0.00128268 1 1.68383e-06 0.001281
777.5 0.00130308 1 1.5715e-06 0.00130151
777.94 0.0053234 1 1.46636e-06 0.00532194
778.37 0.0033432 1 1.37015e-06 0.00334183
778.81 0.00136338 1 1.27797e-06 0.0013621
779.25 0.0043835 1 1.19176e-06 0.0043823
779.69 0.00540355 1 1.11113e-06 0.00540244
780.13 0.000423535 1 1.03575e-06 0.000422499
780.56 0.000443009 1 9.66843e-07 0.000442042
781 0.00346288 1 9.00893e-07 0.00346198
781.44 0.00148269 1 8.39271e-07 0.00148185
781.88 0.00550244 1 7.81707e-07 0.00550166
782.31 0.0035217 1 7.29125e-07 0.00352097
782.75 0.00254135 1 6.78844e-07 0.00254067
783.19 0.00256096 1 6.31902e-07 0.00256032
783.63 -0.00141949 1 5.88088e-07 -0.00142008
784.06 0.00159958 1 5.48099e-07 0.00159903
784.5 0.00161905 1 5.09892e-07 0.00161854
784.94 0.00363848 1 4.74252e-07 0.00363801
785.37 0.00265743 1 4.41744e-07 0.00265699
785.81 0.00267678 1 4.10703e-07 0.00267637
786.25 0.000696103 1 3.81766e-07 0.000695721
786.69 0.00371539 1 3.54797e-07 0.00371503
787.12 0.00373421 1 3.30217e-07 0.00373388
787.56 0.00375344 1 3.06767e-07 0.00375313
788 0.00177264 1 2.84924e-07 0.00177235
788.43 -0.000208621 1 2.65029e-07 -0.000208886
788.87 0.00281053 1 2.4606e-07 0.00281029
789.31 0.00382967 1 2.28402e-07 0.00382944
789.75 0.00484878 1 2.11969e-07 0.00484857
790.18 0.00186745 1 1.97013e-07 0.00186725
790.62 0.00288654 1 1.82765e-07 0.00288635
791.06 0.00290561 1 1.69513e-07 0.00290544
791.49 0.00092424 1 1.57461e-07 0.000924082
791.93 0.0039433 1 1.45985e-07 0.00394315
792.37 0.00296234 1 1.35318e-07 0.00296221
792.8 0.00198096 1 1.25623e-07 0.00198083
793.24 0 1 1.16398e-07 -1.16398e-07
793.68 0.00201904 1 1.07828e-07 0.00201894
794.11 0.00103766 1 1.00044e-07 0.00103756
794.55 5.67048e-05 1 9.26412e-08 5.66121e-05
794.99 0.00207576 1 8.5769e-08 0.00207567
795.42 -0.00290561 1 7.95303e-08 -0.00290569
795.86 0.00111346 1 7.36013e-08 0.00111339
796.3 0.00313255 1 6.81005e-08 0.00313248
796.73 0.00315122 1 6.31098e-08 0.00315115
797.17 0.00517033 1 5.83698e-08 0.00517027
797.61 0.00318947 1 5.39749e-08 0.00318941
798.04 0.00220819 1 4.999e-08 0.00220814
798.48 0.000227362 1 4.62076e-08 0.000227316
798.91 0.000246127 1 4.27794e-08 0.000246084
799.35 -0.00173465 1 3.95268e-08 -0.00173469
799.79 0.00228461 1 3.6514e-08 0.00228457
800.22 -0.00369654 1 3.37852e-08 -0.00369658
800.66 -0.000677223 1 3.11976e-08 -0.000677254
801.1 0.00234213 1 2.88024e-08 0.0023421
