500.34 0.00248013 1 4.12622e-05 0.00243887
500.8 0.0015551 1 4.3856e-05 0.00151124
501.25 -0.00037157 1 4.6541e-05 -0.000418111
501.71 -0.00129661 1 4.94448e-05 -0.00134605
502.17 0.00077836 1 5.25181e-05 0.000725842
502.62 0.000851696 1 5.56973e-05 0.000795999
503.08 0.000926663 1 5.91331e-05 0.00086753
503.53 0 1 6.26857e-05 -6.26857e-05
503.99 -0.000925033 1 6.65232e-05 -0.000991556
504.44 -0.000851696 1 7.04893e-05 -0.000922186
504.9 -0.00077673 1 7.47716e-05 -0.000851502
505.36 0.000298235 1 7.92963e-05 0.000218939
505.81 0.00037157 1 8.39694e-05 0.0002876
506.27 -0.000553467 1 8.90115e-05 -0.000642479
506.72 0.00151987 1 9.42164e-05 0.00142565
507.18 0.00159483 1 9.98297e-05 0.001495
507.63 -0.00133185 1 0.000105622 -0.00143747
508.09 0.00174311 1 0.000111865 0.00163125
508.54 -0.000183564 1 0.000118304 -0.000301869
509 -0.00110861 1 0.000125242 -0.00123385
509.45 0.000964707 1 0.000132394 0.000832313
509.91 -0.000960347 1 0.000140096 -0.00110044
510.36 0.000112966 1 0.000148033 -3.50666e-05
510.82 0.000187905 1 0.000156576 3.13296e-05
511.27 0.00126121 1 0.000165374 0.00109584
511.73 0.00133614 1 0.000174841 0.0011613
512.19 0.000411071 1 0.000184808 0.000226263
512.64 0.000484366 1 0.000195067 0.000289299
513.1 0.000559284 1 0.000206096 0.000353188
513.55 -0.00136743 1 0.000217442 -0.00158487
514.01 0.00170748 1 0.000229635 0.00147784
514.46 0.000780754 1 0.000242173 0.000538581
514.92 -0.00114435 1 0.00025564 -0.00139999
515.37 0.00192892 1 0.000269481 0.00165944
515.83 0.0010038 1 0.000284341 0.000719462
516.28 0.00107705 1 0.000299606 0.000777449
516.73 0.0021503 1 0.000315624 0.00183468
517.19 0.00122517 1 0.000332809 0.000892359
517.64 -0.0017016 1 0.00035045 -0.00205205
518.1 0.00237325 1 0.000369369 0.00200389
518.55 0.000446474 1 0.000388781 5.76932e-05
519.01 0.00252131 1 0.000409588 0.00211172
519.46 0.000594516 1 0.000430927 0.00016359
519.92 0.000669339 1 0.000453789 0.00021555
520.37 -0.000257473 1 0.000477225 -0.000734698
520.83 0.00481733 1 0.000502322 0.00431501
521.28 -0.0011095 1 0.000528037 -0.00163753
521.74 -3.4707e-05 1 0.000555561 -0.000590268
522.19 3.84467e-05 1 0.000583749 -0.000545302
522.65 -0.000886783 1 0.000613906 -0.00150069
523.1 0.00218635 1 0.000644776 0.00154158
523.55 0.00125948 1 0.000677053 0.000582425
524.01 0.00233422 1 0.000711561 0.00162266
524.46 0.00240732 1 0.000746859 0.00166046
524.92 -0.000517956 1 0.000784579 -0.00130254
525.37 -0.000444871 1 0.000823145 -0.00126802
525.83 0.000629827 1 0.000864336 -0.000234509
526.28 0.00170289 1 0.00090643 0.00079646
526.73 0.00277594 1 0.000950371 0.00182557
527.19 0.00185061 1 0.000997271 0.000853335
527.64 0.000923636 1 0.00104517 -0.000121529
528.1 0.00199828 1 0.00109626 0.000902016
528.55 0.00207128 1 0.00114841 0.00092287
529.01 0.0041459 1 0.00120402 0.00294187
529.46 0.00221888 1 0.00126076 0.00095812
529.91 0.00129185 1 0.00131988 -2.80375e-05
530.37 0.00236642 1 0.00138288 0.000983537
530.82 0.00343936 1 0.00144711 0.00199225
531.28 0.00251391 1 0.00151552 0.000998393
531.73 0.00158683 1 0.00158522 1.60344e-06
532.18 0.00265973 1 0.00165778 0.00100195
532.64 0.000734235 1 0.001735 -0.00100077
533.09 0.00280711 1 0.00181363 0.000993478
533.54 0.00587997 1 0.00189542 0.00398455
534 0.00395443 1 0.0019824 0.00197203
534.45 0.00402726 1 0.00207091 0.00195635
534.91 0.00410169 1 0.00216499 0.0019367
535.36 0.00617449 1 0.00226067 0.00391382
535.81 0.00524727 1 0.00236007 0.0028872
536.27 0.00432165 1 0.00246566 0.00185599
536.72 0.00639441 1 0.00257297 0.00382143
537.17 0.00446714 1 0.00268438 0.00178276
537.63 0.00554147 1 0.00280263 0.00273885
538.08 0.00561418 1 0.00292272 0.00269146
538.54 0.00568848 1 0.00305012 0.00263835
538.99 0.00676114 1 0.00317944 0.0035817
539.44 0.00583379 1 0.00331354 0.00252025
539.9 0.00590804 1 0.0034557 0.00245234
540.35 0.00598065 1 0.00359989 0.00238076
540.8 0.00705325 1 0.0037493 0.00330395
541.26 0.00712744 1 0.00390758 0.00321986
541.71 0.0092 1 0.00406801 0.00513199
542.16 0.00927254 1 0.00423411 0.00503843
542.62 0.0103467 1 0.00440995 0.00593672
543.07 0.0104192 1 0.00458804 0.00583114
543.52 0.00849166 1 0.0047723 0.00371936
543.98 0.00856574 1 0.00496722 0.00359852
544.43 0.00863818 1 0.00516448 0.00347371
544.88 0.00771061 1 0.00536843 0.00234218
545.34 0.0107846 1 0.005584 0.00520062
545.79 0.00985701 1 0.00580201 0.00405499
546.24 0.0109294 1 0.00602725 0.00490212
546.69 0.0130017 1 0.00625989 0.00674182
547.15 0.0130756 1 0.00650556 0.00657008
547.6 0.0121479 1 0.00675375 0.00539419
548.05 0.0122202 1 0.00700991 0.00521031
548.51 0.0142941 1 0.00728021 0.00701388
548.96 0.0123663 1 0.00755308 0.00481324
549.41 0.0124385 1 0.0078345 0.00460403
549.86 0.0125107 1 0.00812468 0.00438604
550.32 0.0135845 1 0.00843056 0.00515393
550.77 0.0126566 1 0.00873904 0.00391759
551.22 0.0157288 1 0.00905688 0.00667188
551.68 0.0158025 1 0.00939166 0.0064108
552.13 0.0168745 1 0.00972903 0.0071455
552.58 0.0159466 1 0.0100764 0.00587021
553.03 0.0150186 1 0.0104339 0.00458473
553.49 0.0170922 1 0.0108101 0.00628214
553.94 0.0181642 1 0.0111888 0.0069754
554.39 0.0172361 1 0.0115783 0.00565784
554.84 0.0163081 1 0.0119788 0.00432926
555.3 0.0193816 1 0.0123998 0.00698175
555.75 0.0194535 1 0.0128232 0.00663023
556.2 0.0185253 1 0.0132582 0.00526706
556.65 0.0205971 1 0.0137051 0.00689203
557.11 0.0236705 1 0.0141743 0.00949619
557.56 0.0197423 1 0.0146458 0.00509656
558.01 0.0208141 1 0.0151296 0.00568444
558.46 0.0228858 1 0.0156261 0.00725965
558.92 0.0229591 1 0.016147 0.00681211
559.37 0.0240307 1 0.0166697 0.00736108
559.82 0.0241024 1 0.0172056 0.00689677
560.27 0.026174 1 0.017755 0.00841899
560.72 0.0242456 1 0.018318 0.00592755
561.18 0.0243187 1 0.0189079 0.00541088
561.63 0.0253903 1 0.019499 0.00589124
562.08 0.0264618 1 0.0201044 0.00635739
562.53 0.0265332 1 0.0207241 0.00580913
562.99 0.0296063 1 0.0213726 0.00823363
563.44 0.0296777 1 0.022022 0.00765573
563.89 0.0277491 1 0.0226862 0.00506291
564.34 0.0298204 1 0.0233654 0.00645502
564.79 0.0278918 1 0.0240598 0.0038319
565.25 0.0299646 1 0.0247856 0.00517904
565.7 0.0330359 1 0.0255112 0.00752466
566.15 0.0331071 1 0.0262525 0.00685461
566.6 0.0331783 1 0.0270096 0.00616875
567.05 0.0352495 1 0.0277826 0.00746696
567.5 0.0343207 1 0.0285715 0.00574912
567.96 0.0363934 1 0.0293947 0.00699862
568.41 0.0364644 1 0.0302165 0.00624798
568.86 0.0375355 1 0.0310545 0.00648096
569.31 0.0366065 1 0.031909 0.00469748
569.76 0.0366775 1 0.0327801 0.00389745
570.21 0.0367485 1 0.0336677 0.0030808
570.67 0.037821 1 0.0345922 0.00322875
571.12 0.0408918 1 0.0355136 0.00537829
571.57 0.0409627 1 0.0364517 0.00451104
572.02 0.0420335 1 0.0374066 0.00462696
572.47 0.0421043 1 0.0383783 0.00372603
572.92 0.0431751 1 0.0393668 0.00380822
573.37 0.0442458 1 0.0403723 0.00387353
573.83 0.044318 1 0.0414174 0.00290063
574.28 0.0443887 1 0.0424569 0.00193183
574.73 0.0444593 1 0.0435131 0.000946198
575.18 0.0475299 1 0.0445861 0.00294377
575.63 0.0486005 1 0.0456759 0.00292459
576.08 0.047671 1 0.0467822 0.000888735
576.53 0.0477415 1 0.0479052 -0.000163732
576.98 0.0488119 1 0.0490446 -0.000232722
577.44 0.0498839 1 0.0502263 -0.00034244
577.89 0.0519542 1 0.0513988 0.000555477
578.34 0.0540246 1 0.0525874 0.00143721
578.79 0.0530949 1 0.053792 -0.000697092
579.24 0.0541651 1 0.0550124 -0.000847286
579.69 0.0572354 1 0.0562486 0.000986799
580.14 0.0563056 1 0.0575002 -0.00119466
580.59 0.0573757 1 0.0587672 -0.00139146
581.04 0.0564458 1 0.0600492 -0.00360339
581.49 0.0585159 1 0.0613461 -0.00283025
581.95 0.0615875 1 0.062687 -0.00109953
582.4 0.0626575 1 0.0640133 -0.00135579
582.85 0.0627275 1 0.0653537 -0.00262621
583.3 0.0627974 1 0.0667079 -0.00391049
583.75 0.0658673 1 0.0680756 -0.00220835
584.2 0.0669371 1 0.0694566 -0.00251946
584.65 0.0670069 1 0.0708504 -0.00384351
585.1 0.0690767 1 0.0722568 -0.00318014
585.55 0.0691464 1 0.0736754 -0.00452901
586 0.0712161 1 0.0751059 -0.00388975
586.45 0.0722858 1 0.0765477 -0.00426196
586.9 0.0743554 1 0.0780006 -0.00364524
587.35 0.0774249 1 0.0794641 -0.00203919
587.8 0.0774945 1 0.0809378 -0.00344337
588.25 0.0805639 1 0.0824213 -0.00185733
588.71 0.0806349 1 0.0839473 -0.00331235
589.16 0.0807043 1 0.085449 -0.00474469
589.61 0.0827737 1 0.0869591 -0.00418538
590.06 0.083843 1 0.0884769 -0.00463392
590.51 0.0859123 1 0.0900021 -0.0040898
590.96 0.0889815 1 0.091534 -0.0025525
591.41 0.0890507 1 0.0930722 -0.00402146
591.86 0.0891199 1 0.094616 -0.00549614
592.31 0.094189 1 0.0961649 -0.00197597
592.76 0.095258 1 0.0977184 -0.00246037
593.21 0.0943271 1 0.0992758 -0.00494876
593.66 0.097396 1 0.100837 -0.00344051
594.11 0.102465 1 0.1024 6.49622e-05
594.56 0.102534 1 0.103966 -0.0014317
595.01 0.103603 1 0.105533 -0.00192988
595.46 0.105671 1 0.1071 -0.00142892
595.91 0.10874 1 0.108668 7.18323e-05
596.36 0.108809 1 0.110236 -0.00142697
596.81 0.107878 1 0.111802 -0.00392466
597.26 0.110946 1 0.113367 -0.00242056
597.71 0.114015 1 0.114929 -0.000913977
598.16 0.115083 1 0.116488 -0.00140424
598.61 0.117152 1 0.118042 -0.000890637
599.06 0.11722 1 0.119593 -0.00237248
599.51 0.120289 1 0.121138 -0.000849076
599.96 0.119357 1 0.122677 -0.00331971
600.41 0.125425 1 0.124209 0.00121633
600.86 0.124494 1 0.125734 -0.00124026
601.31 0.123562 1 0.127251 -0.00368877
601.76 0.12863 1 0.128758 -0.000128494
602.21 0.128698 1 0.130257 -0.00155873
602.65 0.130765 1 0.131712 -0.000947323
603.1 0.133833 1 0.133189 0.000643278
603.55 0.133901 1 0.134655 -0.000754558
604 0.134968 1 0.136109 -0.00114014
604.45 0.137036 1 0.137549 -0.000512808
604.9 0.138104 1 0.138976 -0.000871881
605.35 0.139172 1 0.140389 -0.00121671
605.8 0.14324 1 0.141786 0.00145335
606.25 0.146307 1 0.143168 0.00313893
606.7 0.147375 1 0.144534 0.00284063
607.15 0.143443 1 0.145883 -0.00244094
607.6 0.14551 1 0.147215 -0.00170521
608.05 0.148577 1 0.148529 4.83672e-05
608.5 0.150645 1 0.149825 0.00082033
608.95 0.151712 1 0.151101 0.000611182
609.39 0.151778 1 0.15233 -0.000552372
609.84 0.154845 1 0.153568 0.00127722
610.29 0.156913 1 0.154786 0.00212703
610.74 0.15698 1 0.155982 0.000997458
611.19 0.155047 1 0.157158 -0.00211116
611.64 0.159114 1 0.158312 0.000801483
612.09 0.161181 1 0.159445 0.00173566
612.54 0.162248 1 0.160556 0.00169159
612.99 0.159315 1 0.161645 -0.00233054
613.44 0.161382 1 0.162712 -0.00133062
613.88 0.161447 1 0.163734 -0.00228707
614.33 0.164514 1 0.164757 -0.000243348
614.78 0.16258 1 0.165758 -0.0031775
615.23 0.165647 1 0.166737 -0.00108964
615.68 0.166714 1 0.167693 -0.000979905
616.13 0.16778 1 0.168629 -0.000848533
616.58 0.166847 1 0.169542 -0.00269582
617.03 0.165913 1 0.170435 -0.00452212
617.47 0.166978 1 0.171288 -0.00431021
617.92 0.170044 1 0.172141 -0.0020964
618.37 0.16911 1 0.172974 -0.00386316
618.82 0.170177 1 0.173788 -0.00361117
619.27 0.170243 1 0.174584 -0.0043412
619.72 0.170309 1 0.175363 -0.0050541
620.17 0.171375 1 0.176126 -0.00475081
620.61 0.172439 1 0.176857 -0.00441738
621.06 0.172505 1 0.177591 -0.00508523
621.51 0.174571 1 0.178311 -0.00374025
621.96 0.173637 1 0.179021 -0.00538378
622.41 0.175703 1 0.17972 -0.00401723
622.86 0.175768 1 0.18041 -0.00464212
623.3 0.175833 1 0.181079 -0.00524641
623.75 0.173898 1 0.181757 -0.00785925
624.2 0.179964 1 0.182432 -0.00246866
624.65 0.179029 1 0.183106 -0.00407655
625.1 0.181094 1 0.183779 -0.00268493
625.54 0.180158 1 0.184441 -0.00428231
625.99 0.180224 1 0.185122 -0.00489799
626.44 0.185289 1 0.18581 -0.00052074
626.89 0.184354 1 0.186507 -0.00215294
627.34 0.183419 1 0.187216 -0.00379707
627.78 0.186483 1 0.187924 -0.00144087
628.23 0.188548 1 0.188664 -0.000116174
628.68 0.186613 1 0.189424 -0.00281122
629.13 0.188677 1 0.190206 -0.00152878
629.58 0.191742 1 0.191014 0.000728339
630.02 0.191806 1 0.191831 -2.52696e-05
630.47 0.19387 1 0.192697 0.00117329
630.92 0.193935 1 0.193597 0.00033787
631.37 0.194999 1 0.194534 0.000465527
631.81 0.197062 1 0.195488 0.00157401
632.26 0.198127 1 0.196507 0.00161989
632.71 0.200191 1 0.197571 0.00262002
633.16 0.201256 1 0.198684 0.00257146
633.61 0.20332 1 0.199848 0.00347133
634.05 0.205383 1 0.201039 0.00434305
634.5 0.206447 1 0.202314 0.00413263
634.95 0.208511 1 0.203648 0.0048624
635.4 0.213575 1 0.205045 0.00852978
635.84 0.210637 1 0.206473 0.00416406
636.29 0.213701 1 0.208 0.00570087
636.74 0.213765 1 0.209597 0.00416832
637.18 0.221827 1 0.211226 0.0106008
637.63 0.219891 1 0.212966 0.00692529
638.08 0.222954 1 0.21478 0.00817491
638.53 0.226018 1 0.21667 0.00934823
638.97 0.22708 1 0.218593 0.00848723
639.42 0.227143 1 0.220637 0.00650636
639.87 0.232207 1 0.22276 0.00944638
640.32 0.23327 1 0.224963 0.00830687
640.76 0.235332 1 0.227194 0.0081379
641.21 0.236395 1 0.229554 0.00684109
641.66 0.238458 1 0.231993 0.00646537
642.1 0.24452 1 0.234453 0.010067
642.55 0.247583 1 0.237045 0.0105381
643 0.248646 1 0.239712 0.00893395
643.44 0.247707 1 0.24239 0.00531678
643.89 0.25477 1 0.2452 0.00956989
644.34 0.256832 1 0.248078 0.0087547
644.79 0.259895 1 0.251021 0.00887432
645.23 0.262956 1 0.253958 0.00899829
645.68 0.265019 1 0.257019 0.00799971
646.13 0.269081 1 0.260133 0.0089476
646.57 0.272142 1 0.263226 0.00891608
647.02 0.271204 1 0.266432 0.00477235
647.47 0.275266 1 0.269676 0.00559029
647.91 0.279327 1 0.27288 0.00644751
648.36 0.282389 1 0.276182 0.0062073
648.81 0.284451 1 0.279504 0.00494736
649.25 0.282512 1 0.282764 -0.000252549
649.7 0.287574 1 0.286104 0.00146928
650.15 0.289635 1 0.289442 0.000193051
650.59 0.293696 1 0.292697 0.000999082
651.04 0.295757 1 0.296007 -0.000249799
651.48 0.297818 1 0.299219 -0.00140119
651.93 0.299879 1 0.302469 -0.00258985
652.38 0.30294 1 0.305675 -0.00273504
652.82 0.306 1 0.30876 -0.00275967
653.27 0.307062 1 0.311854 -0.00479226
653.72 0.310123 1 0.314877 -0.00475426
654.16 0.309183 1 0.317756 -0.00857325
654.61 0.313244 1 0.320612 -0.00736822
655.06 0.313305 1 0.32337 -0.0100649
655.5 0.315364 1 0.325962 -0.0105976
655.95 0.318425 1 0.328498 -0.0100726
656.39 0.323485 1 0.330856 -0.00737103
656.84 0.325545 1 0.333134 -0.00758874
657.29 0.325606 1 0.335269 -0.00966326
657.73 0.325665 1 0.33721 -0.011545
658.18 0.329726 1 0.339037 -0.00931152
658.62 0.329785 1 0.340661 -0.0108766
659.07 0.329845 1 0.342149 -0.0123039
659.52 0.330905 1 0.343454 -0.0125487
659.96 0.334964 1 0.344547 -0.00958277
660.41 0.334024 1 0.345471 -0.0114468
660.85 0.333083 1 0.34618 -0.0130968
661.3 0.338143 1 0.3467 -0.0085568
661.74 0.336201 1 0.347003 -0.0108017
662.19 0.337261 1 0.347099 -0.0098382
662.64 0.336321 1 0.346975 -0.0106546
663.08 0.339379 1 0.346638 -0.00725903
663.53 0.336439 1 0.34607 -0.00963093
663.97 0.337497 1 0.345293 -0.00779622
664.42 0.338556 1 0.344272 -0.00571554
664.86 0.336614 1 0.34305 -0.00643613
665.31 0.339674 1 0.341573 -0.00189967
665.75 0.339731 1 0.339906 -0.000174873
666.2 0.33679 1 0.337975 -0.00118442
666.65 0.33785 1 0.335816 0.00203332
667.09 0.333907 1 0.333488 0.000419264
667.54 0.336966 1 0.330887 0.00607893
667.98 0.331024 1 0.328133 0.00289069
668.43 0.331082 1 0.325104 0.00597823
668.87 0.32714 1 0.32194 0.00519977
669.32 0.325198 1 0.318502 0.00669653
669.76 0.322255 1 0.314948 0.00730749
670.21 0.319314 1 0.311123 0.00819054
670.65 0.316371 1 0.307204 0.00916654
671.1 0.316429 1 0.30302 0.013409
671.54 0.308486 1 0.298764 0.00972211
671.99 0.304544 1 0.29425 0.0102938
672.43 0.298601 1 0.289688 0.00891279
672.88 0.296658 1 0.284878 0.0117804
673.32 0.291715 1 0.280043 0.0116716
673.77 0.284773 1 0.274973 0.00979939
674.21 0.281829 1 0.269902 0.0119269
674.66 0.273887 1 0.264609 0.00927741
675.1 0.271943 1 0.259339 0.0126038
675.55 0.266 1 0.253862 0.0121382
675.99 0.257056 1 0.248431 0.00862514
676.44 0.251114 1 0.24281 0.00830397
676.88 0.24617 1 0.237257 0.00891267
677.33 0.243227 1 0.23153 0.0116963
677.77 0.235282 1 0.225894 0.00938817
678.22 0.226339 1 0.220102 0.00623735
678.66 0.225395 1 0.21442 0.0109745
679.11 0.215452 1 0.2086 0.00685111
679.55 0.208507 1 0.20291 0.00559689
679.99 0.203562 1 0.197228 0.00633384
680.44 0.197619 1 0.191435 0.00618333
680.88 0.191674 1 0.185797 0.00587717
681.33 0.18173 1 0.180064 0.00166595
681.77 0.174785 1 0.174501 0.000284757
682.22 0.168841 1 0.16886 -1.85654e-05
682.66 0.160896 1 0.1634 -0.00250419
683.11 0.154952 1 0.157881 -0.0029283
683.55 0.149007 1 0.152552 -0.00354499
683.99 0.147061 1 0.147297 -0.000235406
684.44 0.138117 1 0.142004 -0.00388707
684.88 0.135172 1 0.136914 -0.00174281
685.33 0.127227 1 0.131801 -0.00457371
685.77 0.122281 1 0.126895 -0.00461384
686.21 0.118336 1 0.122087 -0.00375122
686.66 0.110391 1 0.117273 -0.00688231
687.1 0.105445 1 0.112672 -0.00722671
687.55 0.1015 1 0.108076 -0.00657571
687.99 0.0935537 1 0.103692 -0.0101384
688.44 0.0916086 1 0.099324 -0.00771532
688.88 0.0876623 1 0.0951669 -0.00750466
689.32 0.0827158 1 0.091124 -0.00840822
689.77 0.0777705 1 0.0871084 -0.00933786
690.21 0.0748239 1 0.083299 -0.00847518
690.65 0.0718771 1 0.0796059 -0.00772879
691.1 0.0679315 1 0.0759492 -0.00801761
691.54 0.0619847 1 0.072491 -0.0105064
691.99 0.0580389 1 0.0690739 -0.011035
692.43 0.0560918 1 0.0658488 -0.009757
692.87 0.0531447 1 0.0627377 -0.009593
693.32 0.0501986 1 0.0596724 -0.00947377
693.76 0.0472513 1 0.0567878 -0.00953652
694.2 0.0473038 1 0.0540129 -0.00670908
694.65 0.0433575 1 0.0512867 -0.00792915
695.09 0.0414099 1 0.0487283 -0.00731833
695.53 0.0364622 1 0.0462738 -0.00981158
695.98 0.0355156 1 0.0438689 -0.00835322
696.42 0.0335678 1 0.0416179 -0.00805017
696.86 0.0306198 1 0.0394641 -0.00884427
697.31 0.0296729 1 0.037359 -0.00768611
697.75 0.0277248 1 0.0353938 -0.00766903
698.19 0.0267765 1 0.0335179 -0.00674137
698.64 0.0218294 1 0.031689 -0.00985963
699.08 0.023881 1 0.0299857 -0.00610469
699.52 0.0209325 1 0.0283635 -0.00743103
699.97 0.019985 1 0.0267856 -0.00680054
700.41 0.0210363 1 0.0253193 -0.00428291
700.85 0.0170876 1 0.0239258 -0.00683827
701.3 0.0151398 1 0.0225733 -0.00743347
701.74 0.0131909 1 0.021319 -0.00812817
702.18 0.0142418 1 0.0201295 -0.0058877
702.63 0.0132938 1 0.0189772 -0.00568334
703.07 0.0103446 1 0.0179105 -0.00756597
703.51 0.0113952 1 0.0169008 -0.00550557
703.96 0.0114469 1 0.0159243 -0.0044774
704.4 0.00949742 1 0.0150221 -0.00552466
704.84 0.00754779 1 0.0141693 -0.0066215
705.28 0.00659808 1 0.0133637 -0.00676561
705.73 0.00764941 1 0.0125862 -0.00493681
706.17 0.00669951 1 0.0118692 -0.0051697
706.61 0.00574951 1 0.0111927 -0.00544323
707.06 0.00480055 1 0.0105407 -0.00574017
707.5 0.00385036 1 0.00994011 -0.00608975
707.94 0.00190007 1 0.00937408 -0.007474
708.38 0.00394969 1 0.0088408 -0.0048911
708.83 0.00200034 1 0.00832745 -0.0063271
709.27 0.00504977 1 0.00785513 -0.00280535
709.71 0.00209911 1 0.00741046 -0.00531135
710.15 0.00314834 1 0.00699191 -0.00384357
710.6 0.0041986 1 0.00658933 -0.00239073
711.04 0.00224764 1 0.00621917 -0.00397153
711.48 -0.000703411 1 0.00587088 -0.00657429
711.92 0.00134544 1 0.00554319 -0.00419775
712.37 -0.0006047 1 0.0052281 -0.00583281
712.81 -0.00155605 1 0.00493845 -0.0064945
713.25 -0.00150749 1 0.00466593 -0.00617342
713.69 0.00154097 1 0.00440951 -0.00286854
714.13 -0.00341067 1 0.00416822 -0.00757889
714.58 -0.00436131 1 0.00393614 -0.00829745
715.02 -0.00331314 1 0.0037227 -0.00703584
715.46 -0.00526508 1 0.00352177 -0.00878684
715.9 -0.00121711 1 0.00333257 -0.00454968
716.35 -0.000168153 1 0.00315046 -0.00331861
716.79 -0.00312038 1 0.00298283 -0.00610322
717.23 -0.00107272 1 0.00282488 -0.0038976
717.67 -0.00102515 1 0.00267601 -0.00370116
718.11 -0.00197768 1 0.00253565 -0.00451332
718.56 -0.00192923 1 0.00240034 -0.00432957
719 -0.00288196 1 0.00227561 -0.00515757
719.44 -0.000834791 1 0.00215789 -0.00299268
719.88 -0.00278772 1 0.00204674 -0.00483446
720.32 -0.00474075 1 0.00194177 -0.00668252
720.76 -0.00169389 1 0.00184258 -0.00353647
721.21 -0.00364606 1 0.00174676 -0.00539282
721.65 -0.000599395 1 0.00165822 -0.00225762
722.09 -0.000552833 1 0.00157447 -0.00212731
722.53 -0.000506372 1 0.00149522 -0.00200159
722.97 -0.00146001 1 0.00142019 -0.0028802
723.41 -0.00241376 1 0.00134913 -0.00376289
723.86 -0.00136655 1 0.00128033 -0.00264688
724.3 -0.0043205 1 0.0012166 -0.00553711
724.74 -0.000274554 1 0.00115619 -0.00143074
725.18 -0.00222871 1 0.00109888 -0.00332759
725.62 -0.000182966 1 0.00104452 -0.00122748
726.06 -0.000137327 1 0.000992919 -0.00113025
726.5 -9.17906e-05 1 0.000943933 -0.00103572
726.95 -0.00104533 1 0.000896383 -0.00194171
727.39 0 1 0.000852244 -0.000852244
727.83 -0.00195478 1 0.000810302 -0.00276508
728.27 -0.00190966 1 0.00077044 -0.0026801
728.71 -0.00186464 1 0.000732543 -0.00259718
729.15 0.000180275 1 0.000696509 -0.000516234
729.59 -0.000774911 1 0.000662238 -0.00143715
730.03 0.0012698 1 0.000629638 0.000640165
730.48 0.00031543 1 0.000597935 -0.000282505
730.92 -0.00164006 1 0.000568455 -0.00220851
731.36 0.00140436 1 0.0005404 0.000863956
731.8 -0.00155133 1 0.000513698 -0.00206502
732.24 -0.000507107 1 0.00048828 -0.000995387
732.68 -0.000462983 1 0.000464083 -0.000927067
733.12 0.000581045 1 0.000441047 0.000139997
733.56 0.000624978 1 0.000419116 0.000205862
734 -0.000331183 1 0.000398234 -0.000729418
734.44 0.00171256 1 0.000378352 0.00133421
734.89 0.00275721 1 0.000359002 0.0023982
735.33 0.00180076 1 0.000340998 0.00145977
735.77 0.000844231 1 0.000323856 0.000520376
736.21 0.000887608 1 0.000307535 0.000580073
736.65 -6.9106e-05 1 0.000291997 -0.000361103
737.09 0.000974091 1 0.000277204 0.000696887
737.53 0.0040172 1 0.000263123 0.00375408
737.97 0.00306022 1 0.000249719 0.0028105
738.41 0.00210315 1 0.000236962 0.00186619
738.85 0.006146 1 0.000224821 0.00592118
739.29 0.00418876 1 0.000213268 0.00397549
739.73 0.00223144 1 0.000202275 0.00202916
740.17 0.00227403 1 0.000191816 0.00208221
740.61 0.00231654 1 0.000181868 0.00213467
741.05 0.00235896 1 0.000172405 0.00218656
741.49 0.0024013 1 0.000163407 0.0022379
741.93 0.00144356 1 0.00015485 0.00128871
742.37 0.00348574 1 0.000146715 0.00333903
742.81 0.00352784 1 0.000138982 0.00338886
743.26 0.00357082 1 0.00013147 0.00343935
743.7 0.00161276 1 0.000124494 0.00148826
744.14 0.00565462 1 0.000117866 0.00553675
744.58 0.0046964 1 0.000111571 0.00458483
745.02 0.00373811 1 0.000105591 0.00363252
745.46 0.00577974 1 9.99128e-05 0.00567983
745.9 0.000821294 1 9.45217e-05 0.000726773
746.34 0.00186277 1 8.94043e-05 0.00177337
746.78 0.00290418 1 8.45476e-05 0.00281963
747.22 0.00294551 1 7.99391e-05 0.00286558
747.66 0.000986776 1 7.5567e-05 0.000911209
748.1 2.79643e-05 1 7.14199e-05 -4.34556e-05
748.54 0.00106908 1 6.74872e-05 0.00100159
748.98 0.00211013 1 6.37584e-05 0.00204637
749.42 0.00315111 1 6.02237e-05 0.00309088
749.86 0.00419201 1 5.68736e-05 0.00413514
750.29 0.000231926 1 5.37694e-05 0.000178157
750.73 0.0022727 1 5.07583e-05 0.00222194
751.17 0.000313406 1 4.79062e-05 0.000265499
751.61 0.000354046 1 4.52054e-05 0.00030884
752.05 0.00239462 1 4.26482e-05 0.00235197
752.49 -0.00256487 1 4.02276e-05 -0.0026051
752.93 0.000475574 1 3.79367e-05 0.000437637
753.37 0.000515955 1 3.57691e-05 0.000480186
753.81 0.00455627 1 3.37185e-05 0.00452255
754.25 0.00059653 1 3.1779e-05 0.000564751
754.69 0.00263672 1 2.99451e-05 0.00260678
755.13 0.00167686 1 2.82112e-05 0.00164865
755.57 0.00271693 1 2.65724e-05 0.00269036
756.01 0.000756946 1 2.50237e-05 0.000731922
756.45 0.0027969 1 2.35605e-05 0.00277334
756.89 0.0038368 1 2.21783e-05 0.00381462
757.33 0.00187664 1 2.0873e-05 0.00185577
757.77 -8.35778e-05 1 1.96405e-05 -0.000103218
758.21 0.00095615 1 1.8477e-05 0.000937673
758.64 0.00199492 1 1.74031e-05 0.00197752
759.08 3.45395e-05 1 1.63656e-05 1.81739e-05
759.52 0.0040741 1 1.53868e-05 0.00405872
759.96 0.000113616 1 1.44636e-05 9.91525e-05
760.4 0.00115308 1 1.3593e-05 0.00113948
760.84 0.00319248 1 1.27722e-05 0.00317971
761.28 0.000231839 1 1.19986e-05 0.00021984
761.72 0.000271145 1 1.12695e-05 0.000259875
762.16 0.0033104 1 1.05825e-05 0.00329982
762.6 0.00234961 1 9.93542e-06 0.00233967
763.03 0.00238788 1 9.33943e-06 0.00237854
763.47 0.000426989 1 8.7648e-06 0.000418224
763.91 0.00146605 1 8.22386e-06 0.00145783
764.35 0.00250507 1 7.71472e-06 0.00249736
764.79 0.00454405 1 7.23563e-06 0.00453681
765.23 0.00258297 1 6.78491e-06 0.00257619
765.67 0.00562186 1 6.36097e-06 0.0056155
766.11 0.0026607 1 5.9623e-06 0.00265474
766.54 0.00169862 1 5.59574e-06 0.00169302
766.98 0.000737373 1 5.24292e-06 0.00073213
767.42 0.00177609 1 4.91134e-06 0.00177118
767.86 0.000814762 1 4.59979e-06 0.000810163
768.3 -0.0011466 1 4.30713e-06 -0.00115091
768.74 0.000891992 1 4.03226e-06 0.00088796
769.17 0.00192967 1 3.77985e-06 0.00192589
769.61 0.00496819 1 3.53721e-06 0.00496465
770.05 0.00400667 1 3.30946e-06 0.00400336
770.49 0.00204512 1 3.09575e-06 0.00204202
770.93 0.00508353 1 2.89525e-06 0.00508063
771.37 0.0031219 1 2.70718e-06 0.0031192
771.8 0.00215937 1 2.5347e-06 0.00215684
772.24 0.00319768 1 2.3691e-06 0.00319531
772.68 0.00423595 1 2.21386e-06 0.00423374
773.12 0.00427419 1 2.06837e-06 0.00427213
773.56 0.0063124 1 1.93205e-06 0.00631047
774 0.00535058 1 1.80435e-06 0.00534878
774.43 0.00438786 1 1.68738e-06 0.00438618
774.87 0.00242598 1 1.57521e-06 0.00242441
775.31 0.00446407 1 1.4702e-06 0.0044626
775.75 0.00550213 1 1.37191e-06 0.00550076
776.19 0.00354017 1 1.27993e-06 0.00353889
776.62 0.00257731 1 1.19577e-06 0.00257612
777.06 0.00161529 1 1.11515e-06 0.00161418
777.5 0.00165325 1 1.03975e-06 0.00165221
777.94 0.00469118 1 9.69253e-07 0.00469021
778.37 0.00172823 1 9.048e-07 0.00172732
778.81 0.00176611 1 8.43113e-07 0.00176527
779.25 0.00480397 1 7.85471e-07 0.00480319
779.69 0.00184181 1 7.31621e-07 0.00184108
780.13 0.00287963 1 6.81323e-07 0.00287895
780.56 0.00291657 1 6.35386e-07 0.00291593
781 0.00295435 1 5.91466e-07 0.00295375
781.44 -0.0010079 1 5.50469e-07 -0.00100845
781.88 0.00202984 1 5.1221e-07 0.00202933
782.31 0.00206671 1 4.77296e-07 0.00206623
782.75 0.00710441 1 4.43943e-07 0.00710397
783.19 0.0011421 1 4.12837e-07 0.00114169
783.63 0.00117977 1 3.83832e-07 0.00117939
784.06 0.000216577 1 3.57385e-07 0.000216219
784.5 0.00125422 1 3.32142e-07 0.00125389
784.94 0.00229185 1 3.08619e-07 0.00229154
785.37 0.00132861 1 2.87184e-07 0.00132832
785.81 0.00336622 1 2.66737e-07 0.00336595
786.25 0.00340381 1 2.47695e-07 0.00340356
786.69 0.00444139 1 2.29966e-07 0.00444116
787.12 0.00547811 1 2.13824e-07 0.00547789
787.56 0.00451567 1 1.98439e-07 0.00451547
788 0.000553222 1 1.84124e-07 0.000553037
788.43 0.00158991 1 1.71098e-07 0.00158974
788.87 0.00062745 1 1.58691e-07 0.000627291
789.31 0.00466498 1 1.47154e-07 0.00466483
789.75 0.0057025 1 1.36427e-07 0.00570237
790.18 0.00473917 1 1.26675e-07 0.00473904
790.62 0.00377668 1 1.17394e-07 0.00377657
791.06 0.00181419 1 1.08771e-07 0.00181409
791.49 -0.000149152 1 1.00936e-07 -0.000149253
791.93 0.000888351 1 9.34839e-08 0.000888258
792.37 0.00292585 1 8.65643e-08 0.00292577
792.8 0.0039625 1 8.02813e-08 0.00396242
793.24 0 1 7.43089e-08 -7.43089e-08
793.68 0.0030375 1 6.87669e-08 0.00303743
794.11 0.00507415 1 6.37378e-08 0.00507408
794.55 0.00311165 1 5.89604e-08 0.00311159
794.99 0.00414915 1 5.45299e-08 0.0041491
795.42 0.00218581 1 5.0512e-08 0.00218576
795.86 0.00222332 1 4.66975e-08 0.00222327
796.3 0.00126083 1 4.31623e-08 0.00126079
796.73 0.0042975 1 3.99582e-08 0.00429746
797.17 0.00333502 1 3.69183e-08 0.00333498
797.61 0.00237255 1 3.41027e-08 0.00237252
798.04 0.00240923 1 3.15524e-08 0.0024092
798.48 0.00144678 1 2.91343e-08 0.00144675
798.91 0.00448348 1 2.69449e-08 0.00448345
799.35 0.00152104 1 2.48699e-08 0.00152101
799.79 0.00155861 1 2.29499e-08 0.00155859
800.22 -0.000404662 1 2.12127e-08 -0.000404683
800.66 0.00063293 1 1.95672e-08 0.00063291
801.1 0.00367053 1 1.80457e-08 0.00367052
