500.34 0.000386573 1 7.65819e-05 0.000309991
500.8 -0.00252498 1 8.11271e-05 -0.00260611
501.25 0.00156155 1 8.58168e-05 0.00147573
501.71 -0.000349993 1 9.08722e-05 -0.000440865
502.17 0.00273846 1 9.62053e-05 0.00264226
502.62 0.001825 1 0.000101704 0.0017233
503.08 -8.6538e-05 1 0.000107628 -0.000194166
503.53 0 1 0.000113734 -0.000113734
503.99 -0.000911539 1 0.000120309 -0.00103185
504.44 -0.000825001 1 0.000127082 -0.000952084
504.9 -0.000736542 1 0.000134373 -0.000870915
505.36 -0.000648084 1 0.000142052 -0.000790136
505.81 -0.000561552 1 0.000149957 -0.000711509
506.27 0.0035269 1 0.000158461 0.00336844
506.72 0.00161343 1 0.000167212 0.00144622
507.18 0.000701873 1 0.00017662 0.000525252
507.63 -0.00121161 1 0.000186298 -0.00139791
508.09 0.000876826 1 0.000196699 0.000680127
508.54 0.00196333 1 0.000207393 0.00175594
509 -0.000948242 1 0.00021888 -0.00116712
509.45 0.00113825 1 0.000230687 0.000907566
509.91 0.00122666 1 0.000243363 0.0009833
510.36 0.00131314 1 0.000256385 0.00105676
510.82 0.00140154 1 0.000270361 0.00113117
511.27 0.003488 1 0.000284713 0.00320329
511.73 0.00257637 1 0.000300108 0.00227627
512.19 0.000664739 1 0.00031627 0.000348469
512.64 0.00175117 1 0.000332854 0.00141832
513.1 -0.00116049 1 0.000350633 -0.00151112
513.55 -7.4075e-05 1 0.000368869 -0.000442944
514.01 0.00201424 1 0.000388411 0.00162583
514.46 0.00310063 1 0.000408446 0.00269218
514.92 0.00118892 1 0.000429905 0.000759016
515.37 0.00327528 1 0.000451896 0.00282338
515.83 0.00236354 1 0.000475441 0.0018881
516.28 0.00244987 1 0.000499559 0.00195031
516.73 -0.00146381 1 0.000524794 -0.00198861
517.19 0.000624403 1 0.000551794 7.2609e-05
517.64 0.00171068 1 0.000579432 0.00113125
518.1 0.00179887 1 0.00060899 0.00118988
518.55 -0.00111489 1 0.000639233 -0.00175412
519.01 0.00197326 1 0.000671562 0.0013017
519.46 0.00405947 1 0.000704626 0.00335484
519.92 0.00314757 1 0.000739954 0.00240762
520.37 0.000233746 1 0.00077607 -0.000542324
520.83 0.00332181 1 0.000814642 0.00250717
521.28 0.00140794 1 0.000854056 0.000553885
521.74 0.00249596 1 0.000896131 0.00159983
522.19 -0.00141795 1 0.000939105 -0.00235706
522.65 0.00167002 1 0.00098496 0.000685064
523.1 0.00275607 1 0.00103178 0.00172429
523.55 0.00284208 1 0.0010806 0.00176148
524.01 0.00192999 1 0.00113266 0.000797328
524.46 0.00401595 1 0.00118577 0.00283018
524.92 0.00110381 1 0.00124238 -0.000138576
525.37 0.00118972 1 0.00130011 -0.00011039
525.83 0.00427752 1 0.00136162 0.00291591
526.28 0.00436339 1 0.00142431 0.00293908
526.73 0.00444922 1 0.00148959 0.00295964
527.19 0.00253694 1 0.00155908 0.000977852
527.64 0.00362272 1 0.00162988 0.00199284
528.1 0.00371037 1 0.00170521 0.00200516
528.55 0.00479609 1 0.00178191 0.00301418
529.01 0.00588369 1 0.0018635 0.00402019
529.46 0.00396935 1 0.00194653 0.00202281
529.91 0.00405498 1 0.00203286 0.00202212
530.37 0.00514247 1 0.00212461 0.00301786
530.82 0.00422804 1 0.00221793 0.00201011
531.28 0.00431547 1 0.00231708 0.00199839
531.73 0.00440097 1 0.00241786 0.00198311
532.18 0.00648643 1 0.00252253 0.00396391
532.64 0.00557376 1 0.00263365 0.00294011
533.09 0.00365915 1 0.00274654 0.000912613
533.54 0.00674451 1 0.00286369 0.00388082
534 0.00483173 1 0.00298799 0.00184374
534.45 0.00491701 1 0.00311417 0.00180284
534.91 0.00400416 1 0.00324799 0.000756165
535.36 0.00608937 1 0.00338378 0.00270559
535.81 0.00817454 1 0.00352453 0.00465001
536.27 0.0112616 1 0.0036737 0.00758786
536.72 0.00934666 1 0.00382496 0.00552169
537.17 0.00943171 1 0.00398165 0.00545006
537.63 0.00751861 1 0.00414759 0.00337102
538.08 0.00960358 1 0.00431573 0.00528785
538.54 0.0086904 1 0.00449373 0.00419667
538.99 0.0117753 1 0.00467401 0.00710128
539.44 0.0108601 1 0.00486054 0.00599959
539.9 0.00894682 1 0.00505786 0.00388896
540.35 0.0100316 1 0.00525758 0.004774
540.8 0.0101163 1 0.00546408 0.00465221
541.26 0.0142028 1 0.00568237 0.00852047
541.71 0.0132875 1 0.00590315 0.00738431
542.16 0.012372 1 0.00613128 0.00624076
542.62 0.0114584 1 0.00637227 0.00508618
543.07 0.0115429 1 0.00661584 0.00492709
543.52 0.0116274 1 0.00686733 0.00476003
543.98 0.0137136 1 0.00713282 0.00658081
544.43 0.013798 1 0.00740096 0.00639701
544.88 0.0148823 1 0.00767763 0.00720462
545.34 0.0159684 1 0.00796949 0.00799888
545.79 0.0150526 1 0.00826406 0.0067885
546.24 0.0151367 1 0.00856779 0.00656891
546.69 0.0172208 1 0.00888089 0.00833988
547.15 0.0173067 1 0.00921088 0.0080958
547.6 0.0183907 1 0.0095436 0.00884706
548.05 0.0164746 1 0.00988636 0.00658823
548.51 0.0185603 1 0.0102473 0.008313
548.96 0.0186442 1 0.0106111 0.0080331
549.41 0.0197279 1 0.0109855 0.00874245
549.86 0.0188116 1 0.0113708 0.00744082
550.32 0.0178971 1 0.0117762 0.0061209
550.77 0.0189807 1 0.0121844 0.00679637
551.22 0.0210643 1 0.0126041 0.00846018
551.68 0.0231496 1 0.0130454 0.0101042
552.13 0.0212331 1 0.0134893 0.00774373
552.58 0.0223164 1 0.0139455 0.00837089
553.03 0.0243997 1 0.0144143 0.00998546
553.49 0.0224848 1 0.0149066 0.00757821
553.94 0.024568 1 0.0154014 0.00916662
554.39 0.0266511 1 0.0159094 0.0107417
554.84 0.0237342 1 0.0164309 0.00730336
555.3 0.0268191 1 0.016978 0.00984102
555.75 0.026902 1 0.0175274 0.00937461
556.2 0.0269849 1 0.0180909 0.008894
556.65 0.0270677 1 0.0186687 0.00839897
557.11 0.0301523 1 0.0192745 0.0108778
557.56 0.026235 1 0.0198821 0.00635291
558.01 0.0283176 1 0.0205047 0.00781293
558.46 0.0294002 1 0.0211425 0.00825764
558.92 0.0304845 1 0.0218105 0.00867397
559.37 0.0325669 1 0.0224798 0.0100871
559.82 0.0316493 1 0.0231651 0.00848423
560.27 0.0327316 1 0.0238663 0.00886523
560.72 0.0338138 1 0.0245839 0.00922988
561.18 0.0348978 1 0.0253345 0.00956329
561.63 0.0319799 1 0.0260856 0.00589427
562.08 0.0350619 1 0.0268536 0.00820831
562.53 0.0361438 1 0.0276386 0.00850523
562.99 0.0362275 1 0.0284589 0.00776864
563.44 0.0373093 1 0.0292789 0.00803039
563.89 0.036391 1 0.0301165 0.0062745
564.34 0.0384727 1 0.0309719 0.0075008
564.79 0.0385543 1 0.0318451 0.00670914
565.25 0.0406376 1 0.0327564 0.00788117
565.7 0.041719 1 0.0336663 0.00805274
566.15 0.0428004 1 0.0345945 0.00820592
566.6 0.0428817 1 0.0355411 0.00734058
567.05 0.0449629 1 0.0365063 0.00845661
567.5 0.044044 1 0.0374901 0.00655388
567.96 0.0441269 1 0.0385153 0.00561162
568.41 0.0452079 1 0.0395372 0.00567068
568.86 0.0462888 1 0.0405781 0.00571071
569.31 0.0473696 1 0.041638 0.00573163
569.76 0.0474503 1 0.042717 0.00473338
570.21 0.048531 1 0.0438151 0.00471591
570.67 0.0506134 1 0.0449575 0.0056559
571.12 0.0506939 1 0.0460945 0.00459941
571.57 0.0517743 1 0.0472507 0.00452358
572.02 0.0538547 1 0.0484262 0.00542842
572.47 0.0519349 1 0.049621 0.0023139
572.92 0.0550151 1 0.050835 0.00418005
573.37 0.0550952 1 0.0520683 0.00302688
573.83 0.055177 1 0.0533488 0.00182816
574.28 0.0562569 1 0.0546208 0.00163606
574.73 0.0593367 1 0.055912 0.00342478
575.18 0.0584165 1 0.0572221 0.00119441
575.63 0.0604962 1 0.0585511 0.00194503
576.08 0.0615757 1 0.059899 0.00167674
576.53 0.0606552 1 0.0612656 -0.00061034
576.98 0.0627346 1 0.0626507 8.39112e-05
577.44 0.0648157 1 0.0640857 0.000730002
577.89 0.063895 1 0.065508 -0.00161304
578.34 0.0679741 1 0.0669484 0.00102572
578.79 0.0680531 1 0.0684067 -0.000353514
579.24 0.0701321 1 0.0698827 0.000249448
579.69 0.068211 1 0.0713762 -0.00316517
580.14 0.0712898 1 0.0728869 -0.00159715
580.59 0.0733684 1 0.0744147 -0.00104622
581.04 0.071447 1 0.0759592 -0.00451214
581.49 0.0735255 1 0.0775202 -0.00399462
581.95 0.0746057 1 0.0791325 -0.00452685
582.4 0.075684 1 0.0807259 -0.00504189
582.85 0.0787622 1 0.0823348 -0.00357256
583.3 0.0798404 1 0.0839589 -0.0041185
583.75 0.0809184 1 0.0855977 -0.00467936
584.2 0.0829963 1 0.0872511 -0.00425476
584.65 0.0850742 1 0.0889185 -0.00384432
585.1 0.0861519 1 0.0905995 -0.00444761
585.55 0.0862295 1 0.0922938 -0.00606423
586 0.0883071 1 0.0940008 -0.00569372
586.45 0.0883845 1 0.0957202 -0.00733564
586.9 0.0924619 1 0.0974514 -0.00498951
587.35 0.0935391 1 0.099194 -0.00565485
587.8 0.0936163 1 0.100947 -0.00733115
588.25 0.0966933 1 0.102711 -0.0060179
588.71 0.100772 1 0.104524 -0.00375238
589.16 0.101849 1 0.106307 -0.00445861
589.61 0.101926 1 0.108099 -0.00617363
590.06 0.105002 1 0.109899 -0.00489686
590.51 0.105079 1 0.111706 -0.0066277
590.96 0.110155 1 0.113521 -0.00336557
591.41 0.112231 1 0.115341 -0.00310982
591.86 0.110308 1 0.117167 -0.00685983
592.31 0.115384 1 0.118999 -0.00361496
592.76 0.11746 1 0.120834 -0.00337454
593.21 0.117536 1 0.122674 -0.00513789
593.66 0.119611 1 0.124516 -0.00490435
594.11 0.123687 1 0.12636 -0.0026732
594.56 0.123763 1 0.128206 -0.00444375
595.01 0.125838 1 0.130053 -0.00421528
595.46 0.128914 1 0.131901 -0.00298706
595.91 0.130989 1 0.133747 -0.00275835
596.36 0.133064 1 0.135592 -0.00252842
596.81 0.134139 1 0.137435 -0.0032965
597.26 0.136214 1 0.139276 -0.00306184
597.71 0.138289 1 0.141112 -0.00282366
598.16 0.140363 1 0.142945 -0.00258121
598.61 0.143438 1 0.144772 -0.00133369
599.06 0.143512 1 0.146593 -0.00308032
599.51 0.145587 1 0.148407 -0.00282032
599.96 0.149661 1 0.150214 -0.000552899
600.41 0.150735 1 0.152012 -0.00127726
600.86 0.152809 1 0.153802 -0.000992624
601.31 0.151883 1 0.155581 -0.00369819
601.76 0.157957 1 0.15735 0.000606839
602.21 0.15903 1 0.159107 -7.67611e-05
602.65 0.158102 1 0.160813 -0.0027112
603.1 0.160176 1 0.162546 -0.00236999
603.55 0.163249 1 0.164264 -0.0010151
604 0.165322 1 0.165968 -0.000645739
604.45 0.167395 1 0.167656 -0.000261165
604.9 0.169468 1 0.169329 0.000139373
605.35 0.171541 1 0.170984 0.000556607
605.8 0.173614 1 0.172622 0.000991258
606.25 0.176686 1 0.174242 0.00244403
606.7 0.175759 1 0.175843 -8.43873e-05
607.15 0.177831 1 0.177424 0.000406673
607.6 0.178903 1 0.178985 -8.21423e-05
608.05 0.181975 1 0.180525 0.00144979
608.5 0.182047 1 0.182044 3.07431e-06
608.95 0.185119 1 0.183541 0.00157828
609.39 0.187189 1 0.184982 0.00220685
609.84 0.189261 1 0.186434 0.00282697
610.29 0.189332 1 0.187862 0.00147053
610.74 0.190403 1 0.189266 0.00113795
611.19 0.192475 1 0.190645 0.00182965
611.64 0.193546 1 0.192 0.00154598
612.09 0.195617 1 0.193329 0.00228725
612.54 0.194687 1 0.194634 5.37123e-05
612.99 0.193758 1 0.195913 -0.00215441
613.44 0.195829 1 0.197166 -0.00133697
613.88 0.197898 1 0.198366 -0.000468426
614.33 0.197968 1 0.199568 -0.00160018
614.78 0.200038 1 0.200744 -0.000706264
615.23 0.200108 1 0.201895 -0.00178676
615.68 0.201178 1 0.20302 -0.00184184
616.13 0.204248 1 0.204119 0.000128271
616.58 0.204317 1 0.205194 -0.000876756
617.03 0.202387 1 0.206244 -0.00385731
617.47 0.202454 1 0.207247 -0.00479289
617.92 0.206524 1 0.20825 -0.00172655
618.37 0.206593 1 0.20923 -0.00263745
618.82 0.208662 1 0.210188 -0.00152633
619.27 0.20573 1 0.211125 -0.00539405
619.72 0.205799 1 0.212041 -0.00624156
620.17 0.209868 1 0.212938 -0.00306992
620.61 0.207935 1 0.213797 -0.00586246
621.06 0.211003 1 0.214659 -0.00365648
621.51 0.212071 1 0.215506 -0.00343513
621.96 0.211139 1 0.216339 -0.00519993
622.41 0.213207 1 0.217159 -0.00395247
622.86 0.212274 1 0.217969 -0.00569451
623.3 0.21034 1 0.218752 -0.00841166
623.75 0.213408 1 0.219546 -0.00613846
624.2 0.214475 1 0.220336 -0.00586062
624.65 0.215542 1 0.221122 -0.00558032
625.1 0.218609 1 0.221909 -0.00329991
625.54 0.217674 1 0.22268 -0.00500574
625.99 0.218741 1 0.223473 -0.00473241
626.44 0.220808 1 0.224274 -0.00346658
626.89 0.220874 1 0.225085 -0.00421104
627.34 0.22294 1 0.225909 -0.00296868
627.78 0.223005 1 0.22673 -0.0037251
628.23 0.224071 1 0.227588 -0.00351772
628.68 0.225136 1 0.228469 -0.00333272
629.13 0.227202 1 0.229376 -0.00217337
629.58 0.229268 1 0.230311 -0.00104301
630.02 0.231332 1 0.231256 7.53574e-05
630.47 0.231397 1 0.232258 -0.000861747
630.92 0.233462 1 0.2333 0.000161818
631.37 0.233527 1 0.234384 -0.000857511
631.81 0.23459 1 0.235489 -0.000899107
632.26 0.238654 1 0.236668 0.00198615
632.71 0.241719 1 0.237901 0.0038178
633.16 0.240783 1 0.239191 0.00159225
633.61 0.243847 1 0.240541 0.00330596
634.05 0.24691 1 0.241924 0.00498613
634.5 0.247974 1 0.243404 0.00456941
634.95 0.251037 1 0.244956 0.00608169
635.4 0.255101 1 0.246581 0.00851971
635.84 0.253163 1 0.248245 0.00491761
636.29 0.255226 1 0.250026 0.00519962
636.74 0.258289 1 0.25189 0.00639844
637.18 0.26435 1 0.253796 0.0105543
637.63 0.264413 1 0.255832 0.00858087
638.08 0.265476 1 0.257959 0.00751693
638.53 0.270538 1 0.260178 0.0103604
638.97 0.274599 1 0.262438 0.0121607
639.42 0.275661 1 0.264845 0.0108164
639.87 0.279723 1 0.267348 0.0123752
640.32 0.281785 1 0.269948 0.0118362
640.76 0.283845 1 0.272586 0.0112588
641.21 0.284906 1 0.275381 0.00952563
641.66 0.287967 1 0.278273 0.00969441
642.1 0.292027 1 0.281195 0.010832
642.55 0.295088 1 0.284279 0.0108093
643 0.297149 1 0.287457 0.00969179
643.44 0.301208 1 0.290654 0.0105538
643.89 0.306269 1 0.294013 0.0122551
644.34 0.307329 1 0.29746 0.00986879
644.79 0.312389 1 0.300991 0.0113983
645.23 0.315447 1 0.30452 0.0109272
645.68 0.319507 1 0.308205 0.011302
646.13 0.319567 1 0.311961 0.00760547
646.57 0.323625 1 0.315698 0.00792731
647.02 0.329684 1 0.319578 0.010106
647.47 0.330743 1 0.323512 0.00723075
647.91 0.334801 1 0.327405 0.00739594
648.36 0.33986 1 0.331425 0.00843439
648.81 0.341918 1 0.335478 0.00644047
649.25 0.343975 1 0.339463 0.00451182
649.7 0.345033 1 0.343555 0.0014783
650.15 0.349091 1 0.347653 0.00143795
650.59 0.353148 1 0.351658 0.00148977
651.04 0.359206 1 0.355742 0.00346386
651.48 0.358262 1 0.359713 -0.00145126
651.93 0.360319 1 0.363743 -0.00342338
652.38 0.365376 1 0.367729 -0.0023526
652.82 0.366432 1 0.371575 -0.00514257
653.27 0.370489 1 0.375444 -0.0049547
653.72 0.372546 1 0.379237 -0.00669098
654.16 0.377601 1 0.382861 -0.00525998
654.61 0.378657 1 0.38647 -0.0078127
655.06 0.379713 1 0.389969 -0.0102555
655.5 0.381768 1 0.393273 -0.0115046
655.95 0.381824 1 0.39652 -0.0146964
656.39 0.385878 1 0.399556 -0.0136783
656.84 0.390933 1 0.402508 -0.0115748
657.29 0.390989 1 0.405294 -0.0143055
657.73 0.392042 1 0.407847 -0.015805
658.18 0.398097 1 0.410274 -0.0121765
658.62 0.399151 1 0.412456 -0.0133051
659.07 0.400205 1 0.414483 -0.0142778
659.52 0.401259 1 0.416294 -0.0150348
659.96 0.403312 1 0.417848 -0.0145355
660.41 0.404366 1 0.419206 -0.01484
660.85 0.407419 1 0.420301 -0.0128829
661.3 0.409472 1 0.421176 -0.0117043
661.74 0.410524 1 0.421786 -0.0112615
662.19 0.408577 1 0.422151 -0.0135738
662.64 0.41163 1 0.422251 -0.0106204
663.08 0.412682 1 0.422087 -0.00940467
663.53 0.412735 1 0.421647 -0.00891285
663.97 0.414786 1 0.42095 -0.00616379
664.42 0.412838 1 0.419959 -0.00712109
664.86 0.413889 1 0.418718 -0.00482951
665.31 0.413941 1 0.41717 -0.0032295
665.75 0.410991 1 0.415383 -0.00439209
666.2 0.410043 1 0.413277 -0.00323446
666.65 0.413094 1 0.410891 0.00220326
667.09 0.408144 1 0.408288 -0.000144571
667.54 0.407195 1 0.405355 0.00183959
667.98 0.405244 1 0.402225 0.00301945
668.43 0.405295 1 0.39876 0.00653505
668.87 0.402344 1 0.395119 0.00722507
669.32 0.400394 1 0.391143 0.00925133
669.76 0.394443 1 0.387014 0.00742848
670.21 0.389493 1 0.382553 0.00693916
670.65 0.389541 1 0.377966 0.0115753
671.1 0.38759 1 0.373051 0.0145392
671.54 0.382638 1 0.368037 0.0146015
671.99 0.377687 1 0.362704 0.0149829
672.43 0.369735 1 0.3573 0.0124345
672.88 0.364783 1 0.35159 0.0131937
673.32 0.361831 1 0.345836 0.0159942
673.77 0.353879 1 0.33979 0.0140885
674.21 0.347925 1 0.333731 0.0141946
674.66 0.341973 1 0.327395 0.0145785
675.1 0.33702 1 0.321075 0.015945
675.55 0.327067 1 0.314496 0.0125713
675.99 0.321113 1 0.307962 0.0131513
676.44 0.31516 1 0.301188 0.0139718
676.88 0.305205 1 0.294488 0.0107177
677.33 0.298252 1 0.287568 0.0106836
677.77 0.291297 1 0.280749 0.0105481
678.22 0.281343 1 0.273732 0.00761103
678.66 0.278388 1 0.266841 0.011547
679.11 0.269434 1 0.259774 0.00965968
679.55 0.258478 1 0.252856 0.00562167
679.99 0.251522 1 0.245942 0.0055802
680.44 0.244567 1 0.238885 0.00568242
680.88 0.234611 1 0.232009 0.00260237
681.33 0.227656 1 0.225012 0.00264429
681.77 0.220699 1 0.218214 0.0024856
682.22 0.211743 1 0.211316 0.000427742
682.66 0.202786 1 0.204633 -0.00184665
683.11 0.19583 1 0.197871 -0.00204052
683.55 0.187873 1 0.191337 -0.00346433
683.99 0.180915 1 0.184889 -0.00397338
684.44 0.172958 1 0.178389 -0.00543029
684.88 0.169 1 0.172133 -0.00313244
685.33 0.159043 1 0.165843 -0.00679984
685.77 0.153084 1 0.159804 -0.00671957
686.21 0.149126 1 0.153881 -0.00475474
686.66 0.139168 1 0.147946 -0.00877849
687.1 0.132209 1 0.142269 -0.0100606
687.55 0.12625 1 0.136595 -0.0103451
687.99 0.121291 1 0.13118 -0.00988905
688.44 0.115332 1 0.12578 -0.0104475
688.88 0.111372 1 0.120637 -0.00926446
689.32 0.103412 1 0.115631 -0.0122195
689.77 0.0984525 1 0.110657 -0.012204
690.21 0.0974919 1 0.105934 -0.00844216
690.65 0.0895311 1 0.101353 -0.0118214
691.1 0.087571 1 0.096813 -0.00924199
691.54 0.0806097 1 0.092517 -0.0119073
691.99 0.0756492 1 0.088269 -0.0126199
692.43 0.0746875 1 0.084257 -0.00956953
692.87 0.0697256 1 0.080384 -0.0106584
693.32 0.0637644 1 0.0765653 -0.012801
693.76 0.061802 1 0.0729691 -0.0111671
694.2 0.0618395 1 0.0695072 -0.00766774
694.65 0.0568776 1 0.0661034 -0.0092258
695.09 0.0529146 1 0.0629066 -0.00999201
695.53 0.0509514 1 0.0598373 -0.00888595
695.98 0.0459888 1 0.0568275 -0.0108387
696.42 0.0460251 1 0.0540081 -0.00798301
696.86 0.0400613 1 0.051308 -0.0112468
697.31 0.039098 1 0.0486668 -0.00956883
697.75 0.0391337 1 0.0461988 -0.00706509
698.19 0.0341691 1 0.0438407 -0.00967157
698.64 0.0322052 1 0.0415395 -0.0093343
699.08 0.0342402 1 0.039394 -0.00515384
699.52 0.030275 1 0.0373487 -0.00707372
699.97 0.0273103 1 0.035357 -0.00804667
700.41 0.0273446 1 0.033504 -0.00615938
700.85 0.0263787 1 0.0317411 -0.00536237
701.3 0.0234134 1 0.0300278 -0.00661443
701.74 0.018447 1 0.0284369 -0.00998991
702.18 0.0204804 1 0.0269262 -0.00644571
702.63 0.0195144 1 0.0254605 -0.00594612
703.07 0.0195474 1 0.0241019 -0.00455457
703.51 0.0205801 1 0.0228138 -0.00223374
703.96 0.0186133 1 0.0215662 -0.00295285
704.4 0.0156456 1 0.0204114 -0.00476578
704.84 0.0126776 1 0.019318 -0.00664039
705.28 0.0117094 1 0.0182833 -0.00657382
705.73 0.0117417 1 0.0172827 -0.00554097
706.17 0.0107731 1 0.0163581 -0.00558502
706.61 0.00880419 1 0.015484 -0.00667978
707.06 0.0108358 1 0.0146396 -0.0038038
707.5 0.00886641 1 0.01386 -0.00499354
707.94 0.00589682 1 0.0131235 -0.00722666
708.38 0.00692699 1 0.0124279 -0.00550092
708.83 0.00595761 1 0.0117566 -0.00579898
709.27 0.0059873 1 0.0111372 -0.00514993
709.71 0.00501677 1 0.0105525 -0.00553575
710.15 0.00504599 1 0.0100005 -0.00495455
710.6 0.00707564 1 0.009468 -0.00239236
711.04 0.00610439 1 0.0089768 -0.00287241
711.48 0.0041329 1 0.00851312 -0.00438022
711.92 0.00316117 1 0.00807539 -0.00491422
712.37 0.00118984 1 0.00765301 -0.00646317
712.81 0.00121763 1 0.00726331 -0.00604569
713.25 0.000245178 1 0.0068953 -0.00665012
713.69 0.00427249 1 0.00654771 -0.00227522
714.13 -0.000700442 1 0.00621934 -0.00691978
714.58 -0.000673006 1 0.00590221 -0.00657522
715.02 0.00135358 1 0.00560933 -0.00425576
715.46 -0.000620085 1 0.00533244 -0.00595252
715.9 0.00140601 1 0.00507058 -0.00366457
716.35 0.00343245 1 0.0048174 -0.00138495
716.79 0.000458058 1 0.00458329 -0.00412523
717.23 0.00148342 1 0.00436167 -0.00287825
717.67 0.00150854 1 0.0041518 -0.00264326
718.11 0.000533408 1 0.00395298 -0.00341958
718.56 0.00155859 1 0.0037604 -0.00220181
719 -0.00141703 1 0.00358198 -0.00499901
719.44 0.000607094 1 0.00341276 -0.00280566
719.88 -0.000369025 1 0.00325219 -0.00362121
720.32 -0.00134539 1 0.00309977 -0.00444516
720.76 -0.000322005 1 0.00295503 -0.00327704
721.21 -0.00329835 1 0.00281449 -0.00611283
721.65 0.000724537 1 0.00268396 -0.00195942
722.09 0.00074717 1 0.00255985 -0.00181268
722.53 -0.00123045 1 0.0024418 -0.00367225
722.97 0.000791685 1 0.00232948 -0.00153779
723.41 -0.00118643 1 0.00222256 -0.003409
723.86 0.000835685 1 0.0021185 -0.00128281
724.3 -0.000142944 1 0.00202163 -0.00216457
724.74 -0.00112182 1 0.00192932 -0.00305115
725.18 0.000899041 1 0.00184134 -0.000942295
725.62 0.00191965 1 0.00175744 0.000162209
726.06 0.00194001 1 0.00167743 0.000262579
726.5 0.000960116 1 0.0016011 -0.000640984
726.95 -1.95872e-05 1 0.00152664 -0.00154623
727.39 0 1 0.00145719 -0.00145719
727.83 -0.000980669 1 0.00139089 -0.00237155
728.27 0.00103841 1 0.00132757 -0.000289161
728.71 0.00105723 1 0.0012671 -0.000209867
729.15 0.00207581 1 0.00120934 0.00086647
729.59 9.41301e-05 1 0.00115415 -0.00106002
730.03 0.00111221 1 0.00110142 1.07855e-05
730.48 0.00313044 1 0.00104991 0.00208053
730.92 0.000148021 1 0.00100181 -0.000853786
731.36 0.00116536 1 0.000955826 0.000209533
731.8 0.000182457 1 0.000911876 -0.000729419
732.24 0.000199316 1 0.000869865 -0.000670549
732.68 0.00221594 1 0.000829705 0.00138623
733.12 0.00323232 1 0.000791314 0.00244101
733.56 0.00124848 1 0.000754614 0.000493861
734 0.0032644 1 0.000719531 0.00254486
734.44 0.00328009 1 0.000685995 0.00259409
734.89 0.0032959 1 0.000653225 0.00264267
735.33 0.00331112 1 0.000622614 0.00268851
735.77 0.00232613 1 0.000593355 0.00173277
736.21 0.00234091 1 0.000565391 0.00177552
736.65 0.00135547 1 0.000538667 0.000816798
737.09 0.0033698 1 0.00051313 0.00285667
737.53 0.00638392 1 0.000488728 0.00589519
737.97 0.00439783 1 0.000465415 0.00393241
738.41 0.00141151 1 0.000443144 0.00096837
738.85 0.00642499 1 0.000421871 0.00600312
739.29 0.00443825 1 0.000401553 0.0040367
739.73 0.00245131 1 0.00038215 0.00206916
740.17 0.00546415 1 0.000363624 0.00510053
740.61 0.00147679 1 0.000345937 0.00113085
741.05 0.00348922 1 0.000329054 0.00316017
741.49 0.00250145 1 0.00031294 0.00218851
741.93 0.00151348 1 0.000297564 0.00121592
742.37 0.00452532 1 0.000282893 0.00424242
742.81 0.00153695 1 0.000268898 0.00126805
743.26 0.00354864 1 0.000255253 0.00329339
743.7 0.00155988 1 0.000242536 0.00131734
744.14 0.00557092 1 0.000230412 0.00534051
744.58 0.00458178 1 0.000218854 0.00436292
745.02 0.00159244 1 0.000207837 0.0013846
745.46 0.00560292 1 0.000197339 0.00540558
745.9 0.00361321 1 0.000187336 0.00342587
746.34 0.00362332 1 0.000177807 0.00344551
746.78 0.00263324 1 0.000168732 0.00246451
747.22 0.00264298 1 0.00016009 0.00248289
747.66 0.00265255 1 0.000151862 0.00250069
748.1 0.00366194 1 0.00014403 0.00351791
748.54 0.00267115 1 0.000136576 0.00253457
748.98 0.00168019 1 0.000129484 0.0015507
749.42 0.00268905 1 0.000122736 0.00256632
749.86 0.00469775 1 0.000116319 0.00458143
750.29 0.00370608 1 0.000110351 0.00359573
750.73 0.00271445 1 0.000104542 0.00260991
751.17 0.00172264 1 9.90192e-05 0.00162363
751.61 0.000730679 1 9.37707e-05 0.000636908
752.05 0.00473855 1 8.87836e-05 0.00464977
752.49 -0.00125374 1 8.40456e-05 -0.00133778
752.93 0.00175382 1 7.95453e-05 0.00167427
753.37 0.00476122 1 7.52716e-05 0.00468594
753.81 0.00176846 1 7.12139e-05 0.00169724
754.25 -0.000224454 1 6.73621e-05 -0.000291816
754.69 0.00178248 1 6.37064e-05 0.00171878
755.13 0.00178927 1 6.02376e-05 0.00172903
755.57 0.00279591 1 5.69467e-05 0.00273896
756.01 0.0018024 1 5.38253e-05 0.00174858
756.45 0.00280875 1 5.08653e-05 0.00275788
756.89 0.00481495 1 4.80588e-05 0.00476689
757.33 0.00282102 1 4.53984e-05 0.00277562
757.77 0.00182694 1 4.28771e-05 0.00178406
758.21 0.00283272 1 4.04881e-05 0.00279224
758.64 0.00183825 1 3.82749e-05 0.00179997
759.08 -0.000156236 1 3.61286e-05 -0.000192364
759.52 0.00184915 1 3.40961e-05 0.00181505
759.96 -0.000145597 1 3.21717e-05 -0.000177769
760.4 0.00185953 1 3.03502e-05 0.00182918
760.84 0.00286452 1 2.86262e-05 0.0028359
761.28 0.00286939 1 2.6995e-05 0.0028424
761.72 0.00287414 1 2.54519e-05 0.00284869
762.16 0.00287876 1 2.39924e-05 0.00285477
762.6 0.000883265 1 2.26122e-05 0.000860653
763.03 0.00188755 1 2.13361e-05 0.00186621
763.47 -0.00110818 1 2.01011e-05 -0.00112828
763.91 0.00389597 1 1.89339e-05 0.00387704
764.35 0.000900011 1 1.78311e-05 0.00088218
764.79 0.00390394 1 1.67893e-05 0.00388715
765.23 0.00290775 1 1.58053e-05 0.00289195
765.67 0.00591146 1 1.48761e-05 0.00589658
766.11 0.00391506 1 1.39989e-05 0.00390106
766.54 0.000918475 1 1.31891e-05 0.000905285
766.98 0.00192187 1 1.24067e-05 0.00190946
767.42 -7.48426e-05 1 1.16684e-05 -8.6511e-05
767.86 -7.16527e-05 1 1.09719e-05 -8.26246e-05
768.3 -0.00306856 1 1.0315e-05 -0.00307888
768.74 0.00193443 1 9.69559e-06 0.00192474
769.17 0.000937267 1 9.12451e-06 0.000928142
769.61 0.00194007 1 8.57332e-06 0.0019315
770.05 0.00294279 1 8.05387e-06 0.00293474
770.49 0.000945415 1 7.56445e-06 0.000937851
770.93 0.00594795 1 7.1034e-06 0.00594085
771.37 0.0029504 1 6.66917e-06 0.00294373
771.8 0.000952714 1 6.2693e-06 0.000946445
772.24 0.001955 1 5.88382e-06 0.00194911
772.68 0.0059572 1 5.52099e-06 0.00595168
773.12 0.00195932 1 5.17953e-06 0.00195414
773.56 0.00196136 1 4.85825e-06 0.00195651
774 0.00496333 1 4.55603e-06 0.00495878
774.43 0.00296518 1 4.27805e-06 0.0029609
774.87 -0.001033 1 4.0104e-06 -0.00103701
775.31 0.000968752 1 3.75877e-06 0.000964993
775.75 0.00197043 1 3.52225e-06 0.00196691
776.19 0.00297204 1 3.29998e-06 0.00296874
776.62 0.00497355 1 3.09574e-06 0.00497046
777.06 -0.00102496 1 2.89928e-06 -0.00102786
777.5 0.00297646 1 2.71477e-06 0.00297374
777.94 0.00497781 1 2.54151e-06 0.00497527
778.37 -2.09176e-05 1 2.38243e-06 -2.33e-05
778.81 0.000980324 1 2.22953e-06 0.000978095
779.25 0.00198151 1 2.08605e-06 0.00197942
779.69 0.00198264 1 1.95142e-06 0.00198069
780.13 0.00098372 1 1.82513e-06 0.000981895
780.56 -1.52752e-05 1 1.7093e-06 -1.69845e-05
781 0.0029857 1 1.59807e-06 0.00298411
781.44 -0.00201336 1 1.49379e-06 -0.00201486
781.88 0.00198752 1 1.39605e-06 0.00198613
782.31 0.000988345 1 1.30647e-06 0.000987039
782.75 0.00398915 1 1.22052e-06 0.00398792
783.19 -1.00952e-05 1 1.14001e-06 -1.12352e-05
783.63 -0.00100937 1 1.0646e-06 -0.00101044
784.06 -0.00200871 1 9.95546e-07 -0.0020097
784.5 -0.00200806 1 9.29342e-07 -0.00200899
784.94 -7.44484e-06 1 8.67373e-07 -8.31221e-06
785.37 -0.00100688 1 8.10657e-07 -0.00100769
785.81 0.00299368 1 7.56314e-07 0.00299292
786.25 -0.0010058 1 7.05479e-07 -0.00100651
786.69 0.00199469 1 6.57934e-07 0.00199404
787.12 0.00299515 1 6.14454e-07 0.00299454
787.56 -4.39815e-06 1 5.72826e-07 -4.97097e-06
788 -0.00100397 1 5.33915e-07 -0.00100451
788.43 0.000996423 1 4.98351e-07 0.000995924
788.87 0.000996809 1 4.64323e-07 0.000996345
789.31 0.00199718 1 4.32535e-07 0.00199675
789.75 0.00599753 1 4.02846e-07 0.00599713
790.18 -2.1348e-06 1 3.75732e-07 -2.51053e-06
790.62 -1.80591e-06 1 3.49809e-07 -2.15572e-06
791.06 -0.00200149 1 3.25612e-07 -0.00200181
791.49 -0.00300118 1 3.03526e-07 -0.00300149
791.93 0.00499912 1 2.82423e-07 0.00499884
792.37 -5.81879e-07 1 2.62737e-07 -8.44616e-07
792.8 -0.00200029 1 2.44779e-07 -0.00200054
793.24 0 1 2.2763e-07 -2.2763e-07
793.68 0.00300029 1 2.11642e-07 0.00300008
794.11 -0.000999418 1 1.97066e-07 -0.000999615
794.55 0.00100088 1 1.83155e-07 0.0010007
794.99 0.00100118 1 1.70193e-07 0.00100101
795.42 -0.000998513 1 1.58383e-07 -0.000998671
795.86 0.00300181 1 1.47119e-07 0.00300166
796.3 0.00300213 1 1.36629e-07 0.003002
796.73 0.00100247 1 1.27077e-07 0.00100234
797.17 -0.000997178 1 1.17971e-07 -0.000997296
797.61 3.19114e-06 1 1.09497e-07 3.08164e-06
798.04 0.00100357 1 1.01785e-07 0.00100347
798.48 0.00100397 1 9.44377e-08 0.00100388
798.91 0.00400439 1 8.77537e-08 0.0040043
799.35 4.83483e-06 1 8.13882e-08 4.75344e-06
799.79 0.00100531 1 7.54699e-08 0.00100523
800.22 -0.00299421 1 7.00892e-08 -0.00299428
800.66 6.3118e-06 1 6.49678e-08 6.24683e-06
801.1 0.00100686 1 6.02091e-08 0.0010068
