500.34 0.000467674 1 7.95333e-05 0.000388141
500.8 -0.00145557 1 8.42858e-05 -0.00153986
501.25 -0.000380483 1 8.91914e-05 -0.000469674
501.71 -0.00330372 1 9.44815e-05 -0.0033982
502.17 0.000773041 1 0.000100064 0.000672977
502.62 -0.00115186 1 0.000105823 -0.00125769
503.08 0.000924902 1 0.000112029 0.000812874
503.53 0 1 0.000118428 -0.000118428
503.99 -0.000923234 1 0.000125321 -0.00104855
504.44 -0.00184814 1 0.000132425 -0.00198056
504.9 -0.000771372 1 0.000140073 -0.000911445
505.36 -0.000694609 1 0.000148133 -0.000842742
505.81 -0.00161952 1 0.000156433 -0.00177595
506.27 0.00145724 1 0.000165365 0.00129188
506.72 -0.000467674 1 0.00017456 -0.000642234
507.18 -0.000390924 1 0.000184449 -0.000575373
507.63 -0.00131585 1 0.000194625 -0.00151047
508.09 0.00176089 1 0.000205565 0.00155533
508.54 -0.00116404 1 0.000216818 -0.00138086
509 -0.00108731 1 0.000228909 -0.00131622
509.45 -1.2259e-05 1 0.000241341 -0.0002536
509.91 6.44546e-05 1 0.000254694 -0.000190239
510.36 -0.000860507 1 0.000268416 -0.00112892
510.82 0.000216189 1 0.000283149 -6.69594e-05
511.27 0.00029121 1 0.000298282 -7.07225e-06
511.73 0.00336789 1 0.000314522 0.00305337
512.19 0.000444555 1 0.000331576 0.000112978
512.64 -0.000480456 1 0.000349083 -0.000829539
513.1 -0.00140381 1 0.000367857 -0.00177167
513.55 -0.00132884 1 0.000387121 -0.00171597
514.01 0.000747775 1 0.00040777 0.000340005
514.46 0.00182272 1 0.000428949 0.00139377
514.92 0.00289931 1 0.00045164 0.00244767
515.37 0.000974222 1 0.000474903 0.000499319
515.83 0.00105078 1 0.000499817 0.000550968
516.28 0.000125668 1 0.000525346 -0.000399678
516.73 0.00120054 1 0.000552067 0.000648468
517.19 0.00027705 1 0.000580666 -0.000303616
517.64 0.000351884 1 0.000609951 -0.000258067
518.1 0.000428363 1 0.00064128 -0.000212917
518.55 -0.00149684 1 0.000673347 -0.00217019
519.01 0.0025796 1 0.000707636 0.00187197
519.46 0.000654363 1 0.000742718 -8.83544e-05
519.92 0.00173076 1 0.000780213 0.000950551
520.37 -0.000194515 1 0.000818558 -0.00101307
520.83 0.00488184 1 0.000859523 0.00402232
521.28 -0.00104348 1 0.000901396 -0.00194487
521.74 0.00103284 1 0.000946111 8.67262e-05
522.19 0.00110747 1 0.000991796 0.000115674
522.65 0.00218374 1 0.00104056 0.00114318
523.1 0.00325832 1 0.00109036 0.00216796
523.55 0.00233289 1 0.00114231 0.00119057
524.01 0.00140908 1 0.00119773 0.00021135
524.46 0.00348359 1 0.00125428 0.00222931
524.92 -0.000440268 1 0.00131458 -0.00175485
525.37 0.00163419 1 0.00137609 0.000258098
525.83 0.00171028 1 0.00144164 0.000268633
526.28 0.00178468 1 0.00150848 0.0002762
526.73 0.00285906 1 0.0015781 0.00128096
527.19 0.00193506 1 0.00165224 0.000282817
527.64 0.00200937 1 0.00172778 0.00028159
528.1 0.00408531 1 0.0018082 0.00227711
528.55 0.00515957 1 0.0018901 0.00326947
529.01 0.00323545 1 0.00197725 0.0012582
529.46 0.00230964 1 0.00206596 0.000243678
529.91 0.0043838 1 0.00215822 0.00222558
530.37 0.00445958 1 0.00225632 0.00220326
530.82 0.00553368 1 0.00235611 0.00317756
531.28 0.00360938 1 0.00246217 0.00114721
531.73 0.00268341 1 0.00257002 0.000113393
532.18 0.00475741 1 0.00268205 0.00207536
532.64 0.00483301 1 0.00280103 0.00203198
533.09 0.00790693 1 0.00292193 0.00498499
533.54 0.00598081 1 0.00304744 0.00293337
534 0.0060563 1 0.00318064 0.00287566
534.45 0.00613011 1 0.0033159 0.00281421
534.91 0.00620552 1 0.00345939 0.00274613
535.36 0.00627925 1 0.00360503 0.00267422
535.81 0.00835295 1 0.00375605 0.0045969
536.27 0.00842824 1 0.00391614 0.0045121
536.72 0.0105018 1 0.00407851 0.00642334
537.17 0.00757542 1 0.00424676 0.00332866
537.63 0.00865058 1 0.004425 0.00422559
538.08 0.00972407 1 0.00460565 0.00511842
538.54 0.00979915 1 0.00479695 0.0050022
538.99 0.0118725 1 0.00499075 0.0068818
539.44 0.0109459 1 0.00519133 0.00575457
539.9 0.0100208 1 0.00540357 0.00461727
540.35 0.0100941 1 0.00561845 0.00447567
540.8 0.0111673 1 0.00584068 0.00532665
541.26 0.0122421 1 0.00607567 0.00616646
541.71 0.0143153 1 0.00631341 0.00800185
542.16 0.0133883 1 0.00655913 0.00682922
542.62 0.014463 1 0.00681876 0.00764424
543.07 0.013536 1 0.00708125 0.00645474
543.52 0.0126089 1 0.00735235 0.00525658
543.98 0.0146834 1 0.00763861 0.00704482
544.43 0.0137563 1 0.0079278 0.00582846
544.88 0.0158291 1 0.00822628 0.00760277
545.34 0.0169034 1 0.00854123 0.00836217
545.79 0.0169761 1 0.00885918 0.00811691
546.24 0.0160487 1 0.00918711 0.00686161
546.69 0.0161213 1 0.00952525 0.00659605
547.15 0.0171954 1 0.0098817 0.00731373
547.6 0.0192679 1 0.0102412 0.00902668
548.05 0.0163403 1 0.0106117 0.00572865
548.51 0.0194143 1 0.0110019 0.00841239
548.96 0.0184866 1 0.0113952 0.00709139
549.41 0.0205588 1 0.0118002 0.00875867
549.86 0.019631 1 0.0122171 0.00741396
550.32 0.0207048 1 0.0126558 0.00804896
550.77 0.0197768 1 0.0130976 0.00667927
551.22 0.0208489 1 0.013552 0.00729685
551.68 0.0229224 1 0.0140299 0.0088925
552.13 0.0229943 1 0.0145108 0.00848354
552.58 0.0250662 1 0.0150051 0.0100611
553.03 0.0241379 1 0.0155131 0.00862486
553.49 0.0242112 1 0.0160468 0.00816446
553.94 0.0252829 1 0.0165833 0.00869963
554.39 0.0253545 1 0.0171342 0.00822027
554.84 0.026426 1 0.0176999 0.00872613
555.3 0.0284991 1 0.0182936 0.0102055
555.75 0.0295705 1 0.0188898 0.0106806
556.2 0.0266418 1 0.0195016 0.00714027
556.65 0.0287131 1 0.020129 0.00858409
557.11 0.0317859 1 0.0207869 0.010999
557.56 0.029857 1 0.0214469 0.00841008
558.01 0.0309281 1 0.0221234 0.00880465
558.46 0.0329991 1 0.0228167 0.0101824
558.92 0.0320716 1 0.0235429 0.00852877
559.37 0.0351425 1 0.0242706 0.0108719
559.82 0.0352133 1 0.0250158 0.0101974
560.27 0.037284 1 0.0257787 0.0115053
560.72 0.0373547 1 0.0265595 0.0107952
561.18 0.0374268 1 0.0273763 0.0100505
561.63 0.0344974 1 0.028194 0.0063034
562.08 0.0365678 1 0.0290301 0.00753768
562.53 0.0396382 1 0.0298851 0.00975313
562.99 0.0417101 1 0.0307786 0.0109315
563.44 0.0427803 1 0.031672 0.0111083
563.89 0.0418504 1 0.0325848 0.00926562
564.34 0.0419205 1 0.0335171 0.00840337
564.79 0.0419905 1 0.0344692 0.00752135
565.25 0.043062 1 0.0354629 0.00759911
565.7 0.0461319 1 0.0364553 0.00967659
566.15 0.0472016 1 0.0374678 0.00973379
566.6 0.0462713 1 0.0385007 0.00777059
567.05 0.048341 1 0.0395541 0.00878683
567.5 0.0494105 1 0.0406281 0.0087824
567.96 0.0484815 1 0.0417474 0.00673415
568.41 0.0505509 1 0.0428634 0.00768754
568.86 0.0526202 1 0.0440003 0.00861992
569.31 0.0506894 1 0.0451582 0.0055312
569.76 0.0527586 1 0.0463373 0.0064213
570.21 0.0538276 1 0.0475375 0.00629016
570.67 0.0548981 1 0.0487863 0.00611185
571.12 0.055967 1 0.0500294 0.00593758
571.57 0.0570358 1 0.0512939 0.00574192
572.02 0.0591046 1 0.0525797 0.00652485
572.47 0.0571732 1 0.0538868 0.00328637
572.92 0.0592418 1 0.0552153 0.00402648
573.37 0.0613102 1 0.056565 0.0047452
573.83 0.0603801 1 0.0579668 0.00241337
574.28 0.0604484 1 0.0593595 0.00108894
574.73 0.0625167 1 0.0607734 0.00174326
575.18 0.0625848 1 0.0622084 0.000376392
575.63 0.0646528 1 0.0636644 0.000988437
576.08 0.0637208 1 0.0651413 -0.00142051
576.53 0.0667886 1 0.0666389 0.000149683
576.98 0.0688564 1 0.0681573 0.000699137
577.44 0.0709256 1 0.0697305 0.00119508
577.89 0.0709932 1 0.0712901 -0.000296915
578.34 0.0730607 1 0.0728698 0.000190855
578.79 0.0721281 1 0.0744695 -0.00234141
579.24 0.0741954 1 0.0760888 -0.00189348
579.69 0.0762626 1 0.0777277 -0.00146514
580.14 0.0773297 1 0.0793858 -0.00205614
580.59 0.0783967 1 0.0810629 -0.0026662
581.04 0.0774637 1 0.0827587 -0.00529504
581.49 0.0805305 1 0.0844729 -0.00394236
581.95 0.0835987 1 0.0862438 -0.00264506
582.4 0.0836654 1 0.0879941 -0.00432876
582.85 0.0857319 1 0.0897618 -0.00402993
583.3 0.0877984 1 0.0915465 -0.00374818
583.75 0.0888647 1 0.0933478 -0.00448313
584.2 0.088931 1 0.0951653 -0.00623437
584.65 0.0919971 1 0.0969986 -0.00500148
585.1 0.0940632 1 0.0988472 -0.00478401
585.55 0.0961291 1 0.100711 -0.00458149
586 0.097195 1 0.102588 -0.00539345
586.45 0.0972607 1 0.10448 -0.00721939
586.9 0.101326 1 0.106385 -0.0050588
587.35 0.101392 1 0.108303 -0.00691114
587.8 0.105457 1 0.110233 -0.00477587
588.25 0.105523 1 0.112175 -0.0066524
588.71 0.108589 1 0.114172 -0.00558224
589.16 0.108655 1 0.116135 -0.00748087
589.61 0.11272 1 0.118109 -0.00538949
590.06 0.114784 1 0.120092 -0.00530748
590.51 0.116849 1 0.122083 -0.00523417
590.96 0.118914 1 0.124083 -0.00516891
591.41 0.120979 1 0.12609 -0.00511101
591.86 0.121043 1 0.128103 -0.00705977
592.31 0.126107 1 0.130122 -0.00401449
592.76 0.126172 1 0.132146 -0.00597443
593.21 0.129236 1 0.134175 -0.00493885
593.66 0.1313 1 0.136207 -0.00490701
594.11 0.134364 1 0.138242 -0.00387812
594.56 0.138428 1 0.140279 -0.00185142
595.01 0.136491 1 0.142317 -0.0058261
595.46 0.140555 1 0.144356 -0.00380138
595.91 0.142618 1 0.146395 -0.00377642
596.36 0.147682 1 0.148432 -0.000750419
596.81 0.146745 1 0.150468 -0.00372253
597.26 0.148808 1 0.1525 -0.00369191
597.71 0.151871 1 0.154529 -0.00265772
598.16 0.152934 1 0.156553 -0.00361909
598.61 0.154997 1 0.158572 -0.00357516
599.06 0.15806 1 0.160585 -0.00252506
599.51 0.161122 1 0.16259 -0.00146792
599.96 0.163185 1 0.164588 -0.00140286
600.41 0.165247 1 0.166576 -0.00132901
600.86 0.165309 1 0.168555 -0.00324547
601.31 0.164371 1 0.170523 -0.00615137
601.76 0.173433 1 0.172479 0.000954171
602.21 0.173495 1 0.174423 -0.000927967
602.65 0.176556 1 0.176311 0.000244475
603.1 0.176617 1 0.178228 -0.00161072
603.55 0.178679 1 0.18013 -0.001451
604 0.18374 1 0.182015 0.00172448
604.45 0.182801 1 0.183885 -0.00108341
604.9 0.188862 1 0.185736 0.00312615
605.35 0.189923 1 0.187569 0.00235398
605.8 0.192984 1 0.189383 0.00360091
606.25 0.194045 1 0.191177 0.00286772
606.7 0.193106 1 0.19295 0.000155194
607.15 0.194166 1 0.194702 -0.000535919
607.6 0.197226 1 0.196431 0.000795118
608.05 0.199287 1 0.198138 0.00114901
608.5 0.201347 1 0.19982 0.00152645
608.95 0.204407 1 0.201479 0.00292809
609.39 0.204465 1 0.203076 0.00138923
609.84 0.206525 1 0.204684 0.00184051
610.29 0.209584 1 0.206267 0.00331774
610.74 0.206644 1 0.207823 -0.00117859
611.19 0.210703 1 0.209351 0.00135201
611.64 0.214762 1 0.210852 0.00390995
612.09 0.214821 1 0.212326 0.00249561
612.54 0.21488 1 0.213771 0.00110931
612.99 0.214939 1 0.215188 -0.000248686
613.44 0.213998 1 0.216576 -0.00257817
613.88 0.216055 1 0.217905 -0.00185041
614.33 0.219113 1 0.219237 -0.000123145
614.78 0.218172 1 0.220539 -0.00236714
615.23 0.22123 1 0.221812 -0.000582454
615.68 0.222288 1 0.223057 -0.000769232
616.13 0.222346 1 0.224273 -0.00192769
616.58 0.224403 1 0.225461 -0.00105814
617.03 0.222461 1 0.226622 -0.00416098
617.47 0.223517 1 0.22773 -0.00421308
617.92 0.224574 1 0.228837 -0.00426284
618.37 0.226631 1 0.229918 -0.00328673
618.82 0.226688 1 0.230974 -0.00428553
619.27 0.227745 1 0.232005 -0.00426016
619.72 0.226802 1 0.233014 -0.0062116
620.17 0.229859 1 0.234 -0.00414099
620.61 0.226914 1 0.234943 -0.0080296
621.06 0.22997 1 0.235889 -0.00591915
621.51 0.235026 1 0.236817 -0.00179071
621.96 0.232082 1 0.237728 -0.00564589
622.41 0.233138 1 0.238624 -0.00548643
622.86 0.233194 1 0.239508 -0.0063142
623.3 0.233248 1 0.240361 -0.00711317
623.75 0.234304 1 0.241225 -0.00692175
624.2 0.235359 1 0.242083 -0.00672394
624.65 0.238414 1 0.242936 -0.00452215
625.1 0.238469 1 0.243788 -0.00531894
625.54 0.236522 1 0.244622 -0.00809921
625.99 0.238577 1 0.245478 -0.00690119
626.44 0.243632 1 0.246342 -0.00271011
626.89 0.240686 1 0.247215 -0.00652905
627.34 0.24274 1 0.248101 -0.00536119
627.78 0.242793 1 0.248984 -0.0061908
628.23 0.244847 1 0.249906 -0.00505894
628.68 0.248901 1 0.250851 -0.00195049
629.13 0.247954 1 0.251824 -0.00386909
629.58 0.251008 1 0.252826 -0.00181846
630.02 0.25306 1 0.25384 -0.000780169
630.47 0.254113 1 0.254915 -0.000801733
630.92 0.255166 1 0.256032 -0.000865647
631.37 0.257219 1 0.257195 2.40812e-05
631.81 0.260271 1 0.258381 0.00188978
632.26 0.261323 1 0.259647 0.0016759
632.71 0.263375 1 0.260972 0.00240356
633.16 0.263428 1 0.262359 0.0010687
633.61 0.26748 1 0.263812 0.00366726
634.05 0.26953 1 0.265302 0.00422875
634.5 0.270582 1 0.266898 0.00368392
634.95 0.274634 1 0.268573 0.00606078
635.4 0.277685 1 0.27033 0.00735558
635.84 0.279735 1 0.27213 0.00760542
636.29 0.280786 1 0.274059 0.00672733
636.74 0.283837 1 0.27608 0.00775677
637.18 0.288887 1 0.278149 0.0107376
637.63 0.291937 1 0.280362 0.0115751
638.08 0.292988 1 0.282676 0.0103115
638.53 0.299038 1 0.285094 0.0139442
638.97 0.300087 1 0.28756 0.0125274
639.42 0.301137 1 0.290188 0.0109492
639.87 0.304187 1 0.292925 0.011262
640.32 0.308236 1 0.295772 0.0124647
640.76 0.310285 1 0.298663 0.0116222
641.21 0.313334 1 0.301729 0.011605
641.66 0.318383 1 0.304907 0.0134766
642.1 0.322431 1 0.30812 0.0143106
642.55 0.32348 1 0.311516 0.011964
643 0.327528 1 0.315019 0.0125091
643.44 0.330576 1 0.318548 0.0120281
643.89 0.333624 1 0.322259 0.011365
644.34 0.334672 1 0.326071 0.00860098
644.79 0.34172 1 0.329981 0.0117394
645.23 0.346767 1 0.333893 0.0128732
645.68 0.349814 1 0.337983 0.0118313
646.13 0.353862 1 0.342156 0.0117056
646.57 0.356908 1 0.346312 0.0105961
647.02 0.357955 1 0.350633 0.00732217
647.47 0.366002 1 0.355018 0.0109832
647.91 0.369047 1 0.359362 0.00968496
648.36 0.373094 1 0.363854 0.00923975
648.81 0.37314 1 0.368387 0.00475316
649.25 0.375185 1 0.37285 0.00233487
649.7 0.383231 1 0.377438 0.00579335
650.15 0.384277 1 0.382038 0.00223864
650.59 0.390322 1 0.386539 0.00378236
651.04 0.390367 1 0.391135 -0.000767416
651.48 0.394411 1 0.395609 -0.0011978
651.93 0.398457 1 0.400155 -0.00169882
652.38 0.397501 1 0.404659 -0.00715764
652.82 0.403545 1 0.40901 -0.00546488
653.27 0.40759 1 0.413394 -0.00580412
653.72 0.412634 1 0.417698 -0.00506419
654.16 0.411677 1 0.421818 -0.0101408
654.61 0.417721 1 0.425928 -0.0082065
655.06 0.416765 1 0.42992 -0.0131547
655.5 0.422808 1 0.433697 -0.010889
655.95 0.422851 1 0.437418 -0.0145666
656.39 0.428893 1 0.440905 -0.0120116
656.84 0.430937 1 0.444305 -0.0133682
657.29 0.434979 1 0.447523 -0.0125439
657.73 0.435021 1 0.450483 -0.0154622
658.18 0.439064 1 0.453308 -0.0142442
658.62 0.442105 1 0.45586 -0.0137549
659.07 0.441147 1 0.458245 -0.0170977
659.52 0.444189 1 0.460391 -0.0162021
659.96 0.44623 1 0.462249 -0.0160195
660.41 0.451271 1 0.463894 -0.0126231
660.85 0.451312 1 0.465245 -0.0139327
661.3 0.450353 1 0.466353 -0.0159997
661.74 0.451393 1 0.467162 -0.0157692
662.19 0.451434 1 0.467703 -0.0162692
662.64 0.453474 1 0.467947 -0.0144728
663.08 0.456514 1 0.467894 -0.0113798
663.53 0.458554 1 0.467536 -0.00898158
663.97 0.455593 1 0.466885 -0.011292
664.42 0.460633 1 0.46591 -0.00527665
664.86 0.456672 1 0.464651 -0.00797873
665.31 0.457711 1 0.463049 -0.00533793
665.75 0.46275 1 0.461176 0.0015732
666.2 0.456789 1 0.458948 -0.00215898
666.65 0.459827 1 0.456403 0.00342422
667.09 0.456865 1 0.453613 0.00325276
667.54 0.455904 1 0.450452 0.00545208
667.98 0.448941 1 0.447065 0.0018761
668.43 0.450979 1 0.443303 0.00767565
668.87 0.446016 1 0.43934 0.00667637
669.32 0.444054 1 0.435 0.00905367
669.76 0.44209 1 0.430484 0.011606
670.21 0.437128 1 0.425595 0.0115323
670.65 0.433164 1 0.420558 0.0126053
671.1 0.428201 1 0.415154 0.0130461
671.54 0.423236 1 0.409633 0.0136034
671.99 0.417273 1 0.403754 0.0135191
672.43 0.411308 1 0.397789 0.0135197
672.88 0.407344 1 0.391478 0.0158661
673.32 0.402379 1 0.385114 0.0172648
673.77 0.394415 1 0.378421 0.0159941
674.21 0.388449 1 0.371707 0.0167425
674.66 0.378485 1 0.364681 0.0138037
675.1 0.371519 1 0.357668 0.0138509
675.55 0.363553 1 0.350363 0.0131909
675.99 0.357587 1 0.343103 0.0144842
676.44 0.352622 1 0.335573 0.0170486
676.88 0.339655 1 0.328121 0.0115345
677.33 0.332689 1 0.320421 0.0122683
677.77 0.321722 1 0.312829 0.00889311
678.22 0.312755 1 0.305014 0.0077418
678.66 0.306788 1 0.297335 0.00945248
679.11 0.298821 1 0.289459 0.00936239
679.55 0.290853 1 0.281746 0.00910734
679.99 0.280885 1 0.274034 0.00685075
680.44 0.271917 1 0.266161 0.00575625
680.88 0.263949 1 0.258488 0.00546076
681.33 0.252981 1 0.250678 0.00230282
681.77 0.245012 1 0.243089 0.00192297
682.22 0.235044 1 0.235387 -0.000343226
682.66 0.225074 1 0.227924 -0.00284953
683.11 0.218105 1 0.22037 -0.00226516
683.55 0.208136 1 0.213072 -0.00493627
683.99 0.201166 1 0.205867 -0.00470177
684.44 0.194196 1 0.198605 -0.00440871
684.88 0.189226 1 0.191614 -0.0023887
685.33 0.176256 1 0.184585 -0.00832982
685.77 0.168285 1 0.177837 -0.00955221
686.21 0.167314 1 0.171217 -0.00390339
686.66 0.155343 1 0.164585 -0.00924211
687.1 0.148372 1 0.158241 -0.0098692
687.55 0.141401 1 0.1519 -0.0104993
687.99 0.132429 1 0.145848 -0.0134193
688.44 0.130457 1 0.139813 -0.00935612
688.88 0.123485 1 0.134066 -0.0105818
689.32 0.117512 1 0.128474 -0.0109621
689.77 0.10954 1 0.122916 -0.0133763
690.21 0.106567 1 0.117641 -0.0110739
690.65 0.102594 1 0.112523 -0.00992977
691.1 0.0956207 1 0.107453 -0.0118328
691.54 0.088647 1 0.102656 -0.0140094
691.99 0.0846737 1 0.0979136 -0.0132399
692.43 0.0806995 1 0.093435 -0.0127355
692.87 0.0777251 1 0.0891123 -0.0113872
693.32 0.0737511 1 0.0848512 -0.0111001
693.76 0.0687763 1 0.0808391 -0.0120628
694.2 0.0658013 1 0.0769777 -0.0111765
694.65 0.0648265 1 0.0731819 -0.0083554
695.09 0.060851 1 0.069618 -0.00876692
695.53 0.0578753 1 0.066197 -0.0083217
695.98 0.0538999 1 0.0628432 -0.00894332
696.42 0.0509237 1 0.0597025 -0.00877879
696.86 0.0449473 1 0.0566955 -0.0117482
697.31 0.0439712 1 0.053755 -0.00978384
697.75 0.0409943 1 0.0510082 -0.0100139
698.19 0.0380172 1 0.0483846 -0.0103674
698.64 0.0360404 1 0.0458251 -0.0097847
699.08 0.0370628 1 0.0434397 -0.00637687
699.52 0.034085 1 0.0411665 -0.0070814
699.97 0.0321075 1 0.0389536 -0.00684608
700.41 0.0301293 1 0.0368957 -0.00676643
700.85 0.0281508 1 0.0349385 -0.00678778
701.3 0.0261725 1 0.0330373 -0.00686474
701.74 0.0221936 1 0.0312725 -0.00907898
702.18 0.0232144 1 0.0295974 -0.006383
702.63 0.0212354 1 0.027973 -0.00673755
703.07 0.0192557 1 0.0264678 -0.0072121
703.51 0.0212758 1 0.0250415 -0.00376562
703.96 0.0182961 1 0.0236605 -0.00536434
704.4 0.0153158 1 0.0223829 -0.00706712
704.84 0.0153352 1 0.0211738 -0.00583868
705.28 0.0133543 1 0.0200301 -0.00667581
705.73 0.0113736 1 0.0189247 -0.00755111
706.17 0.0133923 1 0.0179038 -0.00451147
706.61 0.0104107 1 0.016939 -0.00652829
707.06 0.0124293 1 0.0160075 -0.00357821
707.5 0.00944728 1 0.015148 -0.0057007
707.94 0.00746498 1 0.0143364 -0.00687141
708.38 0.00948245 1 0.0135703 -0.00408782
708.83 0.00650006 1 0.0128312 -0.00633118
709.27 0.00751704 1 0.0121498 -0.00463274
709.71 0.00653377 1 0.0115068 -0.00497298
710.15 0.00655027 1 0.0109001 -0.00434979
710.6 0.00756688 1 0.010315 -0.00274814
711.04 0.00758288 1 0.0097757 -0.00219281
711.48 0.00259864 1 0.00926684 -0.0066682
711.92 0.00661415 1 0.00878672 -0.00217257
712.37 0.00262976 1 0.00832367 -0.00569391
712.81 0.00164478 1 0.00789668 -0.0062519
713.25 0.00165955 1 0.00749364 -0.0058341
713.69 0.00267407 1 0.00711317 -0.0044391
714.13 -0.00231165 1 0.00675391 -0.00906556
714.58 -0.00229731 1 0.00640712 -0.00870443
715.02 -0.000283535 1 0.006087 -0.00637054
715.46 0.000729991 1 0.00578451 -0.00505452
715.9 0.000743267 1 0.00549857 -0.00475531
716.35 0.00175659 1 0.00522224 -0.00346565
716.79 -0.00123064 1 0.00496683 -0.00619747
717.23 -0.000218123 1 0.00472516 -0.00494328
717.67 0.000794145 1 0.0044964 -0.00370226
718.11 0.00180616 1 0.00427979 -0.00247362
718.56 -0.00018181 1 0.00407004 -0.00425185
719 -0.000170304 1 0.00387581 -0.00404611
719.44 0.000840948 1 0.00369166 -0.00285071
719.88 0.000851946 1 0.00351699 -0.00266505
720.32 -0.00213731 1 0.00335125 -0.00548856
720.76 -0.00212682 1 0.00319392 -0.00532074
721.21 -0.000116359 1 0.0030412 -0.00315756
721.65 -0.00210639 1 0.00289941 -0.00500579
722.09 -9.66732e-05 1 0.00276464 -0.00286131
722.53 -0.00108722 1 0.00263649 -0.00372371
722.97 -7.80152e-05 1 0.0025146 -0.00259261
723.41 -0.00106907 1 0.00239861 -0.00346768
723.86 -0.0010602 1 0.00228574 -0.00334594
724.3 0.000948223 1 0.00218071 -0.00123248
724.74 -0.00104362 1 0.00208065 -0.00312427
725.18 -3.57193e-05 1 0.00198531 -0.00202103
725.62 0.00297192 1 0.00189442 0.0010775
726.06 0.0019793 1 0.00180776 0.000171537
726.5 0.00098641 1 0.0017251 -0.000738693
726.95 0.000993416 1 0.0016445 -0.000651084
727.39 0 1 0.00156933 -0.00156933
727.83 0.00100632 1 0.00149759 -0.000491266
728.27 1.23808e-05 1 0.00142909 -0.00141671
728.71 -0.000981819 1 0.00136369 -0.00234551
729.15 0.00202372 1 0.00130123 0.000722489
729.59 -0.000970992 1 0.00124158 -0.00221257
730.03 0.00203404 1 0.00118459 0.000849454
730.48 0.00103892 1 0.00112893 -9.00051e-05
730.92 0.00104345 1 0.00107696 -3.35121e-05
731.36 4.77176e-05 1 0.00102729 -0.000979577
731.8 -0.000948257 1 0.000979836 -0.00192809
732.24 0.00105552 1 0.00093448 0.000121042
732.68 5.90579e-05 1 0.000891132 -0.000832074
733.12 0.00206235 1 0.000849704 0.00121265
733.56 0.0030654 1 0.000810108 0.0022553
734 0.00106822 1 0.000772265 0.000295954
734.44 0.0020708 1 0.000736098 0.0013347
734.89 0.00207319 1 0.000700767 0.00137242
735.33 0.00307529 1 0.000667769 0.00240752
735.77 0.00207717 1 0.000636237 0.00144093
736.21 0.00407881 1 0.000606108 0.0034727
736.65 8.0223e-05 1 0.00057732 -0.000497097
737.09 8.14113e-05 1 0.000549817 -0.000468406
737.53 0.00808238 1 0.000523543 0.00755883
737.97 0.00508312 1 0.000498447 0.00458467
738.41 0.00108364 1 0.000474479 0.000609158
738.85 0.00708394 1 0.000451589 0.00663235
739.29 0.00108402 1 0.000429733 0.000654288
739.73 0.00108389 1 0.000408866 0.000675022
740.17 0.00208354 1 0.000388947 0.0016946
740.61 0.00108298 1 0.000369934 0.000713049
741.05 0.00308221 1 0.00035179 0.00273042
741.49 0.00308124 1 0.000334478 0.00274676
741.93 0.00108005 1 0.000317961 0.000762091
742.37 0.00207866 1 0.000302206 0.00177646
742.81 0.00507707 1 0.00028718 0.00478989
743.26 0.00407523 1 0.000272535 0.0038027
743.7 0.00307323 1 0.000258889 0.00281434
744.14 0.00207104 1 0.000245882 0.00182515
744.58 0.00506864 1 0.000233486 0.00483516
745.02 0.00306605 1 0.000221674 0.00284438
745.46 0.00306327 1 0.00021042 0.00285285
745.9 0.0020603 1 0.0001997 0.0018606
746.34 0.00705714 1 0.000189491 0.00686765
746.78 0.00205379 1 0.000179771 0.00187402
747.22 0.00305026 1 0.000170516 0.00287974
747.66 0.00304654 1 0.000161708 0.00288483
748.1 4.26389e-05 1 0.000153326 -0.000110687
748.54 0.00203856 1 0.000145351 0.00189321
748.98 0.0010343 1 0.000137764 0.000896534
749.42 0.00302986 1 0.000130549 0.00289931
749.86 0.00402525 1 0.000123688 0.00390156
750.29 0.00202057 1 0.000117309 0.00190326
750.73 0.00301562 1 0.000111102 0.00290452
751.17 0.0010105 1 0.000105203 0.000905295
751.61 0.00100521 1 9.95986e-05 0.000905608
752.05 0.00399975 1 9.42744e-05 0.00390547
752.49 0.000994126 1 8.92177e-05 0.000904909
752.93 0.00198834 1 8.4416e-05 0.00190392
753.37 0.00398239 1 7.98573e-05 0.00390254
753.81 0.00297629 1 7.55304e-05 0.00290076
754.25 -2.99757e-05 1 7.14241e-05 -0.0001014
754.69 -3.63953e-05 1 6.75281e-05 -0.000103923
755.13 0.00195703 1 6.38323e-05 0.0018932
755.57 -4.96951e-05 1 6.03271e-05 -0.000110022
756.01 0.000943428 1 5.70035e-05 0.000886425
756.45 0.000936403 1 5.38525e-05 0.00088255
756.89 0.00592923 1 5.08659e-05 0.00587836
757.33 0.00192191 1 4.80357e-05 0.00187388
757.77 -8.55496e-05 1 4.53542e-05 -0.000130904
758.21 0.000906847 1 4.28141e-05 0.000864033
758.64 0.00189928 1 4.04617e-05 0.00185882
759.08 0.0018914 1 3.81811e-05 0.00185322
759.52 0.00288339 1 3.6022e-05 0.00284737
759.96 0.00287524 1 3.39785e-05 0.00284126
760.4 0.00186695 1 3.20447e-05 0.00183491
760.84 0.00185854 1 3.02151e-05 0.00182832
761.28 0.00285 1 2.84845e-05 0.00282151
761.72 0.00184132 1 2.68478e-05 0.00181448
762.16 0.000832526 1 2.53003e-05 0.000807226
762.6 -0.0031764 1 2.38373e-05 -0.00320023
763.03 0.000814767 1 2.24852e-05 0.000792281
763.47 -0.000194396 1 2.11769e-05 -0.000215573
763.91 0.00379632 1 1.99409e-05 0.00377638
764.35 0.000786924 1 1.87734e-05 0.00076815
764.79 0.00177741 1 1.76709e-05 0.00175974
765.23 -0.00123222 1 1.66299e-05 -0.00124885
765.67 0.000758041 1 1.56472e-05 0.000742394
766.11 0.00274819 1 1.47197e-05 0.00273347
766.54 -0.000261541 1 1.38638e-05 -0.000275404
766.98 0.000728396 1 1.30371e-05 0.000715359
767.42 -0.000281772 1 1.22572e-05 -0.000294029
767.86 0.000707957 1 1.15218e-05 0.000696435
768.3 -0.00230242 1 1.08284e-05 -0.00231324
768.74 0.00168711 1 1.01748e-05 0.00167694
769.17 -0.000323218 1 9.57237e-06 -0.00033279
769.61 0.00366612 1 8.99113e-06 0.00365713
770.05 -0.00234464 1 8.44354e-06 -0.00235308
770.49 -0.000355493 1 7.92777e-06 -0.000363421
770.93 0.00163356 1 7.44207e-06 0.00162612
771.37 0.000622532 1 6.98478e-06 0.000615548
771.8 0.000611667 1 6.56381e-06 0.000605103
772.24 0.00160046 1 6.15812e-06 0.00159431
772.68 0.00558918 1 5.7764e-06 0.0055834
773.12 0.00157781 1 5.41728e-06 0.00157239
773.56 0.00256636 1 5.07951e-06 0.00256128
774 0.00255483 1 4.76188e-06 0.00255007
774.43 -0.000456511 1 4.46983e-06 -0.000460981
774.87 -0.00146819 1 4.18872e-06 -0.00147238
775.31 0.00152006 1 3.92454e-06 0.00151613
775.75 0.00250823 1 3.6763e-06 0.00250456
776.19 -0.00050366 1 3.4431e-06 -0.000507103
776.62 0.00148465 1 3.22889e-06 0.00148142
777.06 -0.000527377 1 3.02292e-06 -0.0005304
777.5 0.000460532 1 2.82953e-06 0.000457702
777.94 -0.000551623 1 2.64801e-06 -0.000554271
778.37 -0.00056356 1 2.4814e-06 -0.000566042
778.81 -0.000575834 1 2.32132e-06 -0.000578155
779.25 0.00141183 1 2.17115e-06 0.00140966
779.69 -0.000600553 1 2.0303e-06 -0.000602583
780.13 -0.00361299 1 1.89822e-06 -0.00361489
780.56 0.000374796 1 1.77711e-06 0.000373019
781 0.00236225 1 1.66087e-06 0.00236059
781.44 -0.00065034 1 1.55193e-06 -0.000651892
781.88 -0.00066298 1 1.44985e-06 -0.00066443
782.31 0.00232462 1 1.35634e-06 0.00232327
782.75 0.0023119 1 1.26664e-06 0.00231063
783.19 -0.000700874 1 1.18265e-06 -0.000702057
783.63 0.000286316 1 1.10401e-06 0.000285212
784.06 -0.00372624 1 1.03203e-06 -0.00372727
784.5 0.000260876 1 9.63036e-07 0.000259913
784.94 -0.00275204 1 8.98485e-07 -0.00275294
785.37 -0.000764701 1 8.39427e-07 -0.00076554
785.81 0.00122232 1 7.82862e-07 0.00122153
786.25 -0.0027907 1 7.29967e-07 -0.00279143
786.69 0.00119626 1 6.80514e-07 0.00119558
787.12 0.00118349 1 6.35306e-07 0.00118286
787.56 0.000170402 1 5.9204e-07 0.00016981
788 -0.000842711 1 5.51614e-07 -0.000843263
788.43 -0.000855547 1 5.14679e-07 -0.000856062
788.87 -0.0008687 1 4.79351e-07 -0.00086918
789.31 -0.000881871 1 4.46363e-07 -0.000882317
789.75 0.00310494 1 4.15564e-07 0.00310453
790.18 -0.000907958 1 3.87447e-07 -0.000908345
790.62 -0.00292117 1 3.60576e-07 -0.00292153
791.06 -0.00393439 1 3.35503e-07 -0.00393473
791.49 -0.00394732 1 3.12627e-07 -0.00394764
791.93 -0.000960562 1 2.90778e-07 -0.000960853
792.37 -0.00197381 1 2.70403e-07 -0.00197408
792.8 -0.000986751 1 2.51824e-07 -0.000987003
793.24 0 1 2.34089e-07 -2.34089e-07
793.68 0.000986751 1 2.17561e-07 0.000986534
794.11 -0.00102619 1 2.02498e-07 -0.0010264
794.55 -3.94383e-05 1 1.88129e-07 -3.96264e-05
794.99 0.00194732 1 1.74745e-07 0.00194715
795.42 -0.00306561 1 1.62556e-07 -0.00306577
795.86 -0.00107883 1 1.50934e-07 -0.00107898
796.3 -9.20424e-05 1 1.40115e-07 -9.21825e-05
796.73 -0.00210494 1 1.30268e-07 -0.00210507
797.17 -0.000118129 1 1.20885e-07 -0.00011825
797.61 -0.0011313 1 1.12156e-07 -0.00113141
798.04 -0.000144154 1 1.04215e-07 -0.000144258
798.48 0.00184271 1 9.66527e-08 0.00184261
798.91 -0.0011701 1 8.97759e-08 -0.00117019
799.35 0.0018168 1 8.32295e-08 0.00181672
799.79 -0.00119626 1 7.71455e-08 -0.00119634
800.22 -0.00420901 1 7.16164e-08 -0.00420908
800.66 -0.00122202 1 6.6356e-08 -0.00122209
801.1 -0.001235 1 6.147e-08 -0.00123507
