500.34 -0.00239613 1 8.44717e-05 -0.0024806
500.8 -0.00133901 1 8.96407e-05 -0.00142865
501.25 -0.00128313 1 9.49834e-05 -0.00137812
501.71 -0.00222601 1 0.000100753 -0.00232676
502.17 0.00083111 1 0.000106849 0.000724261
502.62 -0.00111301 1 0.000113146 -0.00122615
503.08 -0.00105588 1 0.000119942 -0.00117582
503.53 0 1 0.000126957 -0.000126957
503.99 -0.00194288 1 0.000134525 -0.0020774
504.44 -0.00288699 1 0.000142334 -0.00302933
504.9 -0.00282987 1 0.000150753 -0.00298062
505.36 -0.000772746 1 0.000159636 -0.000932382
505.81 -0.00171687 1 0.000168797 -0.00188566
506.27 -0.00165975 1 0.000178667 -0.00183841
506.72 -0.000603871 1 0.000188841 -0.000792712
507.18 -0.000546756 1 0.000199797 -0.000746553
507.63 -0.00249088 1 0.000211087 -0.00270197
508.09 -0.00243378 1 0.000223239 -0.00265701
508.54 -0.000377911 1 0.000235754 -0.000613665
509 -0.00132081 1 0.000249219 -0.00157003
509.45 -0.00226495 1 0.000263081 -0.00252803
509.91 -0.00320786 1 0.000277989 -0.00348585
510.36 -0.00215201 1 0.000293328 -0.00244534
510.82 -0.00309493 1 0.000309817 -0.00340475
511.27 -0.00203909 1 0.000326776 -0.00236587
511.73 1.79797e-05 1 0.000344999 -0.000327019
512.19 -0.000924955 1 0.000364158 -0.00128911
512.64 -0.00186914 1 0.000383851 -0.00225299
513.1 -0.000812084 1 0.000404995 -0.00121708
513.55 -0.00075628 1 0.000426718 -0.001183
514.01 -0.00169924 1 0.000450031 -0.00214927
514.46 0.00235655 1 0.000473971 0.00188258
514.92 -0.00158643 1 0.000499653 -0.00208609
515.37 -0.00153066 1 0.000526013 -0.00205667
515.83 -0.000473657 1 0.000554278 -0.00102794
516.28 -0.000417902 1 0.000583276 -0.00100118
516.73 0.000637843 1 0.000613664 2.41785e-05
517.19 -0.00130518 1 0.000646227 -0.00195141
517.64 -0.000249458 1 0.000679611 -0.000929069
518.1 -0.0011925 1 0.000715367 -0.00190787
518.55 -0.000136801 1 0.000752009 -0.00088881
519.01 -7.98706e-05 1 0.000791237 -0.000871107
519.46 0.000975811 1 0.000831417 0.000144394
519.92 -0.00196728 1 0.000874413 -0.0028417
520.37 -0.00191163 1 0.000918434 -0.00283006
520.83 0.00114526 1 0.000965518 0.000179737
521.28 -0.00279911 1 0.0010137 -0.00381281
521.74 -0.00174226 1 0.00106521 -0.00280747
522.19 -0.00268665 1 0.00111791 -0.00380456
522.65 0.000370173 1 0.00117421 -0.00080404
523.1 0.00142575 1 0.00123178 0.000193967
523.55 0.000481312 1 0.00129191 -0.000810595
524.01 0.000538094 1 0.00135611 -0.000818018
524.46 0.00259363 1 0.00142171 0.00117191
524.92 0.000650377 1 0.00149173 -0.000841354
525.37 -0.000294122 1 0.00156324 -0.00185736
525.83 0.0027626 1 0.00163953 0.00112307
526.28 0.000818063 1 0.0017174 -0.000899338
526.73 0.00287351 1 0.0017986 0.00107491
527.19 0.00093018 1 0.00188517 -0.000954995
527.64 0.0029856 1 0.00197348 0.00101211
528.1 0.00304223 1 0.00206759 0.000974635
528.55 0.00109761 1 0.00216354 -0.00106594
529.01 0.0031542 1 0.00226574 0.000888453
529.46 0.00320954 1 0.0023699 0.00083964
529.91 0.00326486 1 0.00247833 0.000786531
530.37 0.0043214 1 0.00259375 0.00172765
530.82 0.00337668 1 0.00271129 0.000665389
531.28 0.00343317 1 0.00283634 0.000596826
531.73 0.00248841 1 0.00296364 -0.000475229
532.18 0.00554363 1 0.00309601 0.00244762
532.64 0.00360006 1 0.00323675 0.000363316
533.09 0.00565524 1 0.0033799 0.00227534
533.54 0.0077104 1 0.00352866 0.00418174
534 0.00676676 1 0.00368671 0.00308005
534.45 0.00482187 1 0.00384736 0.000974506
534.91 0.00387818 1 0.00401797 -0.000139787
535.36 0.00793325 1 0.00419131 0.00374194
535.81 0.00798829 1 0.00437123 0.00361707
536.27 0.00804453 1 0.00456215 0.00348238
536.72 0.00809953 1 0.004756 0.00334353
537.17 0.0071545 1 0.00495705 0.00219744
537.63 0.00921066 1 0.00517027 0.0040404
538.08 0.0102656 1 0.00538659 0.00487899
538.54 0.00932169 1 0.00561588 0.00370582
538.99 0.0113766 1 0.0058484 0.00552816
539.44 0.0104314 1 0.00608929 0.00434211
539.9 0.00848743 1 0.00634444 0.00214299
540.35 0.0115422 1 0.00660301 0.00493921
540.8 0.011597 1 0.00687069 0.00472629
541.26 0.0116529 1 0.00715401 0.00449891
541.71 0.0137076 1 0.00744093 0.00626671
542.16 0.0157623 1 0.00773775 0.00802456
542.62 0.0158182 1 0.00805169 0.00776648
543.07 0.0148728 1 0.00836938 0.00650341
543.52 0.0149274 1 0.00869781 0.00622957
543.98 0.0149832 1 0.00904492 0.00593823
544.43 0.0160377 1 0.00939593 0.00664174
544.88 0.0180922 1 0.00975855 0.00833363
545.34 0.0191479 1 0.0101415 0.00900633
545.79 0.0182023 1 0.0105285 0.00767377
546.24 0.0182567 1 0.010928 0.00732867
546.69 0.0193111 1 0.0113403 0.00797073
547.15 0.0213666 1 0.0117754 0.00959123
547.6 0.0214209 1 0.0122146 0.00920635
548.05 0.0204752 1 0.0126675 0.00780767
548.51 0.0245307 1 0.0131451 0.0113855
548.96 0.0205849 1 0.0136269 0.00695799
549.41 0.0236391 1 0.0141234 0.00951566
549.86 0.0236932 1 0.014635 0.00905823
550.32 0.0247485 1 0.0151738 0.00957469
550.77 0.0248026 1 0.0157169 0.00908571
551.22 0.0258566 1 0.016276 0.00958062
551.68 0.0269118 1 0.0168645 0.0100473
552.13 0.0279658 1 0.0174572 0.0105086
552.58 0.0280197 1 0.0180669 0.00995278
553.03 0.0270736 1 0.0186941 0.00837948
553.49 0.0291287 1 0.0193536 0.00977503
553.94 0.0311825 1 0.0200171 0.0111654
554.39 0.0322363 1 0.0206991 0.0115372
554.84 0.03229 1 0.0213999 0.0108901
555.3 0.0343449 1 0.0221361 0.0122089
555.75 0.0353986 1 0.0228759 0.0125227
556.2 0.0344522 1 0.0236357 0.0108166
556.65 0.0375058 1 0.0244156 0.0130902
557.11 0.0395606 1 0.025234 0.0143265
557.56 0.0376141 1 0.0260558 0.0115583
558.01 0.0366676 1 0.0268988 0.00976878
558.46 0.038721 1 0.0277633 0.0109577
558.92 0.0417756 1 0.0286696 0.013106
559.37 0.0418289 1 0.0295787 0.0122502
559.82 0.0428822 1 0.0305103 0.012372
560.27 0.0429355 1 0.0314647 0.0114708
560.72 0.0439887 1 0.0324423 0.0115464
561.18 0.0450431 1 0.0334659 0.0115772
561.63 0.0440962 1 0.0344912 0.00960502
562.08 0.0471493 1 0.0355407 0.0116087
562.53 0.0462024 1 0.0366144 0.00958795
562.99 0.0482566 1 0.0377376 0.010519
563.44 0.0503096 1 0.0388615 0.011448
563.89 0.0513625 1 0.0400107 0.0113518
564.34 0.0504154 1 0.0411853 0.00923008
564.79 0.0504682 1 0.0423856 0.00808257
565.25 0.0535222 1 0.0436395 0.00988267
565.7 0.0585749 1 0.0448926 0.0136823
566.15 0.0576276 1 0.0461722 0.0114554
566.6 0.0576803 1 0.0474784 0.0102018
567.05 0.0577329 1 0.0488115 0.00892136
567.5 0.0587854 1 0.0501717 0.00861375
567.96 0.0598391 1 0.0515902 0.00824887
568.41 0.0608916 1 0.0530057 0.00788588
568.86 0.063944 1 0.0544487 0.00949525
569.31 0.0639963 1 0.0559195 0.00807684
569.76 0.0650487 1 0.0574181 0.00763052
570.21 0.0651009 1 0.0589448 0.00615616
570.67 0.0671543 1 0.0605344 0.00661995
571.12 0.0682065 1 0.0621179 0.00608858
571.57 0.0712586 1 0.0637297 0.00752891
572.02 0.0713107 1 0.0653698 0.00594087
572.47 0.0713627 1 0.0670383 0.00432442
572.92 0.0734147 1 0.0687351 0.00467953
573.37 0.0754666 1 0.0704604 0.00500619
573.83 0.0755196 1 0.0722533 0.00326627
574.28 0.0765714 1 0.0740359 0.00253546
574.73 0.0796232 1 0.0758469 0.00377627
575.18 0.0816749 1 0.0776861 0.00398879
575.63 0.0817265 1 0.0795534 0.00217308
576.08 0.0807781 1 0.0814489 -0.000670735
576.53 0.0828297 1 0.0833722 -0.000542544
576.98 0.0848812 1 0.0853234 -0.000442201
577.44 0.0889338 1 0.0873464 0.00158732
577.89 0.0889851 1 0.0893533 -0.000368129
578.34 0.0910365 1 0.0913873 -0.00035086
578.79 0.0920877 1 0.0934484 -0.00136065
579.24 0.093139 1 0.0955362 -0.00239724
579.69 0.0961901 1 0.0976505 -0.00146036
580.14 0.0972412 1 0.099791 -0.00254971
580.59 0.0992923 1 0.101957 -0.00266498
581.04 0.0993433 1 0.104149 -0.00480582
581.49 0.101394 1 0.106366 -0.00497186
581.95 0.105446 1 0.108658 -0.00321169
582.4 0.105497 1 0.110925 -0.00542748
582.85 0.107548 1 0.113215 -0.00566724
583.3 0.108599 1 0.115529 -0.00693048
583.75 0.111649 1 0.117866 -0.00621673
584.2 0.1117 1 0.120225 -0.00852547
584.65 0.11675 1 0.122606 -0.00585618
585.1 0.117801 1 0.125009 -0.00720829
585.55 0.119851 1 0.127432 -0.00758122
586 0.122902 1 0.129876 -0.00697435
586.45 0.123952 1 0.132339 -0.00838707
586.9 0.129002 1 0.134821 -0.00581871
587.35 0.128052 1 0.137321 -0.00926859
587.8 0.132102 1 0.139838 -0.00773602
588.25 0.136152 1 0.142373 -0.00622025
588.71 0.137203 1 0.14498 -0.00777628
589.16 0.139253 1 0.147546 -0.00829218
589.61 0.144303 1 0.150126 -0.00582256
590.06 0.145353 1 0.15272 -0.00736658
590.51 0.148403 1 0.155326 -0.0069234
590.96 0.151452 1 0.157945 -0.00649215
591.41 0.153502 1 0.160574 -0.00707196
591.86 0.155551 1 0.163213 -0.0076619
592.31 0.159601 1 0.165862 -0.00626105
592.76 0.16165 1 0.168519 -0.00686845
593.21 0.1657 1 0.171183 -0.00548313
593.66 0.167749 1 0.173853 -0.00610411
594.11 0.170798 1 0.176529 -0.00573038
594.56 0.173847 1 0.179208 -0.00536089
595.01 0.175896 1 0.181891 -0.00599462
595.46 0.179945 1 0.184576 -0.00463049
595.91 0.184994 1 0.187262 -0.00226743
596.36 0.187043 1 0.189948 -0.00290435
596.81 0.190092 1 0.192632 -0.00254013
597.26 0.191141 1 0.195314 -0.00417366
597.71 0.196189 1 0.197993 -0.00180379
598.16 0.198238 1 0.200667 -0.00242939
598.61 0.198286 1 0.203336 -0.00504929
599.06 0.204335 1 0.205997 -0.00166233
599.51 0.206383 1 0.208651 -0.00226733
599.96 0.211432 1 0.211295 0.000136886
600.41 0.21348 1 0.213928 -0.000448486
600.86 0.214528 1 0.21655 -0.00202225
601.31 0.217576 1 0.219159 -0.00158322
601.76 0.225624 1 0.221754 0.00386981
602.21 0.223672 1 0.224334 -0.000661958
602.65 0.225719 1 0.226841 -0.00112162
603.1 0.228767 1 0.229386 -0.000619793
603.55 0.232814 1 0.231914 0.000900791
604 0.235862 1 0.234421 0.00144132
604.45 0.24091 1 0.236907 0.00400298
604.9 0.242957 1 0.23937 0.00358693
605.35 0.244005 1 0.24181 0.00219432
605.8 0.248052 1 0.244226 0.00382631
606.25 0.252099 1 0.246615 0.00548402
606.7 0.254146 1 0.248978 0.00516854
607.15 0.255194 1 0.251313 0.00388097
607.6 0.256241 1 0.253618 0.00262237
608.05 0.261288 1 0.255894 0.00539377
608.5 0.262335 1 0.258138 0.00419618
608.95 0.265381 1 0.260351 0.00503056
609.39 0.268427 1 0.262482 0.00594489
609.84 0.269474 1 0.264629 0.00484524
610.29 0.27052 1 0.26674 0.00378024
610.74 0.272567 1 0.268816 0.00375069
611.19 0.275613 1 0.270856 0.00475735
611.64 0.27866 1 0.272859 0.00580094
612.09 0.278706 1 0.274824 0.00388209
612.54 0.280752 1 0.276751 0.0040014
612.99 0.278798 1 0.278639 0.00015939
613.44 0.279844 1 0.280488 -0.000643501
613.88 0.282889 1 0.282257 0.000631861
614.33 0.283935 1 0.284028 -9.26297e-05
614.78 0.286981 1 0.285758 0.00122287
615.23 0.287027 1 0.287448 -0.000421512
615.68 0.286072 1 0.289098 -0.00302576
616.13 0.288118 1 0.290708 -0.00258995
616.58 0.289163 1 0.292278 -0.00311428
617.03 0.291209 1 0.293808 -0.00259902
617.47 0.289253 1 0.295266 -0.00601291
617.92 0.294298 1 0.296719 -0.00242073
618.37 0.292343 1 0.298134 -0.00579058
618.82 0.294388 1 0.299512 -0.00512327
619.27 0.295433 1 0.300853 -0.00541974
619.72 0.293478 1 0.302159 -0.00868108
620.17 0.296523 1 0.303432 -0.00690853
620.61 0.295567 1 0.304644 -0.00907729
621.06 0.297611 1 0.305853 -0.00824201
621.51 0.299656 1 0.307033 -0.00737751
621.96 0.2987 1 0.308186 -0.0094857
622.41 0.298745 1 0.309313 -0.0105687
622.86 0.300789 1 0.310418 -0.00962867
623.3 0.299832 1 0.311477 -0.0116453
623.75 0.301876 1 0.312544 -0.0106673
624.2 0.30492 1 0.313595 -0.00867427
624.65 0.303964 1 0.314633 -0.0106692
625.1 0.305008 1 0.315663 -0.0106553
625.54 0.307051 1 0.316665 -0.00961438
625.99 0.307094 1 0.317688 -0.0105935
626.44 0.311138 1 0.318713 -0.00757459
626.89 0.310182 1 0.319743 -0.0095618
627.34 0.312225 1 0.320784 -0.00855933
627.78 0.315267 1 0.321816 -0.00654892
628.23 0.31631 1 0.322891 -0.00658008
628.68 0.316354 1 0.323989 -0.0076353
629.13 0.317397 1 0.325116 -0.00771957
629.58 0.32044 1 0.326278 -0.00583802
630.02 0.321481 1 0.327451 -0.00596977
630.47 0.323524 1 0.328696 -0.00517161
630.92 0.326567 1 0.329991 -0.00342388
631.37 0.325609 1 0.331342 -0.00573228
631.81 0.330651 1 0.332722 -0.00207147
632.26 0.332693 1 0.334201 -0.00150812
632.71 0.335736 1 0.335754 -1.84946e-05
633.16 0.337778 1 0.337386 0.000391377
633.61 0.34182 1 0.339104 0.00271543
634.05 0.345861 1 0.340873 0.00498792
634.5 0.345903 1 0.342778 0.00312439
634.95 0.349945 1 0.344787 0.00515704
635.4 0.353986 1 0.346906 0.00707996
635.84 0.357027 1 0.34909 0.00793732
636.29 0.359068 1 0.351442 0.00762614
636.74 0.36311 1 0.353922 0.00918829
637.18 0.36615 1 0.356473 0.00967702
637.63 0.370191 1 0.359218 0.0109732
638.08 0.372233 1 0.362105 0.0101275
638.53 0.378274 1 0.365138 0.0131354
638.97 0.382314 1 0.368249 0.0140644
639.42 0.385354 1 0.371584 0.0137709
639.87 0.388395 1 0.375075 0.0133198
640.32 0.395436 1 0.378728 0.0167081
640.76 0.399475 1 0.382456 0.017019
641.21 0.402516 1 0.386433 0.0160829
641.66 0.407556 1 0.390576 0.0169805
642.1 0.411595 1 0.394788 0.0168078
642.55 0.416636 1 0.399261 0.0173749
643 0.420676 1 0.4039 0.0167752
643.44 0.425715 1 0.408597 0.0171178
643.89 0.432754 1 0.413562 0.0191927
644.34 0.436794 1 0.418687 0.0181068
644.79 0.438834 1 0.42397 0.0148634
645.23 0.447872 1 0.429284 0.0185883
645.68 0.451912 1 0.434865 0.0170467
646.13 0.456951 1 0.440588 0.0163628
646.57 0.461989 1 0.446315 0.015674
647.02 0.469028 1 0.452299 0.0167291
647.47 0.474067 1 0.458403 0.0156644
647.91 0.478105 1 0.464478 0.0136275
648.36 0.483144 1 0.47079 0.0123538
648.81 0.491183 1 0.477192 0.0139905
649.25 0.490221 1 0.483528 0.00669299
649.7 0.495259 1 0.490072 0.00518752
650.15 0.503297 1 0.496668 0.0066297
650.59 0.511335 1 0.503154 0.0081805
651.04 0.515373 1 0.509812 0.00556133
651.48 0.51841 1 0.516329 0.00208114
651.93 0.522448 1 0.522987 -0.000538792
652.38 0.524486 1 0.52962 -0.0051345
652.82 0.532523 1 0.536066 -0.00354364
653.27 0.53756 1 0.5426 -0.00504009
653.72 0.545598 1 0.549057 -0.00345949
654.16 0.547634 1 0.555278 -0.00764392
654.61 0.550672 1 0.561528 -0.010856
655.06 0.554709 1 0.567644 -0.0129349
655.5 0.559745 1 0.573476 -0.0137316
655.95 0.560782 1 0.579272 -0.0184904
656.39 0.566818 1 0.584755 -0.0179371
656.84 0.573855 1 0.590155 -0.0163004
657.29 0.573891 1 0.595326 -0.0214351
657.73 0.578927 1 0.600143 -0.0212167
658.18 0.585963 1 0.604807 -0.0188442
658.62 0.589999 1 0.609093 -0.0190947
659.07 0.591035 1 0.613179 -0.022144
659.52 0.593071 1 0.616946 -0.0238754
659.96 0.599106 1 0.620306 -0.0212004
660.41 0.603142 1 0.623397 -0.020255
660.85 0.602177 1 0.626066 -0.023889
661.3 0.609212 1 0.628421 -0.0192084
661.74 0.611247 1 0.630344 -0.0190975
662.19 0.613282 1 0.631913 -0.0186304
662.64 0.615317 1 0.633066 -0.0177486
663.08 0.620352 1 0.633783 -0.0134313
663.53 0.617387 1 0.634088 -0.016701
663.97 0.620421 1 0.633959 -0.0135385
664.42 0.621456 1 0.633386 -0.01193
664.86 0.623489 1 0.632387 -0.00889799
665.31 0.623524 1 0.630916 -0.00739167
665.75 0.621558 1 0.629033 -0.00747575
666.2 0.618592 1 0.626654 -0.00806208
666.65 0.623626 1 0.623816 -0.000189381
667.09 0.619659 1 0.620598 -0.000938265
667.54 0.619693 1 0.616857 0.00283609
667.98 0.617726 1 0.612765 0.0049618
668.43 0.61976 1 0.608139 0.0116208
668.87 0.609793 1 0.603194 0.00659943
669.32 0.608826 1 0.597711 0.0111158
669.76 0.606859 1 0.591943 0.0149158
670.21 0.598892 1 0.58564 0.0132526
670.65 0.592925 1 0.579091 0.0138332
671.1 0.593958 1 0.572013 0.0219441
671.54 0.58199 1 0.564734 0.0172559
671.99 0.576022 1 0.556936 0.0190865
672.43 0.567054 1 0.548982 0.0180726
672.88 0.561087 1 0.540526 0.0205609
673.32 0.554118 1 0.531961 0.0221576
673.77 0.544151 1 0.522915 0.0212356
674.21 0.537182 1 0.513808 0.0233737
674.66 0.526214 1 0.504246 0.0219682
675.1 0.517245 1 0.494671 0.0225739
675.55 0.504277 1 0.484669 0.0196079
675.99 0.495308 1 0.474703 0.0206046
676.44 0.483339 1 0.464341 0.0189984
676.88 0.47137 1 0.454062 0.0173076
677.33 0.463401 1 0.443421 0.0199803
677.77 0.448432 1 0.432909 0.0155226
678.22 0.435462 1 0.422069 0.0133934
678.66 0.426493 1 0.411403 0.0150901
679.11 0.411523 1 0.400444 0.0110792
679.55 0.400553 1 0.3897 0.0108534
679.99 0.385583 1 0.378945 0.00663831
680.44 0.371613 1 0.367953 0.00366087
680.88 0.360643 1 0.357229 0.00341363
681.33 0.348673 1 0.346305 0.00236781
681.77 0.335702 1 0.335682 2.00973e-05
682.22 0.323732 1 0.324894 -0.0011616
682.66 0.310761 1 0.314434 -0.00367323
683.11 0.299791 1 0.303844 -0.00405295
683.55 0.285819 1 0.293606 -0.00778644
683.99 0.276848 1 0.283497 -0.00664919
684.44 0.265877 1 0.273305 -0.00742766
684.88 0.255906 1 0.263493 -0.00758752
685.33 0.242935 1 0.253627 -0.0106924
685.77 0.233963 1 0.244154 -0.0101917
686.21 0.224991 1 0.234863 -0.0098724
686.66 0.211019 1 0.225557 -0.0145373
687.1 0.204047 1 0.216655 -0.0126084
687.55 0.193075 1 0.207762 -0.0146866
687.99 0.184103 1 0.199277 -0.0151741
688.44 0.176131 1 0.19082 -0.0146888
688.88 0.168158 1 0.18277 -0.0146121
689.32 0.159185 1 0.174941 -0.0157561
689.77 0.149213 1 0.167165 -0.0179525
690.21 0.147239 1 0.15979 -0.0125501
690.65 0.139266 1 0.15264 -0.0133742
691.1 0.131293 1 0.145563 -0.0142699
691.54 0.12132 1 0.138873 -0.0175529
691.99 0.117347 1 0.132264 -0.0149174
692.43 0.111373 1 0.12603 -0.014657
692.87 0.105399 1 0.120019 -0.01462
693.32 0.0964252 1 0.1141 -0.0176746
693.76 0.094451 1 0.108533 -0.0140824
694.2 0.0894766 1 0.103182 -0.0137058
694.65 0.0865026 1 0.097929 -0.0114263
695.09 0.081528 1 0.0930029 -0.0114749
695.53 0.0755532 1 0.088281 -0.0127278
695.98 0.0715789 1 0.0836584 -0.0120795
696.42 0.0666038 1 0.0793359 -0.0127321
696.86 0.0636286 1 0.0752037 -0.0115751
697.31 0.0606538 1 0.0711692 -0.0105154
697.75 0.0566784 1 0.0674065 -0.0107282
698.19 0.0507027 1 0.0638187 -0.0131159
698.64 0.0507276 1 0.0603245 -0.00959694
699.08 0.0507517 1 0.0570737 -0.00632206
699.52 0.0457756 1 0.0539813 -0.00820569
699.97 0.0438 1 0.0509767 -0.00717668
700.41 0.0408237 1 0.0481877 -0.00736402
700.85 0.0398473 1 0.0455404 -0.00569315
701.3 0.0338712 1 0.0429738 -0.00910253
701.74 0.0298945 1 0.0405962 -0.0107017
702.18 0.0329176 1 0.0383439 -0.00542629
702.63 0.0289412 1 0.0361644 -0.00722327
703.07 0.024964 1 0.0341493 -0.00918526
703.51 0.0259867 1 0.0322436 -0.00625685
703.96 0.0250098 1 0.0304026 -0.00539277
704.4 0.0230322 1 0.0287031 -0.0056709
704.84 0.0210545 1 0.0270984 -0.00604388
705.28 0.0200767 1 0.0255838 -0.0055071
705.73 0.0200992 1 0.0241232 -0.00402407
706.17 0.016121 1 0.0227773 -0.00665628
706.61 0.0141427 1 0.0215084 -0.00736564
707.06 0.0161648 1 0.020286 -0.00412125
707.5 0.0161862 1 0.0191607 -0.00297446
707.94 0.0122075 1 0.0181006 -0.00589308
708.38 0.0122286 1 0.0171022 -0.00487352
708.83 0.0132501 1 0.0161413 -0.00289116
709.27 0.011271 1 0.0152573 -0.00398633
709.71 0.00829166 1 0.0144251 -0.00613341
710.15 0.0103122 1 0.0136416 -0.00332942
710.6 0.00933309 1 0.0128879 -0.00355481
711.04 0.00635335 1 0.0121946 -0.00584125
711.48 0.00837347 1 0.0115419 -0.00316846
711.92 0.00639344 1 0.0109274 -0.00453401
712.37 0.00541371 1 0.0103361 -0.0049224
712.81 0.00243338 1 0.00979196 -0.00735858
713.25 0.0044529 1 0.00927942 -0.00482652
713.69 0.00647228 1 0.00879655 -0.00232427
714.13 0.000491507 1 0.00834151 -0.00785001
714.58 -0.00148898 1 0.00790313 -0.00939211
715.02 0.00252995 1 0.00749924 -0.00496929
715.46 -0.000451274 1 0.00711828 -0.00756956
715.9 0.00256736 1 0.00675883 -0.00419147
716.35 0.00158626 1 0.00641205 -0.00482579
716.79 0.000604582 1 0.00609207 -0.00548749
717.23 0.00362276 1 0.00578979 -0.00216703
717.67 0.00264079 1 0.00550411 -0.00286333
718.11 0.000658662 1 0.005234 -0.00457534
718.56 0.000676788 1 0.00497284 -0.00429605
719 -0.00130564 1 0.00473133 -0.00603697
719.44 0.00171178 1 0.00450265 -0.00279087
719.88 0.000729042 1 0.00428603 -0.00355699
720.32 0.00174616 1 0.00408073 -0.00233457
720.76 0.000763117 1 0.00388606 -0.00312295
721.21 -0.000219694 1 0.00369731 -0.00391701
721.65 -0.00120304 1 0.00352226 -0.0047253
722.09 -0.00118654 1 0.00335604 -0.00454259
722.53 -0.0021702 1 0.00319815 -0.00536835
722.97 0.000845989 1 0.00304809 -0.0022021
723.41 -0.00213798 1 0.00290542 -0.0050434
723.86 -0.00112174 1 0.00276672 -0.00388846
724.3 0.00189399 1 0.00263775 -0.000743763
724.74 0.000909552 1 0.00251498 -0.00160543
725.18 -7.50369e-05 1 0.00239808 -0.00247312
725.62 0.000940218 1 0.00228673 -0.00134651
726.06 0.000955316 1 0.00218063 -0.00122531
726.5 -2.97424e-05 1 0.0020795 -0.00210924
726.95 -0.00101462 1 0.00198094 -0.00299557
727.39 0 1 0.0018891 -0.0018891
727.83 0.00101447 1 0.00180149 -0.00078702
728.27 2.8776e-05 1 0.0017179 -0.00168912
728.71 4.29302e-05 1 0.00163814 -0.00159521
729.15 5.693e-05 1 0.00156201 -0.00150508
729.59 7.07763e-05 1 0.00148934 -0.00141856
730.03 0.00208447 1 0.00141996 0.000664513
730.48 0.00209832 1 0.00135224 0.000746076
730.92 -0.00188829 1 0.00128905 -0.00317734
731.36 -0.000875052 1 0.00122871 -0.00210376
731.8 -0.00086196 1 0.00117107 -0.00203303
732.24 0.00115098 1 0.00111603 3.49564e-05
732.68 0.00216378 1 0.00106345 0.00110033
733.12 0.00117644 1 0.00101324 0.000163198
733.56 0.000188947 1 0.000965277 -0.000776331
734 0.00120131 1 0.000919469 0.000281845
734.44 0.00121354 1 0.000875718 0.000337821
734.89 0.0012259 1 0.000833007 0.000392889
735.33 0.00323784 1 0.000793146 0.00244469
735.77 0.00424964 1 0.000755081 0.00349456
736.21 0.00126131 1 0.000718735 0.000542571
736.65 0.00327284 1 0.000684033 0.0025888
737.09 0.000284228 1 0.000650904 -0.000366675
737.53 0.00429549 1 0.000619279 0.00367621
737.97 0.00330661 1 0.000589094 0.00271752
738.41 0.00231761 1 0.000560288 0.00175732
738.85 0.00332847 1 0.000532799 0.00279567
739.29 0.0043392 1 0.000506572 0.00383263
739.73 0.000349803 1 0.000481553 -0.000131749
740.17 0.00136028 1 0.000457688 0.00090259
740.61 0.00237063 1 0.000434929 0.0019357
741.05 0.00138085 1 0.000413227 0.000967621
741.49 0.00239094 1 0.000392537 0.00199841
741.93 0.00240092 1 0.000372815 0.0020281
742.37 0.00241077 1 0.000354019 0.00205675
742.81 0.000420496 1 0.000336108 8.43883e-05
743.26 0.00243032 1 0.000318665 0.00211166
743.7 0.00143981 1 0.000302428 0.00113738
744.14 0.00244917 1 0.000286965 0.00216221
744.58 0.00345842 1 0.000272241 0.00318618
745.02 0.00146755 1 0.000258223 0.00120933
745.46 0.00547657 1 0.00024488 0.00523169
745.9 0.00148547 1 0.000232182 0.00125329
746.34 0.00349426 1 0.000220101 0.00327416
746.78 0.00250294 1 0.000208608 0.00229433
747.22 0.00251151 1 0.000197676 0.00231383
747.66 0.00251996 1 0.000187282 0.00233268
748.1 0.00152831 1 0.0001774 0.00135091
748.54 0.00353655 1 0.000168006 0.00336854
748.98 0.000544681 1 0.000159079 0.000385602
749.42 0.00655271 1 0.000150597 0.00640211
749.86 0.00456063 1 0.000142539 0.00441809
750.29 0.00356827 1 0.000135056 0.00343321
750.73 0.00457599 1 0.00012778 0.0044482
751.17 0.0035836 1 0.000120873 0.00346273
751.61 0.00259111 1 0.000114317 0.0024768
752.05 0.00359853 1 0.000108095 0.00349043
752.49 0.00160585 1 0.000102192 0.00150365
752.93 0.00161306 1 9.65919e-05 0.00151647
753.37 0.00162019 1 9.1281e-05 0.0015289
753.81 0.00462721 1 8.62451e-05 0.00454097
754.25 0.000634145 1 8.1471e-05 0.000552674
754.69 0.00164098 1 7.6946e-05 0.00156404
755.13 0.00364773 1 7.26581e-05 0.00357507
755.57 0.00165439 1 6.85956e-05 0.00158579
756.01 0.00166095 1 6.47474e-05 0.0015962
756.45 0.00366743 1 6.11032e-05 0.00360632
756.89 0.00567381 1 5.76526e-05 0.00561616
757.33 0.00368012 1 5.43862e-05 0.00362573
757.77 -0.000313669 1 5.12948e-05 -0.000364964
758.21 0.00269246 1 4.83695e-05 0.00264409
758.64 0.00169837 1 4.56632e-05 0.00165271
759.08 0.00170434 1 4.30423e-05 0.00166129
759.52 0.00171022 1 4.05639e-05 0.00166966
759.96 0.00171602 1 3.82206e-05 0.0016778
760.4 0.000721746 1 3.60055e-05 0.00068574
760.84 0.00372739 1 3.39122e-05 0.00369348
761.28 0.00273296 1 3.19342e-05 0.00270102
761.72 0.000738448 1 3.00657e-05 0.000708382
762.16 0.00174386 1 2.83009e-05 0.00171556
762.6 -0.000250796 1 2.66344e-05 -0.00027743
763.03 0.00175435 1 2.50959e-05 0.00172926
763.47 0.000759549 1 2.3609e-05 0.00073594
763.91 0.00576467 1 2.22057e-05 0.00574247
764.35 0.00176973 1 2.08818e-05 0.00174885
764.79 0.00277472 1 1.96329e-05 0.00275508
765.23 0.00177963 1 1.84551e-05 0.00176118
765.67 0.00478449 1 1.73444e-05 0.00476714
766.11 0.00178927 1 1.62975e-05 0.00177297
766.54 -0.00220612 1 1.53324e-05 -0.00222145
766.98 -0.000201459 1 1.44013e-05 -0.00021586
767.42 0.00180314 1 1.3524e-05 0.00178961
767.86 0.00180767 1 1.26977e-05 0.00179497
768.3 0.000812141 1 1.19194e-05 0.000800222
768.74 0.00281655 1 1.11867e-05 0.00280537
769.17 0.00282081 1 1.05122e-05 0.0028103
769.61 0.00382511 1 9.86213e-06 0.00381524
770.05 0.000829348 1 9.25043e-06 0.000820097
770.49 0.00183353 1 8.67497e-06 0.00182486
770.93 0.00583766 1 8.1337e-06 0.00582953
771.37 0.00384174 1 7.62469e-06 0.00383412
771.8 0.00284568 1 7.15668e-06 0.00283852
772.24 0.00484965 1 6.7062e-06 0.00484295
772.68 0.00285358 1 6.28283e-06 0.00284729
773.12 0.00285745 1 5.88503e-06 0.00285157
773.56 0.00586128 1 5.51132e-06 0.00585577
774 0.00386506 1 5.16033e-06 0.0038599
774.43 0.00086871 1 4.838e-06 0.000863872
774.87 0.0018724 1 4.52812e-06 0.00186787
775.31 -0.000123953 1 4.23725e-06 -0.00012819
775.75 0.00287965 1 3.96429e-06 0.00287569
776.19 0.00288321 1 3.70817e-06 0.0028795
776.62 0.00188665 1 3.47321e-06 0.00188318
777.06 0.000890135 1 3.24755e-06 0.000886887
777.5 -0.000106422 1 3.03596e-06 -0.000109458
777.94 0.00189698 1 2.83759e-06 0.00189415
778.37 -9.97235e-05 1 2.65575e-06 -0.000102379
778.81 0.00190361 1 2.48126e-06 0.00190113
779.25 0.00290691 1 2.31777e-06 0.00290459
779.69 0.00291018 1 2.16463e-06 0.00290801
780.13 -0.00108659 1 2.0212e-06 -0.00108861
780.56 0.00291654 1 1.88986e-06 0.00291465
781 0.00191971 1 1.76396e-06 0.00191795
781.44 0.000922856 1 1.64611e-06 0.00092121
781.88 0.00392597 1 1.53584e-06 0.00392444
782.31 0.00592899 1 1.43494e-06 0.00592755
782.75 0.00293205 1 1.33829e-06 0.00293071
783.19 0.000935089 1 1.2479e-06 0.000933841
783.63 0.0019381 1 1.16339e-06 0.00193694
784.06 -0.00105898 1 1.08612e-06 -0.00106006
784.5 -5.6007e-05 1 1.01217e-06 -5.70192e-05
784.94 0.00194694 1 9.43067e-07 0.001946
785.37 0.0039498 1 8.79928e-07 0.00394892
785.81 0.00295271 1 8.19534e-07 0.00295189
786.25 0.000955604 1 7.63134e-07 0.000954841
786.69 0.00495848 1 7.10476e-07 0.00495777
787.12 0.00396127 1 6.624e-07 0.00396061
787.56 0.000964118 1 6.16452e-07 0.000963502
788 0.00196695 1 5.73577e-07 0.00196638
788.43 0.000969705 1 5.34458e-07 0.00096917
788.87 0.000972512 1 4.97092e-07 0.000972015
789.31 0.00397531 1 4.62248e-07 0.00397485
789.75 0.0019781 1 4.29761e-07 0.00197767
790.18 0.00398081 1 4.00143e-07 0.00398041
790.62 -1.64139e-05 1 3.71875e-07 -1.67858e-05
791.06 -1.36479e-05 1 3.45536e-07 -1.39934e-05
791.49 0.00098905 1 3.21538e-07 0.000988729
791.93 0.00199181 1 2.98648e-07 0.00199151
792.37 0.00199456 1 2.77333e-07 0.00199428
792.8 0.00299725 1 2.57923e-07 0.00299699
793.24 0 1 2.39421e-07 -2.39421e-07
793.68 0.00100275 1 2.22202e-07 0.00100253
794.11 -0.00299456 1 2.06532e-07 -0.00299477
794.55 0.00200819 1 1.91604e-07 0.002008
794.99 0.00401095 1 1.77719e-07 0.00401077
795.42 -0.00198635 1 1.65091e-07 -0.00198652
795.86 0.00301641 1 1.53068e-07 0.00301626
796.3 0.00201919 1 1.41893e-07 0.00201904
796.73 0.0040219 1 1.31735e-07 0.00402177
797.17 0.00302469 1 1.2207e-07 0.00302457
797.61 0.00302749 1 1.13091e-07 0.00302737
798.04 3.02313e-05 1 1.04935e-07 3.01264e-05
798.48 0.00203305 1 9.71782e-08 0.00203295
798.91 0.00103582 1 9.01351e-08 0.00103573
799.35 0.00403866 1 8.34401e-08 0.00403858
799.79 0.00104152 1 7.72271e-08 0.00104144
800.22 -0.000955669 1 7.15889e-08 -0.000955741
800.66 0.00104722 1 6.62325e-08 0.00104716
801.1 0.00205013 1 6.12648e-08 0.00205007
