500.34 0.00125038 1 6.33598e-05 0.00118702
500.8 -0.00164154 1 6.71861e-05 -0.00170872
501.25 0.000464203 1 7.1138e-05 0.000393065
501.71 -0.000427703 1 7.54021e-05 -0.000503105
502.17 0.0016804 1 7.99048e-05 0.00160049
502.62 0.00178615 1 8.45522e-05 0.00170159
503.08 0.000894247 1 8.95634e-05 0.000804684
503.53 0 1 9.47333e-05 -9.47333e-05
503.99 -0.000891897 1 0.000100306 -0.000992203
504.44 0.000213854 1 0.000106052 0.000107803
504.9 -0.000678045 1 0.000112242 -0.000790288
505.36 -0.00156995 1 0.000118769 -0.00168872
505.81 -0.0014642 1 0.000125494 -0.0015897
506.27 -0.00135611 1 0.000132735 -0.00148885
506.72 0.000749624 1 0.000140194 0.00060943
507.18 -0.000142296 1 0.00014822 -0.000290516
507.63 -0.00303657 1 0.000156484 -0.00319306
508.09 7.14954e-05 1 0.000165373 -9.38779e-05
508.54 0.000177205 1 0.000174521 2.68361e-06
509 -0.000714745 1 0.000184357 -0.000899102
509.45 0.00139095 1 0.000194475 0.00119647
509.91 0.000498977 1 0.000205349 0.000293628
510.36 0.000604648 1 0.000216529 0.000388119
510.82 -0.00128735 1 0.000228539 -0.00151588
511.27 0.000818301 1 0.000240882 0.000577419
511.73 0.00392628 1 0.000254135 0.00367215
512.19 0.00103425 1 0.000268061 0.000766188
512.64 0.000139853 1 0.000282363 -0.00014251
513.1 -0.000752212 1 0.000297709 -0.00104992
513.55 0.00035336 1 0.000313463 3.98974e-05
514.01 0.00146126 1 0.000330359 0.0011309
514.46 0.0015668 1 0.000347698 0.0012191
514.92 -0.000325338 1 0.000366285 -0.000691622
515.37 0.00178016 1 0.000385349 0.00139481
515.83 0.00188798 1 0.000405777 0.00148221
516.28 -6.55748e-06 1 0.000426721 -0.000433278
516.73 0.00109888 1 0.000448653 0.000650226
517.19 0.00120664 1 0.000472139 0.000734497
517.64 0.000312026 1 0.0004962 -0.000184174
518.1 0.00141973 1 0.000521954 0.00089778
518.55 0.00152508 1 0.000548328 0.000976747
519.01 0.00163273 1 0.000576544 0.00105619
519.46 0.00273802 1 0.000605425 0.0021326
519.92 0.000845622 1 0.00063631 0.000209312
520.37 0.000950856 1 0.000667909 0.000282947
520.83 0.0020584 1 0.000701685 0.00135672
521.28 0.00116358 1 0.000736226 0.00042735
521.74 0.000271057 1 0.000773129 -0.000502072
522.19 0.00137617 1 0.000810852 0.00056532
522.65 -0.00151641 1 0.000851136 -0.00236755
523.1 0.00258864 1 0.000892296 0.00169634
523.55 0.000693656 1 0.000935255 -0.000241599
524.01 -0.000199029 1 0.000981099 -0.00118013
524.46 0.000905919 1 0.00102791 -0.00012199
524.92 -0.000986838 1 0.00107784 -0.00206468
525.37 0.000118037 1 0.0011288 -0.00101076
525.83 0.0032252 1 0.00118313 0.00204208
526.28 0.00233 1 0.00123855 0.00109145
526.73 0.00143477 1 0.00129631 0.00013846
527.19 0.000541814 1 0.00135784 -0.000816027
527.64 0.00264649 1 0.00142057 0.00122592
528.1 0.00375346 1 0.00148738 0.00226608
528.55 0.00385806 1 0.00155545 0.00230261
529.01 0.00596494 1 0.00162791 0.00433703
529.46 6.94481e-05 1 0.0017017 -0.00163225
529.91 0.00217392 1 0.00177848 0.000395434
530.37 0.00228066 1 0.00186016 0.000420503
530.82 0.00438504 1 0.00194328 0.00244175
531.28 0.00349168 1 0.00203166 0.00146002
531.73 0.00359597 1 0.00212158 0.00147439
532.18 0.0037002 1 0.00221501 0.00148519
532.64 0.0038067 1 0.00231429 0.00149241
533.09 0.00291084 1 0.00241522 0.00049562
533.54 0.00601493 1 0.00252003 0.00349489
534 0.00512127 1 0.00263132 0.00248995
534.45 0.00422526 1 0.00274437 0.00148088
534.91 0.0053315 1 0.00286436 0.00246714
535.36 0.00543537 1 0.00298619 0.00244918
535.81 0.00753919 1 0.00311257 0.00442663
536.27 0.00764527 1 0.0032466 0.00439867
536.72 0.00774898 1 0.0033826 0.00436638
537.17 0.00785264 1 0.00352357 0.00432906
537.63 0.00695854 1 0.00367298 0.00328556
538.08 0.00806207 1 0.00382448 0.0042376
538.54 0.00616786 1 0.00398496 0.0021829
538.99 0.00927128 1 0.0041476 0.00512367
539.44 0.00837464 1 0.00431601 0.00405863
539.9 0.00848023 1 0.00449427 0.00398596
540.35 0.00858347 1 0.00467482 0.00390865
540.8 0.0106866 1 0.00486162 0.00582502
541.26 0.00879205 1 0.00505923 0.00373282
541.71 0.0108951 1 0.00525922 0.00563587
542.16 0.00999808 1 0.005466 0.00453208
542.62 0.0111033 1 0.00568457 0.00541871
543.07 0.0112061 1 0.00590563 0.0053005
543.52 0.00930891 1 0.00613403 0.00317488
543.98 0.0114139 1 0.00637529 0.00503861
544.43 0.0125166 1 0.00661912 0.00589743
544.88 0.0126191 1 0.00687087 0.00574826
545.34 0.0147239 1 0.0071366 0.00758731
545.79 0.0148263 1 0.00740497 0.00742138
546.24 0.0139287 1 0.00768185 0.00624686
546.69 0.013031 1 0.00796746 0.00506354
547.15 0.0151355 1 0.00826865 0.00686684
547.6 0.0162376 1 0.00857253 0.0076651
548.05 0.0153397 1 0.00888576 0.00645393
548.51 0.016444 1 0.00921584 0.00722811
548.96 0.0155459 1 0.00954863 0.00599724
549.41 0.0176477 1 0.00989141 0.0077563
549.86 0.0167495 1 0.0102444 0.00650506
550.32 0.0168534 1 0.010616 0.00623739
550.77 0.017955 1 0.0109903 0.00696468
551.22 0.0180565 1 0.0113755 0.00668103
551.68 0.0191602 1 0.0117807 0.00737952
552.13 0.0192616 1 0.0121885 0.00707304
552.58 0.0203629 1 0.0126079 0.00775494
553.03 0.020464 1 0.013039 0.007425
553.49 0.0195674 1 0.0134922 0.00607524
553.94 0.0226684 1 0.0139478 0.00872066
554.39 0.0237694 1 0.0144158 0.00935355
554.84 0.0228702 1 0.0148965 0.0079737
555.3 0.0229732 1 0.0154012 0.007572
555.75 0.0260739 1 0.0159082 0.0101657
556.2 0.0231745 1 0.0164285 0.00674598
556.65 0.025275 1 0.0169624 0.00831261
557.11 0.0273776 1 0.0175223 0.0098553
557.56 0.0254779 1 0.0180842 0.00739369
558.01 0.0275781 1 0.0186604 0.00891779
558.46 0.0276783 1 0.0192509 0.00842738
558.92 0.0267805 1 0.0198697 0.00691085
559.37 0.0308805 1 0.02049 0.0103905
559.82 0.0299803 1 0.0211254 0.00885492
560.27 0.0310801 1 0.021776 0.00930404
560.72 0.0301797 1 0.0224421 0.00773761
561.18 0.0282815 1 0.0231392 0.00514232
561.63 0.029381 1 0.0238371 0.00554386
562.08 0.0324803 1 0.0245511 0.00792928
562.53 0.0335796 1 0.0252812 0.00829838
562.99 0.036681 1 0.0260446 0.0106364
563.44 0.03378 1 0.026808 0.00697198
563.89 0.033879 1 0.0275883 0.00629071
564.34 0.0349779 1 0.0283854 0.00659244
564.79 0.0350766 1 0.0291996 0.005877
565.25 0.0371774 1 0.0300497 0.00712777
565.7 0.039276 1 0.0308988 0.00837716
566.15 0.0403744 1 0.0317655 0.00860895
566.6 0.0394728 1 0.0326498 0.00682301
567.05 0.040571 1 0.0335518 0.0070192
567.5 0.0416691 1 0.0344717 0.00719742
567.96 0.0417693 1 0.0354306 0.00633868
568.41 0.0428672 1 0.036387 0.00648022
568.86 0.042965 1 0.0373615 0.00560347
569.31 0.0440627 1 0.0383543 0.00570835
569.76 0.0441602 1 0.0393655 0.0047948
570.21 0.0432577 1 0.040395 0.00286273
570.67 0.0463572 1 0.0414664 0.00489077
571.12 0.0464544 1 0.0425333 0.00392113
571.57 0.0475516 1 0.0436187 0.00393284
572.02 0.0496486 1 0.0447227 0.00492589
572.47 0.0487454 1 0.0458452 0.00290025
572.92 0.0508422 1 0.0469863 0.00385594
573.37 0.0519389 1 0.0481459 0.00379295
573.83 0.0510375 1 0.0493505 0.00168706
574.28 0.0521339 1 0.0505475 0.0015864
574.73 0.0532302 1 0.0517631 0.00146716
575.18 0.0543264 1 0.052997 0.00132941
575.63 0.0554225 1 0.0542492 0.00117322
576.08 0.0555184 1 0.0555197 -1.32546e-06
576.53 0.0586142 1 0.0568083 0.00180587
576.98 0.0587099 1 0.0581149 0.000594923
577.44 0.0608075 1 0.0594691 0.00133844
577.89 0.061903 1 0.0608118 0.00109119
578.34 0.0629983 1 0.0621721 0.00082622
578.79 0.0620935 1 0.0635498 -0.00145631
579.24 0.0661885 1 0.0649447 0.00124379
579.69 0.0642834 1 0.0663567 -0.00207329
580.14 0.0673782 1 0.0677856 -0.000407338
580.59 0.0674729 1 0.069231 -0.00175812
581.04 0.0665674 1 0.0706928 -0.0041254
581.49 0.0686618 1 0.0721707 -0.00350891
581.95 0.0707582 1 0.0736979 -0.00293967
582.4 0.0718523 1 0.0752075 -0.00335517
582.85 0.0729463 1 0.0767324 -0.00378603
583.3 0.0750402 1 0.0782721 -0.00323194
583.75 0.0781339 1 0.0798265 -0.00169256
584.2 0.0762275 1 0.0813951 -0.00516753
584.65 0.079321 1 0.0829775 -0.00365649
585.1 0.0814143 1 0.0845734 -0.00315906
585.55 0.0825075 1 0.0861823 -0.00367484
586 0.0836005 1 0.0878039 -0.00420341
586.45 0.0826935 1 0.0894378 -0.00674434
586.9 0.0867862 1 0.0910834 -0.00429719
587.35 0.0888788 1 0.0927403 -0.0038615
587.8 0.0899713 1 0.0944081 -0.00443679
588.25 0.0930637 1 0.0960862 -0.00302257
588.71 0.0921579 1 0.0978118 -0.0056539
589.16 0.09425 1 0.0995093 -0.00525932
589.61 0.0973419 1 0.101216 -0.00387366
590.06 0.0964336 1 0.10293 -0.00649636
590.51 0.101525 1 0.104652 -0.00312685
590.96 0.100617 1 0.106381 -0.00576456
591.41 0.104708 1 0.108117 -0.0034089
591.86 0.104799 1 0.109858 -0.00505925
592.31 0.10689 1 0.111605 -0.00471501
592.76 0.107981 1 0.113357 -0.00537552
593.21 0.111072 1 0.115112 -0.00404016
593.66 0.112162 1 0.116871 -0.00470827
594.11 0.117253 1 0.118632 -0.00137918
594.56 0.117343 1 0.120395 -0.0030522
595.01 0.117433 1 0.12216 -0.00472665
595.46 0.120523 1 0.123925 -0.00340184
595.91 0.124613 1 0.12569 -0.00107705
596.36 0.124703 1 0.127454 -0.00275156
596.81 0.125792 1 0.129217 -0.00342465
597.26 0.128881 1 0.130977 -0.00209558
597.71 0.129971 1 0.132734 -0.00276362
598.16 0.13006 1 0.134488 -0.00442802
598.61 0.134148 1 0.136236 -0.00208802
599.06 0.135237 1 0.13798 -0.00274287
599.51 0.135326 1 0.139717 -0.00439181
599.96 0.140414 1 0.141448 -0.00103407
600.41 0.145502 1 0.143171 0.00233111
600.86 0.14359 1 0.144886 -0.00129551
601.31 0.141678 1 0.146591 -0.00491315
601.76 0.148766 1 0.148287 0.000478954
602.21 0.147853 1 0.149972 -0.00211844
602.65 0.150939 1 0.151608 -0.000669451
603.1 0.154026 1 0.15327 0.000756165
603.55 0.153113 1 0.154919 -0.00180547
604 0.1562 1 0.156554 -0.000353597
604.45 0.158287 1 0.158174 0.000112504
604.9 0.162373 1 0.15978 0.00259356
605.35 0.16046 1 0.161369 -0.000909707
605.8 0.163546 1 0.162942 0.000603396
606.25 0.165632 1 0.164498 0.00113356
606.7 0.166718 1 0.166036 0.000681444
607.15 0.166803 1 0.167556 -0.00075229
607.6 0.169889 1 0.169056 0.000832986
608.05 0.172974 1 0.170536 0.00243788
608.5 0.174059 1 0.171996 0.00206298
608.95 0.175144 1 0.173435 0.00170884
609.39 0.174227 1 0.174822 -0.00059463
609.84 0.179312 1 0.176218 0.00309382
610.29 0.180396 1 0.177592 0.00280452
610.74 0.17648 1 0.178943 -0.00246211
611.19 0.181565 1 0.18027 0.00129433
611.64 0.183648 1 0.181574 0.00207419
612.09 0.184732 1 0.182854 0.00187778
612.54 0.182816 1 0.18411 -0.00129464
612.99 0.183899 1 0.185342 -0.00144285
613.44 0.183982 1 0.186549 -0.00256671
613.88 0.186063 1 0.187705 -0.00164194
614.33 0.190146 1 0.188863 0.00128264
614.78 0.190229 1 0.189997 0.00023171
615.23 0.191311 1 0.191106 0.000205201
615.68 0.189393 1 0.19219 -0.00279704
616.13 0.189475 1 0.193251 -0.00377522
616.58 0.191557 1 0.194287 -0.00272964
617.03 0.190639 1 0.1953 -0.00466068
617.47 0.190719 1 0.196267 -0.00554883
617.92 0.1958 1 0.197235 -0.00143501
618.37 0.194881 1 0.19818 -0.0032994
618.82 0.194962 1 0.199104 -0.0041427
619.27 0.195042 1 0.200008 -0.00496571
619.72 0.196123 1 0.200892 -0.00476935
620.17 0.199203 1 0.201758 -0.00255461
620.61 0.197282 1 0.202587 -0.0053057
621.06 0.199361 1 0.203419 -0.00405795
621.51 0.202441 1 0.204237 -0.00179541
621.96 0.199521 1 0.20504 -0.0055195
622.41 0.1996 1 0.205832 -0.00623175
622.86 0.202679 1 0.206613 -0.00393379
623.3 0.201756 1 0.207368 -0.00561204
623.75 0.201835 1 0.208134 -0.00629916
624.2 0.202913 1 0.208895 -0.00598163
624.65 0.203992 1 0.209653 -0.00566154
625.1 0.20707 1 0.210411 -0.00334107
625.54 0.206146 1 0.211153 -0.00500738
625.99 0.207224 1 0.211917 -0.00469311
626.44 0.211301 1 0.212687 -0.00138567
626.89 0.209378 1 0.213466 -0.00408771
627.34 0.208456 1 0.214257 -0.00580195
627.78 0.211531 1 0.215046 -0.00351483
628.23 0.212607 1 0.215869 -0.00326161
628.68 0.215684 1 0.216713 -0.00102927
629.13 0.21476 1 0.217581 -0.0028209
629.58 0.217836 1 0.218476 -0.000639634
630.02 0.21891 1 0.21938 -0.000469478
630.47 0.221986 1 0.220337 0.00164864
630.92 0.221061 1 0.221331 -0.000270074
631.37 0.222136 1 0.222365 -0.000228973
631.81 0.22521 1 0.223418 0.00179135
632.26 0.226284 1 0.224541 0.00174305
632.71 0.230359 1 0.225714 0.00464451
633.16 0.230433 1 0.226941 0.00349239
633.61 0.231507 1 0.228224 0.00328335
634.05 0.234579 1 0.229536 0.00504299
634.5 0.233653 1 0.230941 0.00271179
634.95 0.237726 1 0.232412 0.0053141
635.4 0.2418 1 0.233953 0.0078469
635.84 0.240871 1 0.235529 0.00534229
636.29 0.243944 1 0.237215 0.00672912
636.74 0.246016 1 0.238978 0.00703815
637.18 0.250087 1 0.24078 0.00930716
637.63 0.251159 1 0.242704 0.00845525
638.08 0.251231 1 0.244712 0.00651878
638.53 0.254303 1 0.246807 0.00749592
638.97 0.258372 1 0.248939 0.00943298
639.42 0.262444 1 0.251209 0.0112349
639.87 0.261515 1 0.253568 0.00794657
640.32 0.266585 1 0.256018 0.0105673
640.76 0.269654 1 0.258502 0.0111525
641.21 0.268724 1 0.261132 0.0075925
641.66 0.274795 1 0.263853 0.0109414
642.1 0.276863 1 0.266601 0.0102619
642.55 0.281932 1 0.269499 0.0124332
643 0.284002 1 0.272485 0.0115167
643.44 0.285069 1 0.275487 0.00958203
643.89 0.287138 1 0.27864 0.00849802
644.34 0.291207 1 0.281873 0.00933324
644.79 0.295275 1 0.285184 0.0100909
645.23 0.297342 1 0.288492 0.00884927
645.68 0.30241 1 0.291945 0.010465
646.13 0.304477 1 0.295462 0.00901554
646.57 0.308543 1 0.298959 0.00958462
647.02 0.311611 1 0.302589 0.00902172
647.47 0.312677 1 0.306267 0.00641013
647.91 0.318743 1 0.309905 0.00883791
648.36 0.320809 1 0.31366 0.00714941
648.81 0.321875 1 0.317443 0.00443268
649.25 0.32294 1 0.321161 0.00177864
649.7 0.327006 1 0.324977 0.00202915
650.15 0.331071 1 0.328796 0.00227552
650.59 0.334135 1 0.332525 0.00160979
651.04 0.3382 1 0.336326 0.00187433
651.48 0.338263 1 0.340019 -0.00175583
651.93 0.342328 1 0.343764 -0.00143613
652.38 0.345392 1 0.347466 -0.0020738
652.82 0.345455 1 0.351034 -0.0055796
653.27 0.348518 1 0.354621 -0.00610272
653.72 0.352582 1 0.358134 -0.00555232
654.16 0.354644 1 0.361488 -0.00684397
654.61 0.356707 1 0.364824 -0.0081168
655.06 0.35877 1 0.368054 -0.00928431
655.5 0.358831 1 0.3711 -0.0122693
655.95 0.358893 1 0.37409 -0.015197
656.39 0.365954 1 0.376881 -0.0109273
656.84 0.370015 1 0.379589 -0.00957405
657.29 0.371077 1 0.38214 -0.0110634
657.73 0.371137 1 0.384472 -0.0133357
658.18 0.374198 1 0.386682 -0.0124846
658.62 0.375257 1 0.388663 -0.0134058
659.07 0.376317 1 0.390495 -0.0141776
659.52 0.377378 1 0.392123 -0.0147457
659.96 0.381436 1 0.39351 -0.012074
660.41 0.381496 1 0.394711 -0.0132154
660.85 0.384554 1 0.395666 -0.0111124
661.3 0.384613 1 0.396412 -0.0117989
661.74 0.386671 1 0.396909 -0.0102389
662.19 0.384729 1 0.397176 -0.0124468
662.64 0.384787 1 0.397193 -0.0124052
663.08 0.385844 1 0.396963 -0.0111192
663.53 0.387902 1 0.396474 -0.00857229
663.97 0.387958 1 0.395744 -0.00778614
664.42 0.390016 1 0.394739 -0.00472294
664.86 0.389071 1 0.3935 -0.00442862
665.31 0.391128 1 0.391972 -0.000843705
665.75 0.391183 1 0.390222 0.000961295
666.2 0.386239 1 0.388172 -0.00193238
666.65 0.384295 1 0.38586 -0.00156438
667.09 0.38335 1 0.383348 1.82477e-06
667.54 0.380405 1 0.380525 -0.000120092
667.98 0.380459 1 0.377521 0.0029384
668.43 0.380514 1 0.374202 0.00631199
668.87 0.377567 1 0.370721 0.00684586
669.32 0.374621 1 0.366926 0.00769498
669.76 0.371674 1 0.362992 0.0086822
670.21 0.368728 1 0.358746 0.00998186
670.65 0.36578 1 0.354385 0.0113957
671.1 0.362833 1 0.349717 0.0131162
671.54 0.356885 1 0.344959 0.0119255
671.99 0.352938 1 0.339904 0.0130332
672.43 0.348989 1 0.334786 0.0142031
672.88 0.341041 1 0.32938 0.0116605
673.32 0.337091 1 0.323938 0.0131531
673.77 0.329143 1 0.318223 0.0109199
674.21 0.325193 1 0.312498 0.0126944
674.66 0.319244 1 0.306516 0.012728
675.1 0.315293 1 0.300551 0.0147418
675.55 0.305344 1 0.294346 0.0109979
675.99 0.301392 1 0.288185 0.0132071
676.44 0.295442 1 0.281802 0.0136404
676.88 0.285491 1 0.27549 0.0100006
677.33 0.28154 1 0.268974 0.0125655
677.77 0.273588 1 0.262555 0.0110323
678.22 0.263636 1 0.255953 0.00768358
678.66 0.258683 1 0.24947 0.00921303
679.11 0.250731 1 0.242825 0.0079065
679.55 0.242778 1 0.236322 0.00645609
679.99 0.236824 1 0.229824 0.00700043
680.44 0.227871 1 0.223193 0.00467794
680.88 0.220917 1 0.216735 0.00418225
681.33 0.211964 1 0.210164 0.00179941
681.77 0.205009 1 0.203783 0.00122638
682.22 0.195055 1 0.197308 -0.00225356
682.66 0.192099 1 0.191038 0.00106161
683.11 0.182145 1 0.184694 -0.00254909
683.55 0.174189 1 0.178566 -0.00437705
683.99 0.169233 1 0.172519 -0.0032863
684.44 0.162277 1 0.166425 -0.00414792
684.88 0.15932 1 0.160561 -0.0012408
685.33 0.147364 1 0.154666 -0.00730227
685.77 0.142407 1 0.149008 -0.00660146
686.21 0.138449 1 0.143459 -0.00500989
686.66 0.131492 1 0.1379 -0.00640865
687.1 0.123533 1 0.132584 -0.00905052
687.55 0.118576 1 0.127271 -0.00869546
687.99 0.112617 1 0.122201 -0.00958445
688.44 0.109658 1 0.117146 -0.00748779
688.88 0.101699 1 0.112333 -0.0106341
689.32 0.097739 1 0.107649 -0.00991041
689.77 0.0937798 1 0.102995 -0.00921514
690.21 0.0858194 1 0.0985773 -0.0127579
690.65 0.0838586 1 0.0942921 -0.0104335
691.1 0.0788984 1 0.0900468 -0.0111483
691.54 0.0749371 1 0.0860299 -0.0110928
691.99 0.0699763 1 0.0820584 -0.0120821
692.43 0.0710143 1 0.0783081 -0.00729378
692.87 0.063052 1 0.0746882 -0.0116362
693.32 0.0580903 1 0.0711197 -0.0130294
693.76 0.0581274 1 0.0677595 -0.00963217
694.2 0.0551641 1 0.0645253 -0.00936116
694.65 0.0522015 1 0.0613458 -0.00914436
695.09 0.0482376 1 0.0583602 -0.0101226
695.53 0.0452735 1 0.0554941 -0.0102206
695.98 0.0443098 1 0.052684 -0.00837416
696.42 0.041345 1 0.0500521 -0.00870702
696.86 0.03638 1 0.0475319 -0.0111519
697.31 0.0354153 1 0.0450671 -0.00965176
697.75 0.0354496 1 0.0427643 -0.00731468
698.19 0.0324836 1 0.0405645 -0.00808093
698.64 0.029518 1 0.0384181 -0.00890013
699.08 0.0305513 1 0.0364174 -0.00586609
699.52 0.0285844 1 0.0345105 -0.00592611
699.97 0.0276178 1 0.0326539 -0.00503608
700.41 0.0256502 1 0.030927 -0.0052768
700.85 0.0256822 1 0.0292844 -0.00360214
701.3 0.0217147 1 0.0276884 -0.00597367
701.74 0.0187461 1 0.0262067 -0.00746064
702.18 0.0177772 1 0.0248 -0.00702287
702.63 0.0178086 1 0.0234358 -0.00562711
703.07 0.0178391 1 0.0221715 -0.00433237
703.51 0.0178692 1 0.0209731 -0.0031039
703.96 0.0158997 1 0.0198127 -0.00391305
704.4 0.0129291 1 0.018739 -0.0058099
704.84 0.0109583 1 0.0177228 -0.00676454
705.28 0.00998708 1 0.0167614 -0.00677429
705.73 0.0110162 1 0.0158321 -0.00481585
706.17 0.0100444 1 0.0149736 -0.00492925
706.61 0.00807218 1 0.0141624 -0.00609017
707.06 0.0081003 1 0.013379 -0.00527871
707.5 0.00812746 1 0.0126561 -0.00452863
707.94 0.00415429 1 0.0119735 -0.0078192
708.38 0.00618079 1 0.0113291 -0.00514831
708.83 0.00520755 1 0.0107075 -0.00549994
709.27 0.00623338 1 0.0101343 -0.00390092
709.71 0.00225888 1 0.00959346 -0.00733459
710.15 0.00528404 1 0.0090832 -0.00379916
710.6 0.00430943 1 0.0085912 -0.00428177
711.04 0.00533392 1 0.00813767 -0.00280375
711.48 0.00335807 1 0.00770983 -0.00435176
711.92 0.00538189 1 0.0073062 -0.00192432
712.37 0.00240589 1 0.006917 -0.0045111
712.81 0.00142903 1 0.00655817 -0.00512914
713.25 0.000451824 1 0.00621956 -0.00576774
713.69 0.00247428 1 0.00589999 -0.00342571
714.13 -0.0035036 1 0.00559833 -0.00910193
714.58 -0.000481334 1 0.00530723 -0.00578856
715.02 0.00154009 1 0.00503862 -0.00349852
715.46 0.00056118 1 0.00478489 -0.00422371
715.9 -0.000418076 1 0.00454515 -0.00496323
716.35 0.00160278 1 0.00431357 -0.00271078
716.79 -0.00137717 1 0.00409962 -0.00547679
717.23 0.00164254 1 0.00389729 -0.00225475
717.67 0.0016619 1 0.00370587 -0.00204398
718.11 -0.00131909 1 0.00352471 -0.0048438
718.56 -0.00130001 1 0.0033494 -0.00464941
719 -0.000281696 1 0.00318716 -0.00346886
719.44 0.00173627 1 0.00303344 -0.00129717
719.88 0.000753879 1 0.00288773 -0.00213385
720.32 0.000771142 1 0.00274956 -0.00197841
720.76 -0.00221194 1 0.00261849 -0.00483043
721.21 -0.00119501 1 0.00249135 -0.00368636
721.65 0.000821192 1 0.0023734 -0.00155221
722.09 0.00183704 1 0.00226138 -0.000424339
722.53 -0.000147462 1 0.00215495 -0.00230241
722.97 -0.000132319 1 0.00205378 -0.0021861
723.41 -0.00111753 1 0.00195759 -0.00307512
723.86 -0.000102775 1 0.00186407 -0.00196684
724.3 0.000911293 1 0.0017771 -0.000865811
724.74 0.000925005 1 0.00169433 -0.000769324
725.18 0.000938359 1 0.00161552 -0.000677156
725.62 0.00195135 1 0.00154045 0.000410906
726.06 -3.60083e-05 1 0.00146893 -0.00150494
726.5 0.00197627 1 0.00140077 0.000575495
726.95 0.00198845 1 0.00133436 0.000654089
727.39 0 1 0.00127248 -0.00127248
727.83 1.11863e-05 1 0.00121347 -0.00120228
728.27 -0.00197799 1 0.00115717 -0.00313516
728.71 3.24832e-05 1 0.00110346 -0.00107098
729.15 0.0010426 1 0.00105221 -9.61425e-06
729.59 5.2362e-05 1 0.0010033 -0.000950936
730.03 0.00306178 1 0.000956607 0.00210517
730.48 0.00207104 1 0.000911045 0.00116
730.92 7.97575e-05 1 0.000868533 -0.000788776
731.36 8.81287e-05 1 0.000827941 -0.000739813
731.8 -0.00090384 1 0.00078918 -0.00169302
732.24 0.00110385 1 0.000752165 0.000351689
732.68 -0.000888788 1 0.000716815 -0.0016056
733.12 0.00111824 1 0.000683055 0.000435183
733.56 0.00212493 1 0.000650813 0.00147412
734 0.0021313 1 0.00062002 0.00151128
734.44 0.00113734 1 0.000590612 0.000546731
734.89 0.00314319 1 0.000561904 0.00258128
735.33 0.00314858 1 0.000535113 0.00261347
735.77 0.00215365 1 0.000509529 0.00164412
736.21 0.00115841 1 0.000485099 0.00067331
736.65 0.000162854 1 0.000461774 -0.000298921
737.09 0.000166987 1 0.000439505 -0.000272519
737.53 0.00417081 1 0.000418247 0.00375256
737.97 0.00517433 1 0.000397954 0.00477637
738.41 0.00117754 1 0.000378587 0.000798958
738.85 0.00318046 1 0.000360103 0.00282035
739.29 0.00418307 1 0.000342466 0.00384061
739.73 0.00118539 1 0.000325638 0.000859752
740.17 0.00418741 1 0.000309585 0.00387783
740.61 0.00118915 1 0.000294273 0.000894874
741.05 0.00219059 1 0.00027967 0.00191092
741.49 0.00319175 1 0.000265745 0.002926
741.93 0.00119262 1 0.000252468 0.000940152
742.37 0.00019321 1 0.000239812 -4.66019e-05
742.81 0.00519352 1 0.00022775 0.00496577
743.26 0.00119355 1 0.000216 0.000977553
743.7 0.000193306 1 0.00020506 -1.17543e-05
744.14 0.00519279 1 0.000194639 0.00499815
744.58 0.005192 1 0.000184712 0.00500729
745.02 0.00319094 1 0.00017526 0.00301568
745.46 0.00318962 1 0.00016626 0.00302336
745.9 0.00318804 1 0.000157693 0.00303034
746.34 0.00418619 1 0.000149539 0.00403665
746.78 0.00218409 1 0.00014178 0.00204231
747.22 0.00318173 1 0.000134399 0.00304734
747.66 0.00117913 1 0.000127377 0.00105175
748.1 0.00117627 1 0.000120699 0.00105557
748.54 0.00117316 1 0.00011435 0.00105881
748.98 0.000169804 1 0.000108313 6.14903e-05
749.42 0.00416621 1 0.000102576 0.00406363
749.86 0.00516237 1 9.71241e-05 0.00506525
750.29 0.00315839 1 9.2059e-05 0.00306633
750.73 0.00415408 1 8.71327e-05 0.00406695
751.17 0.00114954 1 8.24542e-05 0.00106709
751.61 0.00214477 1 7.80118e-05 0.00206676
752.05 0.000139771 1 7.37945e-05 6.59768e-05
752.49 -0.000865455 1 6.97916e-05 -0.000935247
752.93 0.000129095 1 6.59931e-05 6.31019e-05
753.37 0.00312342 1 6.23892e-05 0.00306103
753.81 0.00211753 1 5.89706e-05 0.00205856
754.25 0.00111143 1 5.57286e-05 0.0010557
754.69 -0.0028949 1 5.26545e-05 -0.00294755
755.13 9.85708e-05 1 4.97403e-05 4.88305e-05
755.57 -0.000908172 1 4.69783e-05 -0.00095515
756.01 8.48785e-05 1 4.4361e-05 4.05175e-05
756.45 7.77243e-05 1 4.18814e-05 3.5843e-05
756.89 0.00207037 1 3.95326e-05 0.00203084
757.33 6.2812e-05 1 3.73083e-05 2.55037e-05
757.77 -0.000944941 1 3.52023e-05 -0.000980144
758.21 0.00104711 1 3.32087e-05 0.0010139
758.64 0.00103916 1 3.13636e-05 0.00100779
759.08 -0.00296917 1 2.9576e-05 -0.00299875
759.52 0.00302232 1 2.78848e-05 0.00299443
759.96 -0.00198638 1 2.62852e-05 -0.00201267
760.4 0.00300473 1 2.47725e-05 0.00297996
760.84 0.000995672 1 2.33423e-05 0.00097233
761.28 0.000986432 1 2.19904e-05 0.000964441
761.72 -0.00102298 1 2.07127e-05 -0.0010437
762.16 -0.00103257 1 1.95055e-05 -0.00105208
762.6 -0.00104233 1 1.8365e-05 -0.0010607
763.03 -5.20354e-05 1 1.73117e-05 -6.93471e-05
763.47 -0.00306213 1 1.62932e-05 -0.00307842
763.91 0.00092762 1 1.53316e-05 0.000912288
764.35 -8.27958e-05 1 1.4424e-05 -9.72198e-05
764.79 0.00090663 1 1.35674e-05 0.000893063
765.23 -0.0001041 1 1.27592e-05 -0.00011686
765.67 -0.000114985 1 1.19968e-05 -0.000126982
766.11 0.000873979 1 1.12778e-05 0.000862702
766.54 -0.00113695 1 1.06147e-05 -0.00114756
766.98 -0.000148278 1 9.97467e-06 -0.000158253
767.42 -0.00115975 1 9.37138e-06 -0.00116912
767.86 -0.00117136 1 8.80285e-06 -0.00118017
768.3 -0.00318312 1 8.26719e-06 -0.00319139
768.74 -0.00319501 1 7.76262e-06 -0.00320277
769.17 -0.00320676 1 7.2979e-06 -0.00321406
769.61 0.00178109 1 6.84983e-06 0.00177424
770.05 0.0017688 1 6.42802e-06 0.00176237
770.49 -0.00124361 1 6.031e-06 -0.00124964
770.93 0.00374385 1 5.6574e-06 0.00373819
771.37 0.000731192 1 5.3059e-06 0.000725886
771.8 -0.000281296 1 4.98257e-06 -0.000286278
772.24 0.00270581 1 4.67119e-06 0.00270114
772.68 0.0016928 1 4.37842e-06 0.00168842
773.12 -0.000320323 1 4.1032e-06 -0.000324427
773.56 0.00266644 1 3.84452e-06 0.0026626
774 0.000653101 1 3.60145e-06 0.0006495
774.43 0.00163996 1 3.37812e-06 0.00163658
774.87 -0.00237359 1 3.16331e-06 -0.00237675
775.31 -0.000387237 1 2.96158e-06 -0.000390199
775.75 0.000599015 1 2.77218e-06 0.000596243
776.19 0.00158517 1 2.59438e-06 0.00158258
776.62 0.000571551 1 2.43119e-06 0.00056912
777.06 -0.00244248 1 2.27438e-06 -0.00244475
777.5 -0.00245659 1 2.12727e-06 -0.00245872
777.94 0.00152921 1 1.98929e-06 0.00152722
778.37 -0.00148475 1 1.86274e-06 -0.00148662
778.81 -0.00049912 1 1.74124e-06 -0.000500862
779.25 0.00348643 1 1.62735e-06 0.00348481
779.69 -0.000528088 1 1.52061e-06 -0.000529609
780.13 -0.00454268 1 1.42059e-06 -0.00454411
780.56 -0.00255702 1 1.32896e-06 -0.00255835
781 0.000428244 1 1.24107e-06 0.000427003
781.44 -0.00158656 1 1.15876e-06 -0.00158772
781.88 0.000398571 1 1.0817e-06 0.000397489
782.31 0.00038398 1 1.01116e-06 0.000382969
782.75 0.00036899 1 9.43554e-07 0.000368046
783.19 0.000353942 1 8.80295e-07 0.000353062
783.63 -0.00066116 1 8.21117e-07 -0.000661982
784.06 -0.00467597 1 7.66984e-07 -0.00467674
784.5 -0.000691176 1 7.15147e-07 -0.000691891
784.94 -0.00270643 1 6.66683e-07 -0.0027071
785.37 -0.00372138 1 6.22377e-07 -0.003722
785.81 0.00126328 1 5.79975e-07 0.0012627
786.25 -0.0017521 1 5.40357e-07 -0.00175264
786.69 0.00123248 1 5.03346e-07 0.00123198
787.12 0.00121737 1 4.69538e-07 0.0012169
787.56 0.000201886 1 4.37209e-07 0.000201449
788 -0.00181363 1 4.07026e-07 -0.00181404
788.43 -0.00182883 1 3.79472e-07 -0.00182921
788.87 -0.0018444 1 3.53139e-07 -0.00184476
789.31 0.000139998 1 3.28569e-07 0.000139669
789.75 0.00112438 1 3.05648e-07 0.00112407
790.18 -0.000890906 1 2.8474e-07 -0.000891191
790.62 0.00109344 1 2.64775e-07 0.00109317
791.06 -0.00192223 1 2.46161e-07 -0.00192248
791.49 -0.00193756 1 2.29192e-07 -0.00193779
791.93 -0.00195325 1 2.12998e-07 -0.00195346
792.37 -0.00196895 1 1.97909e-07 -0.00196915
792.8 1.57058e-05 1 1.84161e-07 1.55216e-05
793.24 0 1 1.71049e-07 -1.71049e-07
793.68 0.00198429 1 1.58839e-07 0.00198414
794.11 -0.00303105 1 1.47721e-07 -0.0030312
794.55 -0.00204675 1 1.37124e-07 -0.00204689
794.99 -0.00106244 1 1.27262e-07 -0.00106257
795.42 -0.00407777 1 1.18287e-07 -0.00407789
795.86 -0.00109344 1 1.09737e-07 -0.00109355
796.3 -0.00110909 1 1.01785e-07 -0.0011092
796.73 0.00187562 1 9.45532e-08 0.00187553
797.17 0.000860002 1 8.76678e-08 0.000859915
797.61 -0.000155596 1 8.12679e-08 -0.000155677
798.04 -0.00117082 1 7.54508e-08 -0.00117089
798.48 -0.00218637 1 6.99157e-08 -0.00218644
798.91 -0.00220153 1 6.48867e-08 -0.0022016
799.35 -0.00121702 1 6.01034e-08 -0.00121708
799.79 -0.00223248 1 5.56617e-08 -0.00223253
800.22 -0.00624755 1 5.16286e-08 -0.0062476
800.66 -0.00426293 1 4.77948e-08 -0.00426298
801.1 -0.000278273 1 4.42371e-08 -0.000278317
