500.34 -0.000434596 1 3.56811e-05 -0.000470277
500.8 0.000628067 1 3.79269e-05 0.00059014
501.25 0.000689371 1 4.02519e-05 0.000649119
501.71 -0.00124796 1 4.27665e-05 -0.00129073
502.17 0.00281471 1 4.54282e-05 0.00276928
502.62 -0.00112398 1 4.81818e-05 -0.00117216
503.08 0.00193869 1 5.1158e-05 0.00188753
503.53 0 1 5.42356e-05 -5.42356e-05
503.99 6.26725e-05 1 5.75605e-05 5.11203e-06
504.44 -0.00187602 1 6.0997e-05 -0.00193701
504.9 -0.000813347 1 6.47079e-05 -0.000878055
505.36 -0.000750677 1 6.86293e-05 -0.000819306
505.81 -0.00168937 1 7.26797e-05 -0.00176205
506.27 0.000373295 1 7.70503e-05 0.000296245
506.72 0.0014346 1 8.15626e-05 0.00135303
507.18 0.000497256 1 8.64295e-05 0.000410827
507.63 0.000558551 1 9.14517e-05 0.000467099
508.09 -0.000378796 1 9.68661e-05 -0.000475662
508.54 -0.000317509 1 0.000102451 -0.00041996
509 -0.00125487 1 0.000108469 -0.00136333
509.45 -0.000193589 1 0.000114673 -0.000308261
509.91 -0.00113096 1 0.000121355 -0.00125231
510.36 -6.969e-05 1 0.000128241 -0.000197931
510.82 -0.00300707 1 0.000135655 -0.00314272
511.27 0.00205418 1 0.000143291 0.00191089
511.73 0.000116789 1 0.000151508 -3.4719e-05
512.19 -0.000820613 1 0.00016016 -0.000980773
512.64 -0.000759384 1 0.000169066 -0.00092845
513.1 -0.000696802 1 0.000178643 -0.000875445
513.55 -0.00063559 1 0.000188496 -0.000824086
514.01 -0.00157303 1 0.000199086 -0.00177211
514.46 0.00148817 1 0.000209976 0.00127819
514.92 -0.000449292 1 0.000221675 -0.000670967
515.37 -0.00138812 1 0.0002337 -0.00162182
515.83 -0.0003256 1 0.000246612 -0.000572212
516.28 0.00073555 1 0.000259878 0.000475671
516.73 0.000796688 1 0.0002738 0.000522888
517.19 -0.00214083 1 0.000288738 -0.00242957
517.64 -0.00207972 1 0.000304075 -0.00238379
518.1 -0.00101726 1 0.000320525 -0.00133778
518.55 -0.000956172 1 0.000337405 -0.00129358
519.01 0.00210626 1 0.000355501 0.00175076
519.46 -0.000832685 1 0.000374062 -0.00120675
519.92 0.000229715 1 0.000393951 -0.000164236
520.37 -0.000709257 1 0.000414342 -0.0011236
520.83 0.00135311 1 0.000436181 0.00091693
521.28 0.000414107 1 0.00045856 -4.44534e-05
521.74 0.000476441 1 0.000482518 -6.07654e-06
522.19 -0.000462596 1 0.000507056 -0.000969653
522.65 0.0015997 1 0.000533313 0.00106639
523.1 0.00066063 1 0.000560194 0.000100436
523.55 0.00072154 1 0.000588305 0.000133235
524.01 -0.000216217 1 0.000618363 -0.000834579
524.46 0.000844655 1 0.000649113 0.000195542
524.92 -9.31406e-05 1 0.000681979 -0.000775119
525.37 -0.00103231 1 0.000715585 -0.00174789
525.83 2.98549e-05 1 0.000751485 -0.00072163
526.28 0.00309065 1 0.000788178 0.00230247
526.73 0.00115142 1 0.000826486 0.00032493
527.19 0.000213515 1 0.000867381 -0.000653866
527.64 0.00127424 1 0.000909148 0.000365093
528.1 0.00133629 1 0.000953713 0.000382581
528.55 0.000396976 1 0.000999208 -0.000602232
529.01 0.00245898 1 0.00104773 0.00141125
529.46 0.00151962 1 0.00109724 0.000422381
529.91 0.00258023 1 0.00114884 0.00143139
530.37 0.00364216 1 0.00120383 0.00243833
530.82 0.00170272 1 0.00125991 0.000442813
531.28 0.0007646 1 0.00131964 -0.000555038
531.73 -0.00017489 1 0.00138051 -0.0015554
532.18 0.00188559 1 0.00144389 0.000441705
532.64 0.00294739 1 0.00151135 0.00143604
533.09 0.00400782 1 0.00158005 0.00242777
533.54 0.00406823 1 0.00165153 0.0024167
534 0.00212994 1 0.00172755 0.000402388
534.45 0.00119029 1 0.00180493 -0.000614637
534.91 0.00225195 1 0.00188718 0.000364762
535.36 0.00331224 1 0.00197086 0.00134138
535.81 0.00237249 1 0.0020578 0.000314691
536.27 0.00543406 1 0.00215018 0.00328389
536.72 0.00449426 1 0.00224407 0.00225019
537.17 0.00355443 1 0.00234156 0.00121287
537.63 0.0056159 1 0.00244506 0.00317084
538.08 0.00467601 1 0.00255019 0.00212581
538.54 0.00573741 1 0.00266175 0.00307567
538.99 0.00679745 1 0.002775 0.00402246
539.44 0.00585746 1 0.00289246 0.00296501
539.9 0.00291877 1 0.003017 -9.82308e-05
540.35 0.00497871 1 0.00314335 0.00183536
540.8 0.00503862 1 0.00327429 0.00176432
541.26 0.00509982 1 0.00341304 0.00168678
541.71 0.00915965 1 0.00355369 0.00560597
542.16 0.00721946 1 0.00369934 0.00352011
542.62 0.00728055 1 0.00385357 0.00342698
543.07 0.00834028 1 0.00400979 0.00433049
543.52 0.00739997 1 0.00417147 0.0032285
543.98 0.00546095 1 0.00434252 0.00111843
544.43 0.00852057 1 0.00451567 0.0040049
544.88 0.00758015 1 0.00469472 0.00288543
545.34 0.010641 1 0.00488402 0.005757
545.79 0.00670052 1 0.0050755 0.00162502
546.24 0.00975998 1 0.00527336 0.00448662
546.69 0.00981941 1 0.00547777 0.00434164
547.15 0.00988011 1 0.00569367 0.00418645
547.6 0.0119395 1 0.00591183 0.00602763
548.05 0.00899876 1 0.00613704 0.00286171
548.51 0.0140593 1 0.00637473 0.0076846
548.96 0.0101186 1 0.00661474 0.00350382
549.41 0.0111777 1 0.00686233 0.00431541
549.86 0.0122369 1 0.00711766 0.00511921
550.32 0.0112973 1 0.00738687 0.0039104
550.77 0.0113563 1 0.00765844 0.00369789
551.22 0.0144153 1 0.0079383 0.00647704
551.68 0.0144756 1 0.00823314 0.00624247
552.13 0.0145345 1 0.00853033 0.00600419
552.58 0.0125934 1 0.00883637 0.00375702
553.03 0.0136522 1 0.00915144 0.00450077
553.49 0.0147123 1 0.00948305 0.00522925
553.94 0.015771 1 0.00981696 0.00595408
554.39 0.0158297 1 0.0101605 0.00566925
554.84 0.0158884 1 0.0105138 0.0053746
555.3 0.0169483 1 0.0108852 0.00606304
555.75 0.0170068 1 0.0112589 0.00574793
556.2 0.0180653 1 0.0116429 0.00642243
556.65 0.0181238 1 0.0120374 0.00608633
557.11 0.0181834 1 0.0124518 0.00573163
557.56 0.0182418 1 0.0128682 0.00537356
558.01 0.0183001 1 0.0132958 0.00500434
558.46 0.0203583 1 0.0137346 0.00662378
558.92 0.0214178 1 0.014195 0.00722286
559.37 0.021476 1 0.0146572 0.00681883
559.82 0.0225341 1 0.0151312 0.00740291
560.27 0.0225921 1 0.0156172 0.00697493
560.72 0.0236501 1 0.0161154 0.00753472
561.18 0.0257093 1 0.0166374 0.00907189
561.63 0.0217672 1 0.0171608 0.0046064
562.08 0.0238251 1 0.0176969 0.00612816
562.53 0.0238828 1 0.0182458 0.00563699
562.99 0.0269418 1 0.0188205 0.00812138
563.44 0.0269995 1 0.0193959 0.00760359
563.89 0.0240571 1 0.0199847 0.0040724
564.34 0.0251147 1 0.020587 0.00452766
564.79 0.0251722 1 0.021203 0.00396922
565.25 0.0282309 1 0.0218468 0.00638405
565.7 0.0302883 1 0.0224908 0.00779747
566.15 0.0293456 1 0.0231488 0.00619678
566.6 0.0294029 1 0.023821 0.00558183
567.05 0.0304601 1 0.0245076 0.00595252
567.5 0.0305172 1 0.0252085 0.00530872
567.96 0.0305756 1 0.0259401 0.00463554
568.41 0.0306326 1 0.0266705 0.00396212
568.86 0.0326896 1 0.0274157 0.0052739
569.31 0.0327465 1 0.0281757 0.00457078
569.76 0.0338034 1 0.0289507 0.0048527
570.21 0.0328602 1 0.0297406 0.00311956
570.67 0.0359182 1 0.0305637 0.0053545
571.12 0.0359748 1 0.0313841 0.00459072
571.57 0.0380314 1 0.0322197 0.00581171
572.02 0.037088 1 0.0330706 0.00401741
572.47 0.0351445 1 0.0339367 0.0012078
572.92 0.0382009 1 0.034818 0.00338284
573.37 0.0382572 1 0.0357147 0.00254252
573.83 0.0383148 1 0.0366471 0.00166765
574.28 0.040371 1 0.0375747 0.00279625
574.73 0.0414271 1 0.0385177 0.0029095
575.18 0.0394832 1 0.0394758 7.41213e-06
575.63 0.0425393 1 0.0404492 0.00209002
576.08 0.0405952 1 0.0414379 -0.000842626
576.53 0.0436511 1 0.0424416 0.00120952
576.98 0.0447069 1 0.0434604 0.00124652
577.44 0.0447639 1 0.0445174 0.000246557
577.89 0.0448196 1 0.0455664 -0.000746814
578.34 0.0468753 1 0.0466303 0.000244939
578.79 0.0469308 1 0.0477089 -0.000778072
579.24 0.0489863 1 0.048802 0.000184275
579.69 0.0490417 1 0.0499096 -0.000867883
580.14 0.051097 1 0.0510314 6.56014e-05
580.59 0.0491523 1 0.0521674 -0.00301511
581.04 0.0512075 1 0.0533174 -0.00210985
581.49 0.0522626 1 0.0544811 -0.00221842
581.95 0.0543189 1 0.0556846 -0.00136572
582.4 0.0543739 1 0.0568756 -0.00250165
582.85 0.0554288 1 0.0580796 -0.00265078
583.3 0.0554837 1 0.0592965 -0.00381286
583.75 0.0585384 1 0.0605261 -0.00198765
584.2 0.0595931 1 0.061768 -0.00217488
584.65 0.0626477 1 0.063022 -0.000374259
585.1 0.0617023 1 0.0642878 -0.00258551
585.55 0.0627567 1 0.0655651 -0.00280832
586 0.0638111 1 0.0668535 -0.00304237
586.45 0.0628654 1 0.0681528 -0.00528733
586.9 0.0669197 1 0.0694625 -0.00254285
587.35 0.0679738 1 0.0707824 -0.00280857
587.8 0.0670279 1 0.072112 -0.00508412
588.25 0.0680819 1 0.073451 -0.00536911
588.71 0.0721371 1 0.0748291 -0.002692
589.16 0.0731909 1 0.0761858 -0.00299485
589.61 0.0732447 1 0.0775506 -0.0043059
590.06 0.0762984 1 0.0789231 -0.00262469
590.51 0.075352 1 0.0803028 -0.0049508
590.96 0.0784055 1 0.0816893 -0.00328374
591.41 0.078459 1 0.083082 -0.00462304
591.86 0.0795123 1 0.0844806 -0.00496822
592.31 0.0845656 1 0.0858844 -0.00131878
592.76 0.0826188 1 0.087293 -0.0046742
593.21 0.085672 1 0.0887059 -0.00303397
593.66 0.088725 1 0.0901225 -0.00139754
594.11 0.090778 1 0.0915423 -0.000764374
594.56 0.0908308 1 0.0929648 -0.00213392
595.01 0.0908836 1 0.0943892 -0.00350561
595.46 0.0949363 1 0.0958152 -0.000878874
595.91 0.096989 1 0.0972421 -0.000253126
596.36 0.0980415 1 0.0986693 -0.000627776
596.81 0.097094 1 0.100096 -0.00300222
597.26 0.100146 1 0.101522 -0.00137586
597.71 0.102199 1 0.102947 -0.000748078
598.16 0.102251 1 0.104369 -0.00211825
598.61 0.104303 1 0.105789 -0.00148575
599.06 0.105355 1 0.107205 -0.00184994
599.51 0.105407 1 0.108617 -0.0032102
599.96 0.110459 1 0.110025 0.000434126
600.41 0.11351 1 0.111427 0.00208368
600.86 0.112562 1 0.112823 -0.000260897
601.31 0.111614 1 0.114213 -0.00259895
601.76 0.116665 1 0.115595 0.00107017
602.21 0.114717 1 0.116969 -0.00225289
602.65 0.117767 1 0.118305 -0.000538366
603.1 0.119818 1 0.119662 0.000155952
603.55 0.121869 1 0.121009 0.00086002
604 0.12492 1 0.122346 0.00257448
604.45 0.121971 1 0.123671 -0.00170004
604.9 0.127022 1 0.124985 0.0020371
605.35 0.127073 1 0.126286 0.000786517
605.8 0.129123 1 0.127574 0.00154883
606.25 0.130174 1 0.128849 0.00132464
606.7 0.130224 1 0.13011 0.000114546
607.15 0.132275 1 0.131356 0.000919125
607.6 0.133325 1 0.132586 0.000738945
608.05 0.134375 1 0.133801 0.000574559
608.5 0.137425 1 0.134999 0.0024265
608.95 0.139475 1 0.13618 0.00329529
609.39 0.139524 1 0.137318 0.00220597
609.84 0.141574 1 0.138464 0.0031095
610.29 0.138624 1 0.139592 -0.000968719
610.74 0.138673 1 0.140701 -0.00202827
611.19 0.142723 1 0.141791 0.00093124
611.64 0.145772 1 0.142862 0.00291017
612.09 0.145821 1 0.143913 0.00190886
612.54 0.145871 1 0.144943 0.000927592
612.99 0.14392 1 0.145953 -0.00203338
613.44 0.145969 1 0.146943 -0.000973829
613.88 0.148016 1 0.14789 0.00012662
614.33 0.150065 1 0.148838 0.0012272
614.78 0.148114 1 0.149765 -0.00165132
615.23 0.151163 1 0.150672 0.000491067
615.68 0.149211 1 0.151557 -0.00234565
616.13 0.151259 1 0.152421 -0.00116157
616.58 0.152308 1 0.153265 -0.000956816
617.03 0.150356 1 0.154088 -0.00373161
617.47 0.150403 1 0.154873 -0.00446967
617.92 0.153451 1 0.155656 -0.00220487
618.37 0.152499 1 0.156419 -0.00392064
618.82 0.153547 1 0.157164 -0.00361745
619.27 0.151594 1 0.15789 -0.00629588
619.72 0.153642 1 0.158598 -0.00495656
620.17 0.155689 1 0.15929 -0.00360024
620.61 0.154736 1 0.159949 -0.00521394
621.06 0.156783 1 0.160609 -0.00382646
621.51 0.15783 1 0.161255 -0.00342467
621.96 0.157877 1 0.161887 -0.00400966
622.41 0.158924 1 0.162506 -0.00358261
622.86 0.157971 1 0.163115 -0.0051448
623.3 0.158016 1 0.163702 -0.00568545
623.75 0.158063 1 0.164293 -0.00623056
624.2 0.160109 1 0.164879 -0.00476936
624.65 0.161156 1 0.165459 -0.00430352
625.1 0.161202 1 0.166037 -0.00483486
625.54 0.159247 1 0.166601 -0.00735347
625.99 0.164293 1 0.167178 -0.00288491
626.44 0.165339 1 0.167758 -0.00241948
626.89 0.164385 1 0.168344 -0.0039594
627.34 0.164431 1 0.168937 -0.00450698
627.78 0.164475 1 0.169527 -0.0050521
628.23 0.166521 1 0.170143 -0.003622
628.68 0.167566 1 0.170773 -0.003207
629.13 0.169611 1 0.171421 -0.00180977
629.58 0.169656 1 0.172089 -0.00243309
630.02 0.1697 1 0.172765 -0.00306513
630.47 0.171745 1 0.173483 -0.00173747
630.92 0.17379 1 0.174229 -0.000438983
631.37 0.174835 1 0.175007 -0.000172688
631.81 0.174878 1 0.175802 -0.000924151
632.26 0.175923 1 0.176653 -0.000730569
632.71 0.178967 1 0.177545 0.00142161
633.16 0.180011 1 0.178482 0.00152926
633.61 0.181055 1 0.179466 0.00158925
634.05 0.182098 1 0.180477 0.00162104
634.5 0.183142 1 0.181564 0.00157759
634.95 0.187186 1 0.182708 0.00447727
635.4 0.189229 1 0.183912 0.00531709
635.84 0.189272 1 0.18515 0.00412199
636.29 0.191315 1 0.18648 0.00483488
636.74 0.190358 1 0.187879 0.00247947
637.18 0.1944 1 0.189315 0.00508562
637.63 0.196443 1 0.190856 0.00558758
638.08 0.199486 1 0.192472 0.00701389
638.53 0.201529 1 0.194166 0.00736243
638.97 0.204571 1 0.1959 0.00867061
639.42 0.206613 1 0.197753 0.00885983
639.87 0.209655 1 0.199689 0.00996618
640.32 0.210698 1 0.201709 0.00898841
640.76 0.212739 1 0.203766 0.00897233
641.21 0.213781 1 0.205955 0.00782565
641.66 0.217823 1 0.20823 0.00959286
642.1 0.221863 1 0.210537 0.0113264
642.55 0.222905 1 0.212982 0.00992353
643 0.224947 1 0.215511 0.00943547
643.44 0.226987 1 0.218066 0.00892129
643.89 0.229028 1 0.22076 0.00826811
644.34 0.233069 1 0.223535 0.00953394
644.79 0.23611 1 0.226389 0.00972098
645.23 0.23715 1 0.229253 0.00789688
645.68 0.242191 1 0.232255 0.00993626
646.13 0.244231 1 0.235326 0.00890593
646.57 0.246271 1 0.238392 0.00787931
647.02 0.250311 1 0.241588 0.00872309
647.47 0.253352 1 0.244841 0.00851009
647.91 0.255391 1 0.248072 0.00731862
648.36 0.257431 1 0.251421 0.00600911
648.81 0.26047 1 0.254811 0.00565962
649.25 0.262509 1 0.258157 0.00435208
649.7 0.265549 1 0.261606 0.00394291
650.15 0.268588 1 0.265074 0.00351417
650.59 0.271626 1 0.268476 0.00314999
651.04 0.274666 1 0.27196 0.00270529
651.48 0.276704 1 0.275363 0.00134106
651.93 0.279743 1 0.27883 0.000912807
652.38 0.278781 1 0.282275 -0.00349406
652.82 0.282819 1 0.285615 -0.00279579
653.27 0.287857 1 0.288991 -0.00113328
653.72 0.289896 1 0.292317 -0.00242159
654.16 0.290933 1 0.295513 -0.00457999
654.61 0.294971 1 0.298714 -0.0037424
655.06 0.295009 1 0.301835 -0.00682646
655.5 0.298046 1 0.304803 -0.0067567
655.95 0.295084 1 0.30774 -0.0126565
656.39 0.29712 1 0.310508 -0.0133877
656.84 0.304158 1 0.313222 -0.00906457
657.29 0.304195 1 0.315809 -0.0116142
657.73 0.305231 1 0.318206 -0.012975
658.18 0.310268 1 0.320513 -0.010245
658.62 0.311304 1 0.322618 -0.0113146
659.07 0.31434 1 0.32461 -0.0102694
659.52 0.310377 1 0.326429 -0.0160518
659.96 0.315413 1 0.328033 -0.0126203
660.41 0.317449 1 0.329487 -0.0120384
660.85 0.319484 1 0.33072 -0.0112362
661.3 0.32052 1 0.331781 -0.0112614
661.74 0.321555 1 0.332617 -0.0110624
662.19 0.320591 1 0.33326 -0.0126699
662.64 0.322626 1 0.333684 -0.011058
663.08 0.325661 1 0.333881 -0.00822089
663.53 0.325696 1 0.333858 -0.00816207
663.97 0.32673 1 0.333611 -0.00688086
664.42 0.327765 1 0.333127 -0.00536177
664.86 0.325799 1 0.332425 -0.00662587
665.31 0.328834 1 0.331472 -0.00263831
665.75 0.327867 1 0.33031 -0.00244228
666.2 0.328902 1 0.328885 1.66325e-05
666.65 0.326936 1 0.327223 -0.000286766
667.09 0.325969 1 0.325368 0.000600669
667.54 0.323003 1 0.32324 -0.00023727
667.98 0.321036 1 0.320935 0.000100735
668.43 0.322069 1 0.318352 0.00371763
668.87 0.322102 1 0.315609 0.00649327
669.32 0.317135 1 0.312586 0.00454921
669.76 0.316168 1 0.309423 0.0067446
670.21 0.315201 1 0.305982 0.00921889
670.65 0.309233 1 0.302421 0.00681153
671.1 0.308265 1 0.298587 0.00967894
671.54 0.304297 1 0.294655 0.00964209
671.99 0.30133 1 0.290456 0.0108733
672.43 0.297361 1 0.286185 0.0111764
672.88 0.293393 1 0.281655 0.0117385
673.32 0.289424 1 0.277076 0.0123479
673.77 0.285456 1 0.272251 0.0132048
674.21 0.280487 1 0.267403 0.0130841
674.66 0.273518 1 0.262321 0.0111976
675.1 0.269549 1 0.257241 0.0123082
675.55 0.26458 1 0.251942 0.012638
675.99 0.25861 1 0.24667 0.0119402
676.44 0.251641 1 0.241196 0.0104451
676.88 0.244671 1 0.235773 0.00889806
677.33 0.240702 1 0.230165 0.0105363
677.77 0.235731 1 0.224632 0.0110992
678.22 0.227762 1 0.218932 0.00882925
678.66 0.222791 1 0.213329 0.00946171
679.11 0.216821 1 0.207578 0.00924254
679.55 0.20685 1 0.201945 0.00490517
679.99 0.199879 1 0.19631 0.00356862
680.44 0.194908 1 0.190556 0.00435221
680.88 0.188937 1 0.184947 0.00398995
681.33 0.180966 1 0.179236 0.00172919
681.77 0.173994 1 0.173687 0.000306513
682.22 0.169023 1 0.168055 0.000967168
682.66 0.162051 1 0.162599 -0.000548082
683.11 0.156079 1 0.157076 -0.000997444
683.55 0.147107 1 0.151741 -0.00463452
683.99 0.143134 1 0.146476 -0.00334169
684.44 0.137162 1 0.141169 -0.0040073
684.88 0.133189 1 0.136063 -0.00287416
685.33 0.126217 1 0.130931 -0.00471438
685.77 0.120244 1 0.126006 -0.00576214
686.21 0.11427 1 0.121176 -0.00690614
686.66 0.109297 1 0.116341 -0.00704342
687.1 0.104324 1 0.111717 -0.0073937
687.55 0.10035 1 0.107099 -0.00674894
687.99 0.0933763 1 0.102695 -0.00931832
688.44 0.0904028 1 0.0983057 -0.00790292
688.88 0.0854284 1 0.0941294 -0.00870095
689.32 0.0804539 1 0.0900685 -0.00961458
689.77 0.0764799 1 0.086036 -0.00955618
690.21 0.071505 1 0.082212 -0.010707
690.65 0.0705301 1 0.0785061 -0.007976
691.1 0.0655555 1 0.0748382 -0.00928271
691.54 0.0625801 1 0.0713713 -0.00879115
691.99 0.0566052 1 0.0679474 -0.0113422
692.43 0.0556296 1 0.064718 -0.00908842
692.87 0.0526537 1 0.0616047 -0.00895094
693.32 0.0496783 1 0.0585395 -0.00886121
693.76 0.0467021 1 0.0556573 -0.00895513
694.2 0.0437258 1 0.0528869 -0.00916112
694.65 0.0437498 1 0.0501675 -0.00641765
695.09 0.0397732 1 0.0476178 -0.00784466
695.53 0.0377963 1 0.0451741 -0.0073778
695.98 0.0358198 1 0.0427821 -0.00696229
696.42 0.0328427 1 0.0405457 -0.00770305
696.86 0.0288653 1 0.038408 -0.00954273
697.31 0.0278883 1 0.0363212 -0.00843292
697.75 0.0269106 1 0.0343753 -0.00746469
698.19 0.0259328 1 0.0325201 -0.00658731
698.64 0.0219552 1 0.0307136 -0.00875835
699.08 0.023977 1 0.0290332 -0.00505621
699.52 0.0229986 1 0.027435 -0.00443641
699.97 0.0210206 1 0.0258825 -0.00486199
700.41 0.0210418 1 0.0244418 -0.00339998
700.85 0.0190629 1 0.0230746 -0.00401167
701.3 0.0160843 1 0.0217494 -0.00566506
701.74 0.0141051 1 0.0205222 -0.00641713
702.18 0.0151256 1 0.01936 -0.00423437
702.63 0.0131465 1 0.0182358 -0.00508929
703.07 0.0111667 1 0.0171967 -0.00603003
703.51 0.0131867 1 0.0162145 -0.00302779
703.96 0.011207 1 0.0152661 -0.00405906
704.4 0.00922672 1 0.014391 -0.00516432
704.84 0.00724623 1 0.0135652 -0.00631896
705.28 0.00826556 1 0.0127862 -0.0045206
705.73 0.00728514 1 0.0120354 -0.00475029
706.17 0.00830411 1 0.0113441 -0.00303997
706.61 0.0053229 1 0.0106928 -0.00536985
707.06 0.00634194 1 0.0100659 -0.00372392
707.5 0.00436037 1 0.00948917 -0.00512881
707.94 0.00237861 1 0.00894643 -0.00656781
708.38 0.00439668 1 0.00843575 -0.00403907
708.83 0.00341498 1 0.00794479 -0.00452981
709.27 0.00443268 1 0.00749362 -0.00306094
709.71 0.0034502 1 0.00706938 -0.00361917
710.15 0.00346755 1 0.00667049 -0.00320295
710.6 0.00348509 1 0.00628724 -0.00280215
711.04 0.00150207 1 0.00593522 -0.00443315
711.48 0.000518859 1 0.0056043 -0.00508544
711.92 0.00253547 1 0.00529323 -0.00275777
712.37 0.00255226 1 0.00499437 -0.0024421
712.81 0.000568499 1 0.00471983 -0.00415133
713.25 -0.000415449 1 0.00446169 -0.00487714
713.69 0.00160042 1 0.00421895 -0.00261853
714.13 -0.0013839 1 0.00399064 -0.00537453
714.58 -0.00236805 1 0.00377113 -0.00613918
715.02 0.000647257 1 0.00356931 -0.00292205
715.46 -0.00133762 1 0.00337936 -0.00471698
715.9 -0.00232269 1 0.00320053 -0.00552321
716.35 -0.000307606 1 0.00302839 -0.003336
716.79 -0.00229305 1 0.00286994 -0.00516299
717.23 -0.000278681 1 0.00272062 -0.0029993
717.67 0.0027355 1 0.00257983 0.000155668
718.11 -0.000250508 1 0.00244705 -0.00269756
718.56 -0.00323639 1 0.002319 -0.00555539
719 -0.00222278 1 0.00220089 -0.00442368
719.44 -0.00220936 1 0.00208935 -0.00429872
719.88 -0.00219613 1 0.00198398 -0.00418011
720.32 -0.00118309 1 0.00188437 -0.00306747
720.76 -0.00217024 1 0.00179018 -0.00396043
721.21 -0.0021573 1 0.0016991 -0.00385641
721.65 -0.00014484 1 0.00161487 -0.00175971
722.09 -0.00013257 1 0.0015351 -0.00166767
722.53 -0.000120493 1 0.00145954 -0.00158003
722.97 0.000891392 1 0.00138792 -0.000496524
723.41 -9.69164e-05 1 0.00132001 -0.00141692
723.86 -8.51593e-05 1 0.00125417 -0.00133933
724.3 0.00092614 1 0.00119311 -0.000266972
724.74 0.000937246 1 0.00113515 -0.000197905
725.18 -0.00105184 1 0.0010801 -0.00213195
725.62 0.000958872 1 0.00102781 -6.89362e-05
726.06 0.000969393 1 0.000978108 -8.71529e-06
726.5 0.00197972 1 0.000930858 0.00104886
726.95 0.000990073 1 0.00088493 0.000105143
727.39 0 1 0.000842236 -0.000842236
727.83 9.7303e-06 1 0.000801612 -0.000791882
728.27 1.92649e-05 1 0.000762948 -0.000743683
728.71 0.00102861 1 0.000726141 0.000302464
729.15 0.00203775 1 0.000691095 0.00134666
729.59 4.67076e-05 1 0.000657719 -0.000611011
730.03 0.00105547 1 0.000625928 0.000429545
730.48 0.00306424 1 0.00059497 0.00246927
730.92 7.26249e-05 1 0.000566146 -0.000493521
731.36 0.00208082 1 0.00053868 0.00154214
731.8 -0.00191117 1 0.000512505 -0.00242367
732.24 0.00109666 1 0.000487559 0.000609104
732.68 0.00310431 1 0.000463783 0.00264053
733.12 0.00311177 1 0.00044112 0.00267065
733.56 0.00311906 1 0.000419519 0.00269954
734 0.00112616 1 0.000398929 0.000727235
734.44 0.00113309 1 0.000379303 0.00075379
734.89 0.00314 1 0.000360181 0.00277982
735.33 0.00114657 1 0.00034237 0.000804202
735.77 0.00215297 1 0.000325395 0.00182758
736.21 0.0041592 1 0.000309216 0.00384999
736.65 0.00416526 1 0.000293799 0.00387146
737.09 0.00117115 1 0.000279107 0.000892044
737.53 0.00517687 1 0.000265108 0.00491176
737.97 0.00518243 1 0.000251771 0.00493066
738.41 0.00418782 1 0.000239066 0.00394875
738.85 0.00619304 1 0.000226964 0.00596608
739.29 0.0041981 1 0.000215439 0.00398266
739.73 0.004203 1 0.000204463 0.00399854
740.17 0.00320775 1 0.000194012 0.00301373
740.61 0.00321233 1 0.000184063 0.00302827
741.05 0.00221675 1 0.000174592 0.00204216
741.49 0.00422102 1 0.000165579 0.00405544
741.93 0.00222513 1 0.000157002 0.00206813
742.37 0.0062291 1 0.000148842 0.00608025
742.81 0.0062329 1 0.00014108 0.00609182
743.26 0.00523664 1 0.000133534 0.00510311
743.7 0.00224015 1 0.000126522 0.00211362
744.14 0.0052435 1 0.000119855 0.00512365
744.58 0.00524671 1 0.000113517 0.00513319
745.02 0.00224977 1 0.000107494 0.00214228
745.46 0.00725269 1 0.000101771 0.00715092
745.9 0.00425547 1 9.63334e-05 0.00415914
746.34 0.0032581 1 9.11687e-05 0.00316694
746.78 0.0032606 1 8.6264e-05 0.00317433
747.22 0.00326295 1 8.1607e-05 0.00318135
747.66 0.00326517 1 7.71863e-05 0.00318799
748.1 0.00326725 1 7.29905e-05 0.00319426
748.54 0.0032692 1 6.90091e-05 0.00320019
748.98 0.00327101 1 6.52319e-05 0.00320578
749.42 0.00527269 1 6.16491e-05 0.00521104
749.86 0.00527424 1 5.82515e-05 0.00521599
750.29 0.00427563 1 5.51014e-05 0.00422053
750.73 0.00527692 1 5.2044e-05 0.00522488
751.17 0.00427809 1 4.91464e-05 0.00422894
751.61 0.00227913 1 4.64008e-05 0.00223273
752.05 0.00428005 1 4.37997e-05 0.00423625
752.49 0.00328084 1 4.13361e-05 0.0032395
752.93 0.00228151 1 3.90033e-05 0.00224251
753.37 0.00428206 1 3.67946e-05 0.00424526
753.81 0.00328249 1 3.4704e-05 0.00324779
754.25 -0.000717198 1 3.27256e-05 -0.000749923
754.69 0.003283 1 3.08537e-05 0.00325214
755.13 0.00428308 1 2.90831e-05 0.004254
755.57 0.00328305 1 2.74084e-05 0.00325564
756.01 0.0032829 1 2.5825e-05 0.00325708
756.45 0.00328264 1 2.43281e-05 0.00325832
756.89 0.00728228 1 2.29134e-05 0.00725936
757.33 0.0042818 1 2.15765e-05 0.00426022
757.77 0.00128122 1 2.03135e-05 0.0012609
758.21 0.00428053 1 1.91206e-05 0.00426141
758.64 0.00427975 1 1.8019e-05 0.00426173
759.08 0.000278856 1 1.6954e-05 0.000261902
759.52 0.00327786 1 1.59487e-05 0.00326191
759.96 0.00127676 1 1.5e-05 0.00126176
760.4 0.00327556 1 1.41049e-05 0.00326146
760.84 0.00427427 1 1.32604e-05 0.004261
761.28 0.00227287 1 1.2464e-05 0.00226041
761.72 0.00327138 1 1.17131e-05 0.00325967
762.16 0.0022698 1 1.10052e-05 0.00225879
762.6 0.00426812 1 1.03379e-05 0.00425779
763.03 0.0032664 1 9.72301e-06 0.00325667
763.47 0.00126454 1 9.12983e-06 0.00125541
763.91 0.00226259 1 8.5711e-06 0.00225402
764.35 0.00226056 1 8.04492e-06 0.00225252
764.79 0.00325844 1 7.54952e-06 0.00325089
765.23 0.000256237 1 7.08318e-06 0.000249154
765.67 0.00425395 1 6.64429e-06 0.0042473
766.11 0.00325158 1 6.23134e-06 0.00324535
766.54 0.00124918 1 5.85143e-06 0.00124333
766.98 0.00224665 1 5.48555e-06 0.00224117
767.42 0.00224404 1 5.1415e-06 0.0022389
767.86 0.00324136 1 4.81805e-06 0.00323654
768.3 -0.00176141 1 4.51403e-06 -0.00176592
768.74 0.00123576 1 4.22833e-06 0.00123153
769.17 0.00223292 1 3.96583e-06 0.00222895
769.61 0.00622993 1 3.71334e-06 0.00622622
770.05 0.00422688 1 3.47622e-06 0.00422341
770.49 0.000223764 1 3.25358e-06 0.00022051
770.93 0.00222058 1 3.04457e-06 0.00221753
771.37 0.00221732 1 2.84842e-06 0.00221447
771.8 0.00221408 1 2.66842e-06 0.00221141
772.24 0.00721069 1 2.49549e-06 0.0072082
772.68 0.00520725 1 2.3333e-06 0.00520491
773.12 0.00320374 1 2.18121e-06 0.00320156
773.56 0.00620017 1 2.03862e-06 0.00619813
774 0.00319654 1 1.90496e-06 0.00319464
774.43 0.00419294 1 1.78246e-06 0.00419116
774.87 0.000189205 1 1.66492e-06 0.00018754
775.31 0.00218541 1 1.55483e-06 0.00218386
775.75 0.00218156 1 1.45171e-06 0.00218011
776.19 0.00117766 1 1.35516e-06 0.00117631
776.62 0.0041738 1 1.26676e-06 0.00417253
777.06 0.0021698 1 1.18204e-06 0.00216862
777.5 0.00216575 1 1.10276e-06 0.00216465
777.94 0.00316166 1 1.02858e-06 0.00316063
778.37 0.000157612 1 9.60728e-07 0.000156651
778.81 0.00315343 1 8.95747e-07 0.00315253
779.25 0.0051492 1 8.34991e-07 0.00514836
779.69 0.00314493 1 7.78199e-07 0.00314415
780.13 0.00014062 1 7.25121e-07 0.000139895
780.56 0.00513637 1 6.76617e-07 0.00513569
781 0.00313198 1 6.30215e-07 0.00313135
781.44 -0.00287244 1 5.86875e-07 -0.00287303
781.88 0.0021231 1 5.46405e-07 0.00212256
782.31 0.00311871 1 5.09453e-07 0.0031182
782.75 0.00311419 1 4.74131e-07 0.00311371
783.19 0.000109632 1 4.41169e-07 0.000109191
783.63 0.00310505 1 4.10415e-07 0.00310464
784.06 0.00110054 1 3.82357e-07 0.00110016
784.5 9.58961e-05 1 3.5556e-07 9.55406e-05
784.94 -0.000908771 1 3.30573e-07 -0.000909102
785.37 0.00108664 1 3.07792e-07 0.00108634
785.81 0.00408193 1 2.86047e-07 0.00408164
786.25 0.00107719 1 2.65785e-07 0.00107692
786.69 0.00407243 1 2.46908e-07 0.00407219
787.12 0.00406776 1 2.2971e-07 0.00406753
787.56 0.00106297 1 2.1331e-07 0.00106275
788 5.81542e-05 1 1.98039e-07 5.79561e-05
788.43 0.00205344 1 1.84137e-07 0.00205325
788.87 -0.000951407 1 1.70887e-07 -0.000951578
789.31 0.00404374 1 1.58557e-07 0.00404358
789.75 0.00603887 1 1.47088e-07 0.00603872
790.18 3.41029e-05 1 1.36654e-07 3.39662e-05
790.62 0.00302922 1 1.26718e-07 0.00302909
791.06 -0.000975679 1 1.17481e-07 -0.000975796
791.49 1.95317e-05 1 1.09083e-07 1.94226e-05
791.93 0.00401463 1 1.0109e-07 0.00401452
792.37 9.7152e-06 1 9.36643e-08 9.62154e-06
792.8 0.00100491 1 8.69174e-08 0.00100483
793.24 0 1 8.05002e-08 -8.05002e-08
793.68 -0.00100491 1 7.45417e-08 -0.00100499
794.11 -0.00100972 1 6.91313e-08 -0.00100978
794.55 0.00298537 1 6.39886e-08 0.00298531
794.99 0.00498047 1 5.92163e-08 0.00498041
795.42 -0.00202432 1 5.48859e-08 -0.00202438
795.86 0.00197078 1 5.07721e-08 0.00197073
796.3 0.0059659 1 4.69572e-08 0.00596585
796.73 0.00596113 1 4.34975e-08 0.00596109
797.17 -4.37372e-05 1 4.02129e-08 -4.37775e-05
797.61 0.00395141 1 3.71689e-08 0.00395137
798.04 0.00394667 1 3.441e-08 0.00394664
798.48 0.00194185 1 3.17925e-08 0.00194181
798.91 0.000937142 1 2.94211e-08 0.000937113
799.35 0.00193235 1 2.71721e-08 0.00193232
799.79 -7.24322e-05 1 2.509e-08 -7.24573e-05
800.22 -0.00107708 1 2.32048e-08 -0.00107711
800.66 -0.00208182 1 2.1418e-08 -0.00208184
801.1 -8.65364e-05 1 1.97648e-08 -8.65562e-05
