500.34 0.00166418 1 9.92376e-05 0.00156494
500.8 0.0017126 1 0.000105215 0.00160738
501.25 0.00275997 1 0.000111388 0.00264858
501.71 -0.000191606 1 0.000118048 -0.000309654
502.17 0.00185682 1 0.00012508 0.00173174
502.62 -9.58044e-05 1 0.000132336 -0.00022814
503.08 0.000952624 1 0.00014016 0.000812464
503.53 0 1 0.00014823 -0.00014823
503.99 4.84287e-05 1 0.000156927 -0.000108498
504.44 0.0020958 1 0.000165895 0.00192991
504.9 0.00114423 1 0.000175554 0.000968678
505.36 0.000192659 1 0.000185737 6.92176e-06
505.81 0.00124003 1 0.000196229 0.0010438
506.27 0.00128846 1 0.000207524 0.00108093
506.72 0.00233582 1 0.000219157 0.00211667
507.18 0.00138424 1 0.000231673 0.00115257
507.63 0.000431608 1 0.000244559 0.000187049
508.09 0.00248002 1 0.000258418 0.0022216
508.54 0.00152738 1 0.000272679 0.0012547
509 0.000575786 1 0.00028801 0.000287776
509.45 0.000623136 1 0.000303779 0.000319357
509.91 0.00167153 1 0.000320724 0.00135081
510.36 -0.000281124 1 0.000338145 -0.000619269
510.82 0.00176726 1 0.000356857 0.00141041
511.27 0.0028146 1 0.000376086 0.00243851
511.73 0.00286297 1 0.00039673 0.00246624
512.19 0.00191134 1 0.000418418 0.00149293
512.64 0.00195866 1 0.000440691 0.00151797
513.1 7.0165e-06 1 0.000464587 -0.000457571
513.55 0.00105432 1 0.000489117 0.0005652
514.01 0.000102661 1 0.000515422 -0.000412761
514.46 0.00214995 1 0.000542412 0.00160753
514.92 0.00119827 1 0.000571343 0.000626932
515.37 0.00224554 1 0.000601013 0.00164453
515.83 0.00329385 1 0.000632804 0.00266105
516.28 0.00334111 1 0.000665393 0.00267571
516.73 0.00338835 1 0.000699517 0.00268883
517.19 0.00143663 1 0.000736055 0.000700577
517.64 0.00148386 1 0.000773485 0.000710371
518.1 0.00253212 1 0.000813544 0.00171857
518.55 0.000579322 1 0.000854563 -0.000275242
519.01 0.000627563 1 0.000898443 -0.000270881
519.46 0.00367474 1 0.000943355 0.00273139
519.92 0.000722962 1 0.000991377 -0.000268416
520.37 0.00277012 1 0.00104051 0.00172961
520.83 0.00381831 1 0.00109301 0.0027253
521.28 0.00186545 1 0.00114671 0.000718739
521.74 0.000913614 1 0.00120407 -0.000290454
522.19 0.00196072 1 0.0012627 0.000698025
522.65 0.00100886 1 0.0013253 -0.00031644
523.1 0.00405594 1 0.00138926 0.00266668
523.55 0.00210301 1 0.00145601 0.000646996
524.01 0.00115111 1 0.00152724 -0.000376136
524.46 0.00519814 1 0.00159996 0.00359818
524.92 0.00124621 1 0.00167753 -0.000431319
525.37 0.00229322 1 0.00175668 0.000536533
525.83 0.00234125 1 0.00184107 0.00050018
526.28 0.00238823 1 0.00192715 0.000461076
526.73 0.00443519 1 0.00201684 0.00241834
527.19 0.00448317 1 0.0021124 0.00237077
527.64 0.0035301 1 0.00220981 0.00132029
528.1 0.00457805 1 0.00231353 0.00226451
528.55 0.00662494 1 0.00241921 0.00420572
529.01 0.00567285 1 0.00253171 0.00314114
529.46 0.0047197 1 0.00264627 0.00207344
529.91 0.00476654 1 0.00276545 0.00200109
530.37 0.0068144 1 0.00289222 0.00392218
530.82 0.00686119 1 0.00302123 0.00383996
531.28 0.00490901 1 0.0031584 0.00175061
531.73 0.00495577 1 0.00329793 0.00165783
532.18 0.0080025 1 0.00344293 0.00455958
532.64 0.00605026 1 0.00359698 0.00245328
533.09 0.00809695 1 0.00375358 0.00434338
533.54 0.00914363 1 0.0039162 0.00522743
534 0.00819132 1 0.00408885 0.00410247
534.45 0.00723795 1 0.00426424 0.00297371
534.91 0.0092856 1 0.00445037 0.00483523
535.36 0.00933218 1 0.00463935 0.00469283
535.81 0.0103787 1 0.00483538 0.00554337
536.27 0.0104263 1 0.00504326 0.00538306
536.72 0.0124728 1 0.00525419 0.00721864
537.17 0.0105193 1 0.00547283 0.0050465
537.63 0.0115668 1 0.00570454 0.0058623
538.08 0.0116133 1 0.00593947 0.00567381
538.54 0.0126607 1 0.00618832 0.00647241
538.99 0.0147071 1 0.00644053 0.00826659
539.44 0.0137535 1 0.00670165 0.00705184
539.9 0.0138009 1 0.00697805 0.00682281
540.35 0.0128472 1 0.00725798 0.00558921
540.8 0.0158935 1 0.0075476 0.00834588
541.26 0.0149408 1 0.00785395 0.00708682
541.71 0.016987 1 0.00816399 0.00882301
542.16 0.0160332 1 0.00848455 0.00754867
542.62 0.0190804 1 0.00882338 0.010257
543.07 0.0181266 1 0.00916605 0.00896053
543.52 0.0161727 1 0.00952009 0.00665262
543.98 0.0152198 1 0.00989406 0.00532577
544.43 0.0192659 1 0.010272 0.00899391
544.88 0.0193119 1 0.0106622 0.00864975
545.34 0.021359 1 0.0110741 0.0102849
545.79 0.0194049 1 0.01149 0.00791496
546.24 0.0214509 1 0.0119191 0.00953177
546.69 0.0224968 1 0.0123618 0.010135
547.15 0.0245437 1 0.0128285 0.0117152
547.6 0.0255896 1 0.0132995 0.0122901
548.05 0.0236354 1 0.0137849 0.00985049
548.51 0.0246822 1 0.0142964 0.0103858
548.96 0.023728 1 0.0148122 0.00891582
549.41 0.0267737 1 0.0153434 0.0114303
549.86 0.0268194 1 0.0158904 0.010929
550.32 0.0288661 1 0.0164662 0.0123998
550.77 0.0279117 1 0.0170463 0.0108654
551.22 0.0289573 1 0.0176431 0.0113142
551.68 0.0300039 1 0.018271 0.0117328
552.13 0.0310494 1 0.018903 0.0121464
552.58 0.0320949 1 0.0195529 0.012542
553.03 0.0341404 1 0.020221 0.0139194
553.49 0.0321868 1 0.0209231 0.0112637
553.94 0.0342322 1 0.0216291 0.0126031
554.39 0.0372775 1 0.0223544 0.0149232
554.84 0.0363228 1 0.0230992 0.0132236
555.3 0.0363691 1 0.0238813 0.0124878
555.75 0.0384144 1 0.0246669 0.0137474
556.2 0.0394596 1 0.0254732 0.0139863
556.65 0.0385047 1 0.0263005 0.0122042
557.11 0.0435508 1 0.0271682 0.0163826
557.56 0.0385959 1 0.028039 0.0105569
558.01 0.041641 1 0.0289318 0.0127092
558.46 0.041686 1 0.029847 0.011839
558.92 0.043732 1 0.0308059 0.0129261
559.37 0.0457769 1 0.0317673 0.0140096
559.82 0.0458218 1 0.032752 0.0130698
560.27 0.0468666 1 0.0337603 0.0131063
560.72 0.0479115 1 0.0347926 0.0131188
561.18 0.0489572 1 0.035873 0.0130842
561.63 0.0490019 1 0.0369547 0.0120473
562.08 0.0500466 1 0.0380612 0.0119854
562.53 0.0510913 1 0.039193 0.0118983
562.99 0.0541369 1 0.0403762 0.0137607
563.44 0.0541814 1 0.0415596 0.0126218
563.89 0.053226 1 0.0427691 0.0104569
564.34 0.0552704 1 0.0440047 0.0112657
564.79 0.0553149 1 0.0452669 0.0100479
565.25 0.0573602 1 0.0465848 0.0107755
565.7 0.0604046 1 0.0479012 0.0125034
566.15 0.0624489 1 0.0492448 0.013204
566.6 0.0614931 1 0.0506159 0.0108773
567.05 0.0625373 1 0.0520145 0.0105229
567.5 0.0635815 1 0.0534409 0.0101406
567.96 0.0626266 1 0.0549278 0.00769879
568.41 0.0646707 1 0.0564109 0.00825982
568.86 0.0657147 1 0.0579222 0.00779254
569.31 0.0677587 1 0.0594618 0.00829683
569.76 0.0668026 1 0.06103 0.00577257
570.21 0.0688465 1 0.0626268 0.00621965
570.67 0.0718913 1 0.0642888 0.0076025
571.12 0.0719351 1 0.0659437 0.00599137
571.57 0.0739788 1 0.0676275 0.00635134
572.02 0.0750225 1 0.0693401 0.00568239
572.47 0.0750662 1 0.0710817 0.00398449
572.92 0.0781098 1 0.0728521 0.00525762
573.37 0.0791533 1 0.0746515 0.0045018
573.83 0.0801978 1 0.0765207 0.00367707
574.28 0.0782412 1 0.0783784 -0.000137204
574.73 0.0822846 1 0.0802649 0.00201971
575.18 0.083328 1 0.0821801 0.0011479
575.63 0.0853713 1 0.0841238 0.00124746
576.08 0.0854145 1 0.086096 -0.000681482
576.53 0.0864577 1 0.0880965 -0.00163878
576.98 0.0895008 1 0.0901251 -0.000624271
577.44 0.0925449 1 0.0922277 0.000317172
577.89 0.0925879 1 0.0943126 -0.00172473
578.34 0.0956309 1 0.0964251 -0.000794203
578.79 0.0946738 1 0.0985648 -0.00389098
579.24 0.0997167 1 0.100731 -0.00101479
579.69 0.0987595 1 0.102925 -0.00416533
580.14 0.0998023 1 0.105145 -0.00534229
580.59 0.103845 1 0.10739 -0.00354532
581.04 0.103888 1 0.109662 -0.00577405
581.49 0.10493 1 0.111958 -0.00702809
581.95 0.108974 1 0.114332 -0.00535794
582.4 0.111016 1 0.116678 -0.00566187
582.85 0.112059 1 0.119048 -0.00698979
583.3 0.115101 1 0.121442 -0.00634119
583.75 0.117143 1 0.123859 -0.00671558
584.2 0.118186 1 0.126298 -0.00811242
584.65 0.121228 1 0.128759 -0.00753113
585.1 0.12327 1 0.131241 -0.00797115
585.55 0.125312 1 0.133744 -0.00843186
586 0.127354 1 0.136267 -0.00891262
586.45 0.129396 1 0.138809 -0.00941278
586.9 0.133438 1 0.14137 -0.00793166
587.35 0.13448 1 0.143948 -0.00946854
587.8 0.138522 1 0.146544 -0.00802269
588.25 0.141563 1 0.149157 -0.00759337
588.71 0.144606 1 0.151843 -0.00723744
589.16 0.145648 1 0.154487 -0.00883913
589.61 0.149689 1 0.157144 -0.00745492
590.06 0.151731 1 0.159815 -0.00808396
590.51 0.154772 1 0.162497 -0.00772538
590.96 0.155813 1 0.165192 -0.00937829
591.41 0.158855 1 0.167896 -0.00904177
591.86 0.160896 1 0.170611 -0.0097149
592.31 0.165937 1 0.173334 -0.00739671
592.76 0.166978 1 0.176064 -0.00908622
593.21 0.172019 1 0.178802 -0.00678245
593.66 0.17206 1 0.181545 -0.00948438
594.11 0.179101 1 0.184292 -0.00519097
594.56 0.181142 1 0.187043 -0.00590117
595.01 0.185183 1 0.189797 -0.00461392
595.46 0.188224 1 0.192552 -0.00432812
595.91 0.193264 1 0.195307 -0.00204268
596.36 0.194305 1 0.198061 -0.00375648
596.81 0.196345 1 0.200814 -0.00446839
597.26 0.199386 1 0.203563 -0.00417727
597.71 0.202426 1 0.206308 -0.00388196
598.16 0.205467 1 0.209048 -0.0035813
598.61 0.208507 1 0.211781 -0.00327411
599.06 0.210547 1 0.214506 -0.0039592
599.51 0.215587 1 0.217222 -0.00163537
599.96 0.218627 1 0.219929 -0.00130144
600.41 0.222667 1 0.222623 4.38168e-05
600.86 0.222707 1 0.225305 -0.0025984
601.31 0.226747 1 0.227974 -0.00122687
601.76 0.232787 1 0.230627 0.00215962
602.21 0.232826 1 0.233264 -0.000437726
602.65 0.235865 1 0.235826 3.94546e-05
603.1 0.240905 1 0.238427 0.00247767
603.55 0.240944 1 0.241009 -6.43414e-05
604 0.245984 1 0.243569 0.00241462
604.45 0.249023 1 0.246107 0.00291574
604.9 0.252062 1 0.248622 0.0034402
605.35 0.255102 1 0.251112 0.00398917
605.8 0.259141 1 0.253577 0.00556379
606.25 0.26018 1 0.256015 0.0041652
606.7 0.264219 1 0.258424 0.00579451
607.15 0.266258 1 0.260805 0.00545281
607.6 0.267297 1 0.263155 0.00414117
608.05 0.272335 1 0.265475 0.00686062
608.5 0.272374 1 0.267762 0.00461218
608.95 0.275413 1 0.270016 0.00539681
609.39 0.27845 1 0.272187 0.00626355
609.84 0.282489 1 0.274373 0.00811631
610.29 0.281527 1 0.276522 0.00500482
610.74 0.280566 1 0.278636 0.00192986
611.19 0.283604 1 0.280712 0.00289221
611.64 0.287642 1 0.282749 0.00489256
612.09 0.28768 1 0.284749 0.00293154
612.54 0.288718 1 0.286708 0.00200974
612.99 0.289756 1 0.288628 0.00112765
613.44 0.291794 1 0.290508 0.00128573
613.88 0.292831 1 0.292307 0.000523899
614.33 0.294869 1 0.294106 0.000762361
614.78 0.295906 1 0.295864 4.17922e-05
615.23 0.297944 1 0.297582 0.000362289
615.68 0.298981 1 0.299257 -0.000276151
616.13 0.300019 1 0.300892 -0.000873635
616.58 0.301056 1 0.302486 -0.00143038
617.03 0.300093 1 0.30404 -0.00394671
617.47 0.30213 1 0.30552 -0.00339071
617.92 0.301167 1 0.306995 -0.00582858
618.37 0.304204 1 0.308431 -0.00422777
618.82 0.303241 1 0.30983 -0.00658912
619.27 0.306277 1 0.311191 -0.00491364
619.72 0.306314 1 0.312517 -0.00620246
620.17 0.307351 1 0.313808 -0.0064569
620.61 0.306387 1 0.315038 -0.0086516
621.06 0.307423 1 0.316266 -0.00884249
621.51 0.312459 1 0.317463 -0.00500385
621.96 0.310496 1 0.318633 -0.00813767
622.41 0.310532 1 0.319778 -0.0092461
622.86 0.311568 1 0.3209 -0.00933152
623.3 0.308604 1 0.321976 -0.013373
623.75 0.31264 1 0.32306 -0.0104206
624.2 0.312675 1 0.324129 -0.0114533
624.65 0.315711 1 0.325186 -0.00947429
625.1 0.316747 1 0.326234 -0.00948694
625.54 0.316782 1 0.327254 -0.0104724
625.99 0.318817 1 0.328297 -0.0094792
626.44 0.319853 1 0.329342 -0.00948882
626.89 0.320888 1 0.330394 -0.00950544
627.34 0.322924 1 0.331457 -0.00853343
627.78 0.321958 1 0.332512 -0.010554
628.23 0.325993 1 0.333611 -0.0076181
628.68 0.326028 1 0.334736 -0.00870778
629.13 0.325063 1 0.335891 -0.0108282
629.58 0.331098 1 0.337083 -0.00598452
630.02 0.333132 1 0.338287 -0.00515525
630.47 0.336167 1 0.339566 -0.00339906
630.92 0.336201 1 0.340897 -0.00469561
631.37 0.338236 1 0.342287 -0.00405077
631.81 0.342269 1 0.343708 -0.00143825
632.26 0.343304 1 0.345231 -0.00192709
632.71 0.347338 1 0.346831 0.000507332
633.16 0.349372 1 0.348513 0.000858805
633.61 0.350406 1 0.350285 0.000121083
634.05 0.355439 1 0.35211 0.00332973
634.5 0.356473 1 0.354076 0.00239721
634.95 0.360507 1 0.35615 0.00435696
635.4 0.366541 1 0.358338 0.00820288
635.84 0.364574 1 0.360593 0.00398084
636.29 0.371607 1 0.363023 0.00858408
636.74 0.37364 1 0.365584 0.00805606
637.18 0.380673 1 0.368221 0.012452
637.63 0.382706 1 0.371058 0.0116485
638.08 0.384739 1 0.374041 0.0106981
638.53 0.391772 1 0.377176 0.0145961
638.97 0.394805 1 0.380392 0.0144125
639.42 0.401837 1 0.383839 0.0179986
639.87 0.40387 1 0.387448 0.0164216
640.32 0.408903 1 0.391224 0.0176784
640.76 0.414935 1 0.395079 0.0198554
641.21 0.416967 1 0.39919 0.0177767
641.66 0.419999 1 0.403473 0.016526
642.1 0.427031 1 0.407828 0.0192027
642.55 0.431063 1 0.412453 0.0186102
643 0.434095 1 0.41725 0.0168453
643.44 0.438126 1 0.422105 0.0160209
643.89 0.443158 1 0.427239 0.0159195
644.34 0.45019 1 0.432538 0.0176518
644.79 0.457222 1 0.438 0.0192213
645.23 0.462252 1 0.443494 0.0187583
645.68 0.466284 1 0.449264 0.0170196
646.13 0.470315 1 0.455181 0.0151337
646.57 0.475346 1 0.461103 0.014243
647.02 0.484377 1 0.46729 0.0170873
647.47 0.488408 1 0.4736 0.0148077
647.91 0.496438 1 0.479881 0.0165571
648.36 0.498469 1 0.486408 0.0120615
648.81 0.5055 1 0.493027 0.012473
649.25 0.51153 1 0.499577 0.0119529
649.7 0.51556 1 0.506343 0.00921743
650.15 0.519591 1 0.513163 0.00642776
650.59 0.52762 1 0.51987 0.00775051
651.04 0.530651 1 0.526753 0.00389719
651.48 0.53468 1 0.533493 0.00118763
651.93 0.53971 1 0.540377 -0.000666785
652.38 0.54674 1 0.547236 -0.00049635
652.82 0.548769 1 0.553902 -0.005133
653.27 0.553799 1 0.560659 -0.0068604
653.72 0.562829 1 0.567337 -0.0045084
654.16 0.563857 1 0.573771 -0.00991351
654.61 0.570887 1 0.580235 -0.00934776
655.06 0.572916 1 0.586561 -0.0136447
655.5 0.577945 1 0.592594 -0.0146499
655.95 0.580974 1 0.59859 -0.0176167
656.39 0.586002 1 0.604263 -0.0182609
656.84 0.591031 1 0.60985 -0.0188195
657.29 0.59206 1 0.615202 -0.0231424
657.73 0.596088 1 0.620188 -0.0241002
658.18 0.606116 1 0.625016 -0.0188997
658.62 0.608144 1 0.629453 -0.0213095
659.07 0.613172 1 0.633684 -0.0205123
659.52 0.6162 1 0.637587 -0.0213868
659.96 0.619228 1 0.641069 -0.0218416
660.41 0.620256 1 0.644273 -0.0240176
660.85 0.623283 1 0.647042 -0.023759
661.3 0.627311 1 0.649487 -0.0221762
661.74 0.632338 1 0.651487 -0.0191488
662.19 0.630365 1 0.653119 -0.022754
662.64 0.633393 1 0.654324 -0.0209311
663.08 0.63942 1 0.655078 -0.0156583
663.53 0.639447 1 0.655406 -0.0159595
663.97 0.641473 1 0.655287 -0.0138139
664.42 0.6435 1 0.654709 -0.0112085
664.86 0.642526 1 0.653692 -0.0111651
665.31 0.642553 1 0.652186 -0.0096326
665.75 0.646579 1 0.650256 -0.0036766
666.2 0.645606 1 0.647813 -0.00220712
666.65 0.642632 1 0.644896 -0.00226361
667.09 0.642658 1 0.641587 0.00107121
667.54 0.641684 1 0.637738 0.00394589
667.98 0.64071 1 0.633526 0.00718398
668.43 0.634735 1 0.628763 0.00597237
668.87 0.631761 1 0.623669 0.00809141
669.32 0.632786 1 0.618021 0.0147654
669.76 0.626811 1 0.612078 0.014733
670.21 0.621837 1 0.605582 0.0162545
670.65 0.614862 1 0.598833 0.0160285
671.1 0.613887 1 0.591537 0.0223498
671.54 0.602912 1 0.584032 0.0188794
671.99 0.596937 1 0.575992 0.0209444
672.43 0.589961 1 0.56779 0.0221708
672.88 0.579986 1 0.55907 0.0209157
673.32 0.57301 1 0.550237 0.0227732
673.77 0.563034 1 0.540907 0.0221277
674.21 0.553058 1 0.531513 0.021545
674.66 0.541082 1 0.521649 0.0194336
675.1 0.535106 1 0.511771 0.0233347
675.55 0.52113 1 0.501452 0.0196779
675.99 0.512154 1 0.49117 0.0209836
676.44 0.500177 1 0.480478 0.0196993
676.88 0.4892 1 0.469872 0.0193285
677.33 0.476224 1 0.458891 0.0173333
677.77 0.463247 1 0.448043 0.0152042
678.22 0.44927 1 0.436856 0.0124146
678.66 0.440293 1 0.425847 0.014446
679.11 0.426316 1 0.414536 0.0117795
679.55 0.411338 1 0.403446 0.00789204
679.99 0.400361 1 0.392345 0.0080161
680.44 0.387383 1 0.380998 0.00638586
680.88 0.371406 1 0.369928 0.00147785
681.33 0.360428 1 0.35865 0.00177814
681.77 0.34745 1 0.347682 -0.000232499
682.22 0.332472 1 0.336543 -0.00407137
682.66 0.321494 1 0.325744 -0.00425016
683.11 0.311516 1 0.314808 -0.00329236
683.55 0.298537 1 0.304236 -0.00569913
683.99 0.285558 1 0.293797 -0.00823882
684.44 0.27458 1 0.283271 -0.00869109
684.88 0.266601 1 0.273137 -0.00653649
685.33 0.253622 1 0.262947 -0.00932465
685.77 0.240643 1 0.253162 -0.0125195
686.21 0.233663 1 0.243564 -0.00990116
686.66 0.221684 1 0.23395 -0.012266
687.1 0.210705 1 0.224754 -0.0140498
687.55 0.202725 1 0.215566 -0.0128405
687.99 0.191745 1 0.206799 -0.0150532
688.44 0.184766 1 0.198059 -0.0132936
688.88 0.176786 1 0.189741 -0.0129554
689.32 0.165805 1 0.18165 -0.0158446
689.77 0.158825 1 0.173613 -0.0147876
690.21 0.148845 1 0.165989 -0.0171445
690.65 0.144864 1 0.158599 -0.0137347
691.1 0.134884 1 0.151282 -0.0163985
691.54 0.126903 1 0.144365 -0.0174619
691.99 0.119922 1 0.137531 -0.0176091
692.43 0.116941 1 0.131084 -0.0141432
692.87 0.10896 1 0.124867 -0.0159077
693.32 0.104979 1 0.118745 -0.0137665
693.76 0.0989971 1 0.112987 -0.0139897
694.2 0.0940154 1 0.107451 -0.0134352
694.65 0.088034 1 0.102015 -0.0139807
695.09 0.084052 1 0.0969168 -0.0128648
695.53 0.0780699 1 0.0920295 -0.0139596
695.98 0.0750881 1 0.0872443 -0.0121562
696.42 0.0711057 1 0.082769 -0.0116633
696.86 0.0651232 1 0.07849 -0.0133668
697.31 0.060141 1 0.0743116 -0.0141706
697.75 0.0601582 1 0.0704139 -0.0102557
698.19 0.0551753 1 0.0666966 -0.0115213
698.64 0.0531927 1 0.0630757 -0.009883
699.08 0.0522095 1 0.0597062 -0.00749674
699.52 0.0482262 1 0.0565003 -0.00827406
699.97 0.0432432 1 0.0533846 -0.0101414
700.41 0.0442596 1 0.0504918 -0.00623218
700.85 0.0412759 1 0.0477452 -0.00646932
701.3 0.0372924 1 0.0450816 -0.00778916
701.74 0.0323084 1 0.0426136 -0.0103051
702.18 0.0323243 1 0.0402748 -0.00795048
702.63 0.0313405 1 0.038011 -0.00667051
703.07 0.0283561 1 0.0359171 -0.00756106
703.51 0.0283716 1 0.0339364 -0.0055648
703.96 0.0263873 1 0.0320221 -0.00563487
704.4 0.0234025 1 0.0302544 -0.00685194
704.84 0.0204175 1 0.0285846 -0.00816701
705.28 0.0194325 1 0.0270078 -0.00757532
705.73 0.0204476 1 0.0254867 -0.00503909
706.17 0.0194623 1 0.0240843 -0.00462204
706.61 0.0164768 1 0.0227615 -0.00628473
707.06 0.0154915 1 0.0214867 -0.00599517
707.5 0.0135057 1 0.0203123 -0.00680661
707.94 0.0115198 1 0.0192055 -0.00768568
708.38 0.0145338 1 0.0181625 -0.0036287
708.83 0.0125479 1 0.0171581 -0.00461017
709.27 0.0135616 1 0.0162335 -0.0026719
709.71 0.00957516 1 0.0153625 -0.00578737
710.15 0.00758856 1 0.0145421 -0.0069535
710.6 0.0106021 1 0.0137521 -0.00315002
711.04 0.00761523 1 0.013025 -0.00540981
711.48 0.00662821 1 0.0123401 -0.00571185
711.92 0.010641 1 0.0116947 -0.00105362
712.37 0.00365402 1 0.0110731 -0.00741906
712.81 0.00466657 1 0.0105007 -0.00583409
713.25 0.00367897 1 0.00996103 -0.00628206
713.69 0.00669123 1 0.00945221 -0.00276098
714.13 0.000703352 1 0.00897231 -0.00826895
714.58 0.000715597 1 0.00850955 -0.00779395
715.02 0.000727426 1 0.00808281 -0.00735538
715.46 0.00273911 1 0.00767993 -0.00494082
715.9 -0.000249349 1 0.00729943 -0.00754878
716.35 0.0027623 1 0.00693199 -0.00416968
716.79 0.000773553 1 0.00659262 -0.00581906
717.23 0.00178466 1 0.0062717 -0.00448704
717.67 0.00279561 1 0.0059681 -0.00317248
718.11 0.000806426 1 0.00568075 -0.00487432
718.56 -0.000182668 1 0.00540264 -0.00558531
719 -0.000172151 1 0.00514518 -0.00531733
719.44 -0.00116178 1 0.00490116 -0.00606294
719.88 0.00184844 1 0.00466976 -0.00282132
720.32 -0.000141481 1 0.00445022 -0.00459171
720.76 -0.000131553 1 0.00424185 -0.0043734
721.21 -0.00112155 1 0.00403959 -0.00516114
721.65 -0.000111922 1 0.00385181 -0.00396373
722.09 -0.000102441 1 0.00367332 -0.00377576
722.53 -9.3108e-05 1 0.00350359 -0.0035967
722.97 -8.39243e-05 1 0.00334213 -0.00342605
723.41 -0.00107489 1 0.00318845 -0.00426334
723.86 -0.0020658 1 0.0030389 -0.0051047
724.3 0.000942927 1 0.00289969 -0.00195677
724.74 0.00195151 1 0.00276705 -0.000815543
725.18 -0.00304006 1 0.00264062 -0.00568068
725.62 0.00096822 1 0.00252008 -0.00155186
726.06 0.000976349 1 0.0024051 -0.00142875
726.5 0.00198433 1 0.00229541 -0.000311085
726.95 -0.00100767 1 0.00218841 -0.00319608
727.39 0 1 0.0020886 -0.0020886
727.83 -0.00199248 1 0.0019933 -0.00398578
728.27 -0.000985113 1 0.00190229 -0.00288741
728.71 -0.000977896 1 0.00181537 -0.00279327
729.15 2.91722e-05 1 0.00173234 -0.00170317
729.59 -0.00196391 1 0.001653 -0.00361691
730.03 4.28652e-05 1 0.0015772 -0.00153433
730.48 0.00304964 1 0.00150314 0.0015465
730.92 -0.000943881 1 0.00143398 -0.00237786
731.36 6.24535e-05 1 0.00136787 -0.00130542
731.8 -0.00193136 1 0.00130468 -0.00323603
732.24 7.46939e-05 1 0.00124428 -0.00116958
732.68 -0.000919398 1 0.00118654 -0.00210594
733.12 0.00108637 1 0.00113134 -4.49736e-05
733.56 0.001092 1 0.00107858 1.34148e-05
734 9.74905e-05 1 0.00102815 -0.000930663
734.44 0.00110284 1 0.000979948 0.000122896
734.89 0.00210818 1 0.000932851 0.00117533
735.33 0.00111326 1 0.000888861 0.000224399
735.77 0.00211821 1 0.000846821 0.00127139
736.21 0.00212302 1 0.000806648 0.00131637
736.65 0.0011277 1 0.000768262 0.00035944
737.09 0.00113225 1 0.000731587 0.000400666
737.53 0.00413667 1 0.000696551 0.00344012
737.97 0.00414097 1 0.000663085 0.00347788
738.41 0.00214513 1 0.000631121 0.00151401
738.85 0.00414917 1 0.000600598 0.00354857
739.29 0.00415308 1 0.000571453 0.00358163
739.73 0.00215687 1 0.000543628 0.00161324
740.17 0.00216053 1 0.000517068 0.00164346
740.61 0.00316407 1 0.000491718 0.00267235
741.05 0.00116749 1 0.000467528 0.000699962
741.49 0.00417079 1 0.000444449 0.00372634
741.93 0.000173968 1 0.000422432 -0.000248464
742.37 0.00417703 1 0.000401433 0.0037756
742.81 0.00517997 1 0.000381408 0.00479856
743.26 0.00418286 1 0.000361891 0.00382097
743.7 -0.000814433 1 0.00034371 -0.00115814
744.14 0.00618816 1 0.000326381 0.00586178
744.58 0.00319064 1 0.000309868 0.00288077
745.02 0.000193007 1 0.000294136 -0.000101128
745.46 0.00319526 1 0.000279149 0.00291611
745.9 0.00319741 1 0.000264876 0.00293253
746.34 0.00319944 1 0.000251286 0.00294816
746.78 0.00220137 1 0.000238347 0.00196302
747.22 0.00220319 1 0.000226031 0.00197716
747.66 0.00120491 1 0.000214311 0.000990594
748.1 0.00220651 1 0.00020316 0.00200335
748.54 0.00220802 1 0.000192552 0.00201547
748.98 0.00220942 1 0.000182463 0.00202696
749.42 0.00521072 1 0.000172869 0.00503785
749.86 0.00421191 1 0.000163748 0.00404816
750.29 0.00121299 1 0.000155271 0.00105771
750.73 0.00321399 1 0.000147023 0.00306696
751.17 0.00121489 1 0.000139186 0.0010757
751.61 0.00121569 1 0.000131741 0.00108395
752.05 0.0022164 1 0.00012467 0.00209173
752.49 0.000217011 1 0.000117956 9.90545e-05
752.93 0.000217529 1 0.000111582 0.000105947
753.37 0.00221795 1 0.000105532 0.00211242
753.81 0.00421829 1 9.97911e-05 0.0041185
754.25 -0.00178147 1 9.43439e-05 -0.00187581
754.69 -0.00178132 1 8.91766e-05 -0.0018705
755.13 0.00221874 1 8.42761e-05 0.00213447
755.57 0.00221872 1 7.96294e-05 0.00213909
756.01 -0.000781395 1 7.52243e-05 -0.000856619
756.45 0.00321841 1 7.1049e-05 0.00314736
756.89 0.00621812 1 6.70925e-05 0.00615103
757.33 0.00321775 1 6.3344e-05 0.00315441
757.77 -0.000782696 1 5.97933e-05 -0.00084249
758.21 0.00121677 1 5.64307e-05 0.00116034
758.64 0.00121617 1 5.33173e-05 0.00116285
759.08 0.00021548 1 5.02995e-05 0.00016518
759.52 0.00421471 1 4.74434e-05 0.00416727
759.96 -0.00078614 1 4.47407e-05 -0.000830881
760.4 0.00121293 1 4.21837e-05 0.00117075
760.84 0.00121193 1 3.97652e-05 0.00117217
761.28 0.00121086 1 3.7478e-05 0.00117338
761.72 0.0012097 1 3.53155e-05 0.00117439
762.16 0.000208481 1 3.32714e-05 0.00017521
762.6 0.00120719 1 3.13394e-05 0.00117585
763.03 -0.000794148 1 2.95542e-05 -0.000823703
763.47 0.000204417 1 2.78274e-05 0.00017659
763.91 0.00320291 1 2.61964e-05 0.00317672
764.35 0.000201343 1 2.46562e-05 0.000176687
764.79 0.0021997 1 2.3202e-05 0.0021765
765.23 0.000198001 1 2.18294e-05 0.000176172
765.67 0.00319623 1 2.05339e-05 0.0031757
766.11 0.0021944 1 1.93116e-05 0.00217509
766.54 -0.00080745 1 1.8184e-05 -0.000825634
766.98 0.00119059 1 1.7095e-05 0.0011735
767.42 0.000188579 1 1.6068e-05 0.00017251
767.86 -0.000813497 1 1.50999e-05 -0.000828597
768.3 -0.000815631 1 1.41873e-05 -0.000829819
768.74 0.00118218 1 1.33272e-05 0.00116885
769.17 -0.00082002 1 1.25348e-05 -0.000832555
769.61 0.00217768 1 1.17704e-05 0.00216591
770.05 -0.000824681 1 1.10505e-05 -0.000835731
770.49 0.000172908 1 1.03726e-05 0.000162536
770.93 0.00417044 1 9.73435e-06 0.00416071
771.37 0.00316793 1 9.13362e-06 0.0031588
771.8 0.000165422 1 8.58077e-06 0.000156841
772.24 0.00316281 1 8.04814e-06 0.00315476
772.68 0.00316014 1 7.5471e-06 0.0031526
773.12 0.00315743 1 7.07588e-06 0.00315036
773.56 0.00315468 1 6.63279e-06 0.00314804
774 0.000151875 1 6.21623e-06 0.000145659
774.43 0.00314909 1 5.83334e-06 0.00314326
774.87 -0.000853796 1 5.46489e-06 -0.000859261
775.31 0.00114327 1 5.11871e-06 0.00113815
775.75 0.000140298 1 4.79353e-06 0.000135505
776.19 0.00113728 1 4.48814e-06 0.0011328
776.62 0.000134301 1 4.2077e-06 0.000130094
777.06 -0.00086879 1 3.93812e-06 -0.000872728
777.5 0.00112808 1 3.68509e-06 0.0011244
777.94 0.00212492 1 3.44764e-06 0.00212147
778.37 0.00312179 1 3.22978e-06 0.00311856
778.81 0.00111856 1 3.02051e-06 0.00111554
779.25 0.00311529 1 2.82425e-06 0.00311247
779.69 0.00311199 1 2.64023e-06 0.00310935
780.13 -0.00189134 1 2.46772e-06 -0.00189381
780.56 0.000105377 1 2.30959e-06 0.000103067
781 0.00410199 1 2.15785e-06 0.00409983
781.44 9.85694e-05 1 2.01569e-06 9.65538e-05
781.88 0.00409512 1 1.88253e-06 0.00409324
782.31 0.00109173 1 1.76057e-06 0.00108997
782.75 0.00308824 1 1.64363e-06 0.00308659
783.19 0.00308472 1 1.53416e-06 0.00308318
783.63 8.11725e-05 1 1.4317e-06 7.97408e-05
784.06 -0.00292231 1 1.33793e-06 -0.00292365
784.5 0.0010741 1 1.2481e-06 0.00107285
784.94 -0.000929505 1 1.16407e-06 -0.000930669
785.37 0.00206695 1 1.08722e-06 0.00206586
785.81 0.00106331 1 1.01363e-06 0.00106229
786.25 -0.000940353 1 9.4484e-07 -0.000941298
786.69 0.00205597 1 8.80547e-07 0.00205509
787.12 0.00205236 1 8.21789e-07 0.00205154
787.56 0.00204866 1 7.65575e-07 0.00204789
788 0.00204494 1 7.13067e-07 0.00204422
788.43 -0.000958709 1 6.65109e-07 -0.000959374
788.87 0.00403755 1 6.19253e-07 0.00403693
789.31 0.0030338 1 5.76447e-07 0.00303322
789.75 0.00403004 1 5.36495e-07 0.0040295
790.18 2.63522e-05 1 5.00034e-07 2.58522e-05
790.62 2.25761e-05 1 4.652e-07 2.21109e-05
791.06 0.00201879 1 4.32707e-07 0.00201836
791.49 0.00101509 1 4.03072e-07 0.00101469
791.93 0.0040113 1 3.74775e-07 0.00401093
792.37 0.00100751 1 3.48396e-07 0.00100716
792.8 0.0020038 1 3.24351e-07 0.00200347
793.24 0 1 3.01406e-07 -3.01406e-07
793.68 -0.0010038 1 2.8003e-07 -0.00100408
794.11 -0.00100751 1 2.60556e-07 -0.00100777
794.55 0.0039887 1 2.41983e-07 0.00398846
794.99 -0.00101509 1 2.24691e-07 -0.00101532
795.42 0.000981206 1 2.08947e-07 0.000980997
795.86 0.00297742 1 1.93941e-07 0.00297723
796.3 -2.63522e-05 1 1.79977e-07 -2.65322e-05
796.73 0.00396996 1 1.67272e-07 0.0039698
797.17 0.0029662 1 1.55169e-07 0.00296605
797.61 -3.75491e-05 1 1.43913e-07 -3.7693e-05
798.04 0.000958794 1 1.33678e-07 0.00095866
798.48 0.00295506 1 1.23934e-07 0.00295494
798.91 0.00295143 1 1.15076e-07 0.00295131
799.35 -5.22782e-05 1 1.06647e-07 -5.23849e-05
799.79 0.00294403 1 9.8816e-08 0.00294393
800.22 -0.00505956 1 9.17016e-08 -0.00505966
800.66 -0.00106323 1 8.49353e-08 -0.00106331
801.1 -6.68691e-05 1 7.8653e-08 -6.69477e-05
