500.34 0.000348106 1 6.4896e-05 0.00028321
500.8 0.0014421 1 6.86953e-05 0.00137341
501.25 0.000534057 1 7.26127e-05 0.000461444
501.71 -0.00237194 1 7.68324e-05 -0.00244877
502.17 0.00172206 1 8.12806e-05 0.00164078
502.62 -0.000185973 1 8.58639e-05 -0.000271837
503.08 -9.19651e-05 1 9.07978e-05 -0.000182763
503.53 0 1 9.58795e-05 -9.58795e-05
503.99 9.40087e-05 1 0.000101347 -7.33867e-06
504.44 0.000185973 1 0.000106977 7.89965e-05
504.9 0.00027998 1 0.000113031 0.000166949
505.36 0.000373985 1 0.000119404 0.000254581
505.81 -0.000534057 1 0.00012596 -0.000660017
506.27 0.000559942 1 0.000133007 0.000426935
506.72 0.000651894 1 0.000140254 0.00051164
507.18 0.00174588 1 0.000148041 0.00159784
507.63 -0.00216217 1 0.000156045 -0.00231822
508.09 0.000931806 1 0.00016464 0.000767166
508.54 2.37361e-05 1 0.000173472 -0.000149736
509 -0.000882298 1 0.000182953 -0.00106525
509.45 0.000209617 1 0.00019269 1.69275e-05
509.91 0.00230357 1 0.000203138 0.00210043
510.36 -0.000604535 1 0.000213864 -0.000818399
510.82 0.000489396 1 0.000225367 0.000264028
511.27 0.000581274 1 0.000237172 0.000344102
511.73 0.00167518 1 0.000249827 0.00142536
512.19 0.000769081 1 0.000263104 0.000505977
512.64 0.000860925 1 0.000276718 0.000584206
513.1 0.000954797 1 0.000291305 0.000663492
513.55 0.00104661 1 0.000306256 0.000740359
514.01 -0.000859541 1 0.000322267 -0.00118181
514.46 0.00223225 1 0.000338672 0.00189358
514.92 0.00232606 1 0.000356233 0.00196983
515.37 0.00141782 1 0.000374217 0.0010436
515.83 0.0025116 1 0.00039346 0.00211814
516.28 0.00260332 1 0.000413158 0.00219017
516.73 0.00169503 1 0.000433757 0.00126127
517.19 0.00178876 1 0.000455783 0.00133297
517.64 -0.00111957 1 0.000478315 -0.00159789
518.1 -2.5887e-05 1 0.000502398 -0.000528285
518.55 6.57423e-05 1 0.000527024 -0.000461282
519.01 0.00215939 1 0.000553333 0.00160605
519.46 0.000250973 1 0.000580224 -0.000329251
519.92 0.00134457 1 0.000608939 0.000735633
520.37 -0.000563886 1 0.000638277 -0.00120216
520.83 0.00452967 1 0.000669592 0.00386007
521.28 -0.00137884 1 0.000701571 -0.00208041
521.74 0.000714662 1 0.00073569 -2.10287e-05
522.19 0.000806105 1 0.000770518 3.5587e-05
522.65 -0.000100446 1 0.00080766 -0.000908105
523.1 0.000990945 1 0.000845557 0.000145389
523.55 0.00208231 1 0.000885057 0.00119725
524.01 0.00317568 1 0.000927153 0.00224852
524.46 0.00226698 1 0.000970076 0.00129691
524.92 0.000360289 1 0.0010158 -0.000655511
525.37 0.00245154 1 0.0010624 0.00138913
525.83 0.000544782 1 0.00111202 -0.000567242
526.28 0.00263597 1 0.00116258 0.00147339
526.73 0.00372712 1 0.00121519 0.00251194
527.19 0.00282027 1 0.00127117 0.00154911
527.64 0.00291136 1 0.00132816 0.0015832
528.1 0.00400444 1 0.00138877 0.00261567
528.55 0.00309546 1 0.00145046 0.001645
529.01 0.00318847 1 0.00151604 0.00167244
529.46 0.00427942 1 0.00158274 0.00269668
529.91 0.00237034 1 0.00165205 0.000718286
530.37 0.00246324 1 0.00172569 0.000737546
530.82 0.00255408 1 0.00180054 0.000753536
531.28 0.0036469 1 0.00188003 0.00176687
531.73 0.00373766 1 0.00196079 0.00177687
532.18 0.00282839 1 0.00204462 0.00078377
532.64 0.00292109 1 0.00213358 0.000787512
533.09 0.00501174 1 0.0022239 0.00278783
533.54 0.00710234 1 0.00231759 0.00478475
534 0.00419491 1 0.00241695 0.00177797
534.45 0.00228543 1 0.00251776 -0.00023233
534.91 0.00437792 1 0.00262463 0.00175329
535.36 0.00546835 1 0.00273301 0.00273534
535.81 0.00455874 1 0.00284531 0.00171343
536.27 0.00665109 1 0.00296427 0.00368683
536.72 0.00674139 1 0.00308483 0.00365656
537.17 0.00383164 1 0.00320966 0.00062198
537.63 0.00492385 1 0.00334181 0.00158204
538.08 0.00601401 1 0.00347565 0.00253836
538.54 0.00810612 1 0.00361727 0.00448885
538.99 0.00919618 1 0.00376064 0.00543554
539.44 0.00728619 1 0.00390892 0.00337728
539.9 0.00737815 1 0.0040657 0.00331245
540.35 0.00746806 1 0.00422432 0.00324375
540.8 0.00955792 1 0.00438826 0.00516967
541.26 0.0106497 1 0.00456148 0.00608825
541.71 0.00873948 1 0.00473661 0.00400288
542.16 0.00982918 1 0.00491748 0.0049117
542.62 0.0119208 1 0.00510848 0.00681235
543.07 0.0100104 1 0.00530143 0.00470899
543.52 0.0101 1 0.00550059 0.00459937
543.98 0.00919143 1 0.00571074 0.00348069
544.43 0.00828086 1 0.0059229 0.00235796
544.88 0.00937023 1 0.00614173 0.0032285
545.34 0.0134615 1 0.00637248 0.00708905
545.79 0.0115508 1 0.00660528 0.0049455
546.24 0.01264 1 0.00684522 0.00579475
546.69 0.0117291 1 0.00709248 0.00463663
547.15 0.0118202 1 0.00735297 0.0044672
547.6 0.0129092 1 0.00761553 0.00529366
548.05 0.0109981 1 0.0078859 0.00311224
548.51 0.013089 1 0.00817053 0.00491848
548.96 0.0141778 1 0.00845722 0.00572062
549.41 0.0152666 1 0.00875223 0.00651437
549.86 0.0143553 1 0.00905575 0.00529955
550.32 0.0144459 1 0.00937498 0.00507093
550.77 0.0135345 1 0.00969622 0.00383827
551.22 0.016623 1 0.0100265 0.00659652
551.68 0.0167134 1 0.0103736 0.00633983
552.13 0.0168018 1 0.0107226 0.00607916
552.58 0.0168901 1 0.0110812 0.00580888
553.03 0.0159783 1 0.0114495 0.0045288
553.49 0.0170685 1 0.0118363 0.00523219
553.94 0.0181566 1 0.0122248 0.00593176
554.39 0.0192446 1 0.0126236 0.00662101
554.84 0.0153326 1 0.0130328 0.00229977
555.3 0.0204224 1 0.0134621 0.00696034
555.75 0.0205102 1 0.0138929 0.00661733
556.2 0.019598 1 0.0143347 0.00526329
556.65 0.0216856 1 0.0147876 0.00689805
557.11 0.0237752 1 0.0152622 0.00851295
557.56 0.0208627 1 0.0157381 0.00512456
558.01 0.0219501 1 0.0162257 0.00572446
558.46 0.0220375 1 0.016725 0.00531249
558.92 0.0241268 1 0.0172478 0.00687892
559.37 0.025214 1 0.0177715 0.00744245
559.82 0.0233011 1 0.0183075 0.00499363
560.27 0.0263882 1 0.0188559 0.00753229
560.72 0.0244752 1 0.0194169 0.00505829
561.18 0.026564 1 0.0200035 0.00656051
561.63 0.0246508 1 0.0205904 0.00406044
562.08 0.0257376 1 0.0211903 0.00454727
562.53 0.0288242 1 0.0218034 0.00702085
562.99 0.0309128 1 0.0224439 0.0084689
563.44 0.0309993 1 0.023084 0.00791528
563.89 0.0290857 1 0.0237377 0.00534801
564.34 0.030172 1 0.024405 0.00576699
564.79 0.0292583 1 0.0250862 0.00417208
565.25 0.0313463 1 0.0257969 0.00554948
565.7 0.0344324 1 0.0265063 0.00792615
566.15 0.0325184 1 0.0272298 0.00528862
566.6 0.0326043 1 0.0279675 0.00463678
567.05 0.0346901 1 0.0287196 0.00597055
567.5 0.0347759 1 0.029486 0.00528985
567.96 0.0348634 1 0.0302844 0.00457897
568.41 0.035949 1 0.0310802 0.00486876
568.86 0.0380344 1 0.0318906 0.00614386
569.31 0.0381198 1 0.0327156 0.00540421
569.76 0.0372051 1 0.0335553 0.00364976
570.21 0.0382903 1 0.0344098 0.00388048
570.67 0.0383772 1 0.0352985 0.00307873
571.12 0.0404622 1 0.0361829 0.00427934
571.57 0.0405472 1 0.0370821 0.00346505
572.02 0.039632 1 0.0379961 0.00163582
572.47 0.0407167 1 0.038925 0.00179167
572.92 0.0438013 1 0.0398687 0.00393261
573.37 0.0438858 1 0.0408272 0.00305865
573.83 0.0429722 1 0.0418223 0.0011499
574.28 0.0430565 1 0.0428106 0.000245905
574.73 0.0461407 1 0.0438136 0.00232712
575.18 0.0462249 1 0.0448312 0.00139362
575.63 0.0473089 1 0.0458635 0.00144544
576.08 0.0453928 1 0.0469102 -0.00151731
576.53 0.0474767 1 0.0479712 -0.000494569
576.98 0.0485604 1 0.0490466 -0.000486224
577.44 0.0526459 1 0.0501606 0.00248531
577.89 0.0497294 1 0.0512646 -0.00153512
578.34 0.0528129 1 0.0523825 0.000430418
578.79 0.0528962 1 0.0535141 -0.000617944
579.24 0.0549794 1 0.0546595 0.000319955
579.69 0.0540625 1 0.0558183 -0.00175572
580.14 0.0551456 1 0.0569904 -0.0018448
580.59 0.0572285 1 0.0581755 -0.00094708
581.04 0.0563113 1 0.0593736 -0.00306237
581.49 0.059394 1 0.0605844 -0.00119046
581.95 0.0614784 1 0.061835 -0.000356612
582.4 0.0615609 1 0.0630707 -0.00150988
582.85 0.0606432 1 0.0643185 -0.00367523
583.3 0.0627255 1 0.0655779 -0.0028524
583.75 0.0618076 1 0.0668487 -0.00504112
584.2 0.0648897 1 0.0681308 -0.0032411
584.65 0.0659716 1 0.0694236 -0.00345205
585.1 0.0660534 1 0.0707271 -0.00467366
585.55 0.0681351 1 0.0720407 -0.0039056
586 0.0682167 1 0.0733642 -0.00514754
586.45 0.0692982 1 0.0746973 -0.00539914
586.9 0.0723795 1 0.0760396 -0.00366003
587.35 0.0724608 1 0.0773906 -0.00492986
587.8 0.0745419 1 0.0787501 -0.00420823
588.25 0.0756229 1 0.0801177 -0.00449476
588.71 0.0767056 1 0.0815235 -0.00481789
589.16 0.0787864 1 0.082906 -0.00411966
589.61 0.079867 1 0.0842954 -0.00442834
590.06 0.0819476 1 0.085691 -0.00374347
590.51 0.083028 1 0.0870926 -0.00406462
590.96 0.0861083 1 0.0884996 -0.00239131
591.41 0.0881885 1 0.0899115 -0.0017231
591.86 0.0862685 1 0.091328 -0.00505948
592.31 0.0903484 1 0.0927484 -0.00239997
592.76 0.0894283 1 0.0941723 -0.00474408
593.21 0.0915079 1 0.0955992 -0.00409128
593.66 0.0945875 1 0.0970286 -0.00244108
594.11 0.0956669 1 0.0984599 -0.00279293
594.56 0.0967463 1 0.0998926 -0.0031463
595.01 0.0998254 1 0.101326 -0.00150066
595.46 0.101905 1 0.10276 -0.000855443
595.91 0.102983 1 0.104194 -0.0012101
596.36 0.104062 1 0.105626 -0.00156407
596.81 0.104141 1 0.107058 -0.00291678
597.26 0.105219 1 0.108487 -0.00326765
597.71 0.108298 1 0.109914 -0.00161611
598.16 0.109376 1 0.111338 -0.00196157
598.61 0.110454 1 0.112758 -0.00230345
599.06 0.111532 1 0.114174 -0.00264114
599.51 0.11261 1 0.115584 -0.00297406
599.96 0.116688 1 0.11699 -0.000301615
600.41 0.118766 1 0.118389 0.000376795
600.86 0.117843 1 0.119781 -0.00193823
601.31 0.117921 1 0.121167 -0.00324611
601.76 0.123998 1 0.122544 0.00145377
602.21 0.122075 1 0.123913 -0.00183801
602.65 0.12415 1 0.125243 -0.00109245
603.1 0.125227 1 0.126593 -0.00136601
603.55 0.126304 1 0.127933 -0.00162948
604 0.13038 1 0.129262 0.0011177
604.45 0.131457 1 0.13058 0.000876105
604.9 0.132533 1 0.131887 0.000646279
605.35 0.132609 1 0.13318 -0.000571226
605.8 0.135685 1 0.134461 0.00122412
606.25 0.137761 1 0.135728 0.00203285
606.7 0.137837 1 0.136981 0.000855456
607.15 0.137912 1 0.13822 -0.00030756
607.6 0.139987 1 0.139443 0.000544274
608.05 0.142063 1 0.140651 0.00141141
608.5 0.141138 1 0.141844 -0.000705704
608.95 0.142213 1 0.14302 -0.000806668
609.39 0.145286 1 0.144153 0.00113283
609.84 0.146361 1 0.145296 0.00106494
610.29 0.145435 1 0.146421 -0.000985722
610.74 0.14851 1 0.147529 0.000981162
611.19 0.147584 1 0.148618 -0.00103414
611.64 0.150658 1 0.149689 0.000968616
612.09 0.152732 1 0.150742 0.00198963
612.54 0.150806 1 0.151777 -0.000970928
612.99 0.15188 1 0.152792 -0.000912936
613.44 0.151953 1 0.153789 -0.00183631
613.88 0.154025 1 0.154746 -0.000721116
614.33 0.157098 1 0.155706 0.00139242
614.78 0.156171 1 0.156646 -0.000475443
615.23 0.158244 1 0.157569 0.000675179
615.68 0.156317 1 0.158473 -0.00215588
616.13 0.157389 1 0.159358 -0.00196885
616.58 0.158462 1 0.160226 -0.00176402
617.03 0.158534 1 0.161076 -0.00254173
617.47 0.158604 1 0.16189 -0.00328568
617.92 0.160676 1 0.162707 -0.00203015
618.37 0.161748 1 0.163507 -0.0017586
618.82 0.16182 1 0.164292 -0.00247165
619.27 0.162891 1 0.165061 -0.00217
619.72 0.160963 1 0.165817 -0.00485441
620.17 0.164034 1 0.16656 -0.00252574
620.61 0.165103 1 0.167274 -0.0021704
621.06 0.164174 1 0.167993 -0.00381869
621.51 0.168245 1 0.168702 -0.000456898
621.96 0.166315 1 0.169402 -0.00308622
622.41 0.167386 1 0.170094 -0.00270791
622.86 0.168456 1 0.170779 -0.00232332
623.3 0.166524 1 0.171445 -0.00492036
623.75 0.166594 1 0.172122 -0.00552766
624.2 0.168664 1 0.172797 -0.00413319
624.65 0.170734 1 0.173472 -0.00273866
625.1 0.168803 1 0.174149 -0.00534584
625.54 0.172871 1 0.174814 -0.00194295
625.99 0.17394 1 0.175499 -0.00155905
626.44 0.175009 1 0.176191 -0.00118261
626.89 0.174077 1 0.176893 -0.00281572
627.34 0.174146 1 0.177606 -0.00346055
627.78 0.175213 1 0.178317 -0.00310452
628.23 0.177281 1 0.17906 -0.00177914
628.68 0.178349 1 0.179821 -0.0014723
629.13 0.179417 1 0.180603 -0.00118638
629.58 0.181484 1 0.181408 7.61535e-05
630.02 0.18155 1 0.18222 -0.000669909
630.47 0.184618 1 0.183079 0.00153905
630.92 0.186685 1 0.183968 0.00271714
631.37 0.185752 1 0.18489 0.000861824
631.81 0.186817 1 0.185826 0.00099075
632.26 0.186884 1 0.186822 6.18208e-05
632.71 0.18995 1 0.187858 0.00209189
633.16 0.192016 1 0.188938 0.00307844
633.61 0.193083 1 0.190064 0.00301902
634.05 0.195147 1 0.191211 0.00393635
634.5 0.194213 1 0.192434 0.00177892
634.95 0.198278 1 0.19371 0.00456851
635.4 0.200344 1 0.195041 0.00530293
635.84 0.199407 1 0.196397 0.00301014
636.29 0.202472 1 0.197843 0.00462945
636.74 0.204537 1 0.19935 0.00518776
637.18 0.207601 1 0.200883 0.00671753
637.63 0.207665 1 0.202515 0.00515044
638.08 0.209729 1 0.204211 0.00551785
638.53 0.213793 1 0.205975 0.00781863
638.97 0.215856 1 0.207764 0.00809185
639.42 0.21692 1 0.209661 0.00725831
639.87 0.218983 1 0.211627 0.00735602
640.32 0.220046 1 0.213662 0.00638478
640.76 0.225108 1 0.215718 0.00939069
641.21 0.224171 1 0.217888 0.00628343
641.66 0.230234 1 0.220126 0.0101082
642.1 0.230295 1 0.222379 0.00791633
642.55 0.231358 1 0.224748 0.0066095
643 0.23642 1 0.227182 0.00923829
643.44 0.23448 1 0.229621 0.00485929
643.89 0.239542 1 0.232176 0.00736653
644.34 0.241604 1 0.234788 0.00681592
644.79 0.244665 1 0.237455 0.00721034
645.23 0.250725 1 0.240113 0.0106126
645.68 0.249786 1 0.242878 0.00690815
646.13 0.251847 1 0.245688 0.00615938
646.57 0.253907 1 0.248474 0.00543294
647.02 0.257967 1 0.251358 0.00660944
647.47 0.259027 1 0.254272 0.00475536
647.91 0.261086 1 0.257146 0.00394022
648.36 0.266146 1 0.260104 0.00604157
648.81 0.265206 1 0.263077 0.00212903
649.25 0.267264 1 0.26599 0.00127376
649.7 0.273323 1 0.268971 0.00435236
650.15 0.274382 1 0.271946 0.00243644
650.59 0.27744 1 0.274842 0.00259735
651.04 0.278498 1 0.277785 0.000713163
651.48 0.277556 1 0.280636 -0.00308081
651.93 0.282614 1 0.283518 -0.000904071
652.38 0.281672 1 0.286357 -0.00468497
652.82 0.284728 1 0.289084 -0.00435547
653.27 0.287786 1 0.291815 -0.00402906
653.72 0.288844 1 0.29448 -0.0056363
654.16 0.2889 1 0.297013 -0.00811359
654.61 0.292957 1 0.299522 -0.00656546
655.06 0.294013 1 0.30194 -0.00792653
655.5 0.295069 1 0.304208 -0.00913951
655.95 0.296125 1 0.306422 -0.010297
656.39 0.29818 1 0.308476 -0.0102956
656.84 0.303236 1 0.310455 -0.00721837
657.29 0.303292 1 0.312303 -0.0090109
657.73 0.302346 1 0.313977 -0.0116305
658.18 0.305402 1 0.315545 -0.0101437
658.62 0.307456 1 0.316932 -0.00947655
659.07 0.309511 1 0.318194 -0.00868313
659.52 0.307565 1 0.319291 -0.0117251
659.96 0.310619 1 0.320198 -0.00957892
660.41 0.308673 1 0.320951 -0.012278
660.85 0.313726 1 0.321512 -0.00778622
661.3 0.31378 1 0.321902 -0.00812208
661.74 0.315832 1 0.322099 -0.00626652
662.19 0.312886 1 0.322108 -0.00922234
662.64 0.313939 1 0.32192 -0.0079808
663.08 0.315991 1 0.321542 -0.00555109
663.53 0.315044 1 0.320955 -0.00591142
663.97 0.314095 1 0.320184 -0.00608855
664.42 0.316147 1 0.319191 -0.0030439
664.86 0.314198 1 0.318022 -0.00382327
665.31 0.31625 1 0.316621 -0.000371096
665.75 0.313301 1 0.315053 -0.00175237
666.2 0.311352 1 0.313247 -0.00189452
666.65 0.313404 1 0.311237 0.00216634
667.09 0.308454 1 0.309078 -0.000624358
667.54 0.309504 1 0.306673 0.00283115
667.98 0.308554 1 0.304133 0.00442065
668.43 0.304604 1 0.301346 0.00325816
668.87 0.302653 1 0.29844 0.00421349
669.32 0.303703 1 0.295287 0.00841632
669.76 0.296752 1 0.292032 0.0047193
670.21 0.297801 1 0.288534 0.00926701
670.65 0.292849 1 0.284953 0.00789595
671.1 0.290898 1 0.281134 0.00976467
671.54 0.286946 1 0.277251 0.00969468
671.99 0.282994 1 0.273137 0.0098575
672.43 0.278042 1 0.268981 0.00906094
672.88 0.27409 1 0.264601 0.00948834
673.32 0.271137 1 0.260201 0.0109352
673.77 0.265184 1 0.255589 0.00959557
674.21 0.259231 1 0.250976 0.0082541
674.66 0.255278 1 0.246164 0.00911406
675.1 0.252324 1 0.241372 0.010951
675.55 0.24537 1 0.236394 0.00897619
675.99 0.240416 1 0.231458 0.00895761
676.44 0.238462 1 0.226349 0.0121129
676.88 0.228507 1 0.221302 0.00720434
677.33 0.226553 1 0.216098 0.0104546
677.77 0.217597 1 0.210975 0.00662179
678.22 0.211642 1 0.20571 0.0059322
678.66 0.209686 1 0.200545 0.00914151
679.11 0.201731 1 0.195253 0.00647811
679.55 0.194775 1 0.190078 0.00469687
679.99 0.190818 1 0.184909 0.00590865
680.44 0.181862 1 0.179638 0.00222394
680.88 0.175905 1 0.174506 0.00139915
681.33 0.171948 1 0.169286 0.0026622
681.77 0.164991 1 0.164219 0.000772356
682.22 0.158034 1 0.159079 -0.00104484
682.66 0.152076 1 0.154102 -0.002026
683.11 0.147118 1 0.149068 -0.00194909
683.55 0.14116 1 0.144205 -0.0030454
683.99 0.137201 1 0.139408 -0.00220666
684.44 0.131243 1 0.134573 -0.00333019
684.88 0.126284 1 0.129921 -0.00363737
685.33 0.119325 1 0.125244 -0.0059193
685.77 0.115365 1 0.120755 -0.0053896
686.21 0.112405 1 0.116351 -0.00394605
686.66 0.104446 1 0.11194 -0.00749395
687.1 0.101485 1 0.107719 -0.00623408
687.55 0.0985255 1 0.103501 -0.00497545
687.99 0.0905645 1 0.0994741 -0.0089096
688.44 0.0896042 1 0.0954578 -0.00585367
688.88 0.0846427 1 0.0916322 -0.00698954
689.32 0.0806809 1 0.0879081 -0.00722719
689.77 0.0787198 1 0.0842054 -0.00548565
690.21 0.0727576 1 0.0806894 -0.00793188
690.65 0.0687951 1 0.0772771 -0.008482
691.1 0.0658332 1 0.0738945 -0.00806132
691.54 0.0608702 1 0.070692 -0.00982177
691.99 0.0599078 1 0.0675236 -0.00761575
692.43 0.0569443 1 0.0645295 -0.00758517
692.87 0.0529806 1 0.0616374 -0.00865685
693.32 0.0490174 1 0.0587841 -0.00976672
693.76 0.0480532 1 0.0560953 -0.00804207
694.2 0.0460887 1 0.0535049 -0.00741619
694.65 0.0431247 1 0.050956 -0.00783125
695.09 0.0421597 1 0.0485602 -0.00640049
695.53 0.0401945 1 0.0462581 -0.00606359
695.98 0.0382298 1 0.0439985 -0.00576872
696.42 0.034264 1 0.0418799 -0.00761585
696.86 0.030298 1 0.0398489 -0.00955088
697.31 0.0313325 1 0.0378601 -0.00652765
697.75 0.0313659 1 0.0359997 -0.00463381
698.19 0.0273991 1 0.0342203 -0.00682117
698.64 0.0244328 1 0.0324817 -0.00804889
699.08 0.0264655 1 0.0308588 -0.00439333
699.52 0.0254979 1 0.0293098 -0.00381185
699.97 0.0215308 1 0.0277994 -0.00626853
700.41 0.0225627 1 0.0263922 -0.00382952
700.85 0.0215944 1 0.0250517 -0.0034573
701.3 0.0176265 1 0.0237469 -0.00612048
701.74 0.0156576 1 0.0225336 -0.00687605
702.18 0.0196884 1 0.0213796 -0.0016912
702.63 0.0157197 1 0.0202583 -0.00453863
703.07 0.01575 1 0.0192173 -0.00346722
703.51 0.0157801 1 0.0182285 -0.00244845
703.96 0.0128106 1 0.0172692 -0.00445866
704.4 0.0118401 1 0.0163797 -0.00453963
704.84 0.00986935 1 0.015536 -0.00566667
705.28 0.0118983 1 0.0147361 -0.00283773
705.73 0.0119277 1 0.0139611 -0.00203337
706.17 0.00995617 1 0.0132435 -0.00328736
706.61 0.00798436 1 0.0125638 -0.00457944
707.06 0.0090129 1 0.0119059 -0.00289295
707.5 0.00604055 1 0.0112971 -0.00525657
707.94 0.00606792 1 0.0107209 -0.00465295
708.38 0.00709503 1 0.0101755 -0.00308044
708.83 0.00712247 1 0.00964792 -0.00252545
709.27 0.00714902 1 0.00916013 -0.0020111
709.71 0.00417531 1 0.00869858 -0.00452327
710.15 0.00720132 1 0.00826189 -0.00106057
710.6 0.00722764 1 0.0078396 -0.000611963
711.04 0.0062531 1 0.00744918 -0.00119608
711.48 0.00427829 1 0.00707977 -0.00280148
711.92 0.0053032 1 0.00673021 -0.00142701
712.37 0.00332839 1 0.0063921 -0.00306371
712.81 0.00235275 1 0.00607939 -0.00372664
713.25 0.00137683 1 0.00578338 -0.00440655
713.69 0.00340063 1 0.00550311 -0.00210248
714.13 0.000424153 1 0.00523771 -0.00481355
714.58 -0.000552076 1 0.00498076 -0.00553283
715.02 0.00247089 1 0.00474287 -0.00227199
715.46 0.000493567 1 0.00451743 -0.00402387
715.9 -0.00048403 1 0.00430373 -0.00478776
716.35 0.00253859 1 0.0040966 -0.00155801
716.79 0.000560426 1 0.00390461 -0.00334418
717.23 0.00458198 1 0.00372244 0.000859542
717.67 0.00260325 1 0.00354952 -0.000946271
718.11 0.00162424 1 0.00338533 -0.0017611
718.56 0.00164541 1 0.00322593 -0.00158052
719 -0.000334175 1 0.00307791 -0.00341208
719.44 0.00468595 1 0.0029372 0.00174875
719.88 0.0017058 1 0.0028034 -0.0010976
720.32 0.00172536 1 0.00267613 -0.000950766
720.76 -0.000255367 1 0.002555 -0.00281037
721.21 0.00176405 1 0.00243714 -0.000673093
721.65 0.00378274 1 0.00232745 0.00145529
722.09 0.00280114 1 0.00222296 0.00057819
722.53 0.00381926 1 0.00212337 0.00169589
722.97 0.00283709 1 0.00202843 0.000808659
723.41 0.00185463 1 0.00193789 -8.32656e-05
723.86 0.00287226 1 0.00184961 0.00102266
724.3 0.00188921 1 0.00176728 0.000121936
724.74 0.00390587 1 0.00168869 0.00221718
725.18 0.00192224 1 0.00161365 0.000308581
725.62 0.00393831 1 0.00154199 0.00239632
726.06 0.00295409 1 0.00147353 0.00148055
726.5 0.00296958 1 0.00140812 0.00156145
726.95 0.000985109 1 0.00134422 -0.000359107
727.39 0 1 0.00128452 -0.00128452
727.83 0.0030146 1 0.00122744 0.00178716
728.27 0.0040289 1 0.00117286 0.00285604
728.71 0.00504291 1 0.00112065 0.00392225
729.15 0.00405663 1 0.00107072 0.00298591
729.59 0.00307006 1 0.00102295 0.00204711
730.03 0.00408321 1 0.000977249 0.00310596
730.48 0.00509636 1 0.000932547 0.00416381
730.92 0.00510894 1 0.000890743 0.00421819
731.36 0.00112123 1 0.000850737 0.000270496
731.8 0.000133252 1 0.000812452 -0.0006792
732.24 0.00314499 1 0.000775811 0.00236918
732.68 0.00415646 1 0.000740744 0.00341572
733.12 0.00316766 1 0.000707183 0.00246048
733.56 0.00517859 1 0.000675063 0.00450352
734 0.00318925 1 0.000644324 0.00254492
734.44 0.00619964 1 0.000614906 0.00558473
734.89 0.00421 1 0.000586129 0.00362387
735.33 0.00521986 1 0.000559218 0.00466064
735.77 0.00522946 1 0.000533467 0.00469599
736.21 0.0032388 1 0.00050883 0.00272997
736.65 0.00224789 1 0.00048526 0.00176263
737.09 0.00525673 1 0.000462712 0.00479401
737.53 0.00826531 1 0.000441145 0.00782416
737.97 0.00627364 1 0.000420518 0.00585312
738.41 0.00428172 1 0.000400792 0.00388093
738.85 0.00628956 1 0.00038193 0.00590763
739.29 0.00529716 1 0.000363897 0.00493326
739.73 0.00430451 1 0.000346658 0.00395785
740.17 0.00431162 1 0.000330181 0.00398144
740.61 0.00531849 1 0.000314434 0.00500406
741.05 0.00432513 1 0.000299387 0.00402574
741.49 0.00533153 1 0.000285011 0.00504652
741.93 0.0023377 1 0.000271278 0.00206642
742.37 0.00534364 1 0.000258162 0.00508548
742.81 0.00534935 1 0.000245637 0.00510372
743.26 0.00435496 1 0.000233413 0.00412155
743.7 0.00136022 1 0.000222009 0.00113821
744.14 0.00636525 1 0.000211125 0.00615413
744.58 0.00737007 1 0.000200738 0.00716933
745.02 0.00537466 1 0.000190828 0.00518383
745.46 0.00737904 1 0.000181373 0.00719767
745.9 0.0053832 1 0.000172356 0.00521085
746.34 0.00538716 1 0.000163758 0.0052234
746.78 0.0043909 1 0.00015556 0.00423534
747.22 0.00539443 1 0.000147745 0.00524669
747.66 0.00339776 1 0.000140296 0.00325746
748.1 0.00540088 1 0.000133199 0.00526768
748.54 0.0034038 1 0.000126437 0.00327736
748.98 0.00340652 1 0.000119997 0.00328652
749.42 0.00540904 1 0.000113863 0.00529517
749.86 0.00541136 1 0.000108022 0.00530334
750.29 0.00441344 1 0.000102586 0.00431086
750.73 0.00541538 1 9.72879e-05 0.0053181
751.17 0.00341713 1 9.22464e-05 0.00332489
751.61 0.00341869 1 8.74497e-05 0.00333124
752.05 0.00642007 1 8.2887e-05 0.00633718
752.49 0.00242126 1 7.85476e-05 0.00234271
752.93 0.00242226 1 7.44214e-05 0.00234784
753.37 0.00442309 1 7.04987e-05 0.00435259
753.81 0.00442373 1 6.67702e-05 0.00435696
754.25 0.0024242 1 6.3227e-05 0.00236098
754.69 0.0034245 1 5.98606e-05 0.00336464
755.13 0.00442462 1 5.66627e-05 0.00436796
755.57 0.00142457 1 5.36256e-05 0.00137094
756.01 0.00142435 1 5.07417e-05 0.00137361
756.45 0.00342397 1 4.80038e-05 0.00337596
756.89 0.00442341 1 4.54051e-05 0.00437801
757.33 0.0054227 1 4.2939e-05 0.00537976
757.77 0.00142183 1 4.05992e-05 0.00138123
758.21 0.00442079 1 3.83796e-05 0.00438241
758.64 0.00141963 1 3.63211e-05 0.00138331
759.08 -0.000581716 1 3.43226e-05 -0.000616038
759.52 0.00241679 1 3.2428e-05 0.00238436
759.96 0.00141514 1 3.06321e-05 0.00138451
760.4 0.00241334 1 2.89302e-05 0.00238441
760.84 0.0044114 1 2.73177e-05 0.00438408
761.28 0.00240931 1 2.57902e-05 0.00238352
761.72 0.00240707 1 2.43436e-05 0.00238273
762.16 0.0044047 1 2.29737e-05 0.00438173
762.6 0.00340218 1 2.16768e-05 0.00338051
763.03 0.00139959 1 2.04764e-05 0.00137912
763.47 0.00339681 1 1.93133e-05 0.0033775
763.91 0.00439389 1 1.82128e-05 0.00437568
764.35 0.00339084 1 1.71718e-05 0.00337367
764.79 0.00338766 1 1.61872e-05 0.00337148
765.23 0.00238436 1 1.52561e-05 0.0023691
765.67 0.00438092 1 1.4376e-05 0.00436655
766.11 0.00337737 1 1.3544e-05 0.00336382
766.54 -0.00162623 1 1.27751e-05 -0.001639
766.98 0.00136998 1 1.20313e-05 0.00135795
767.42 0.00136606 1 1.13286e-05 0.00135474
767.86 0.00136204 1 1.0665e-05 0.00135137
768.3 -0.000642108 1 1.00383e-05 -0.000652146
768.74 0.00235364 1 9.4467e-06 0.00234419
769.17 0.00334937 1 8.9006e-06 0.00334047
769.61 0.0043449 1 8.3729e-06 0.00433653
770.05 0.00234033 1 7.87499e-06 0.00233245
770.49 0.00133565 1 7.40529e-06 0.00132824
770.93 0.00333086 1 6.96229e-06 0.0033239
771.37 0.00232598 1 6.54456e-06 0.00231944
771.8 0.00232111 1 6.15942e-06 0.00231495
772.24 0.00831604 1 5.78769e-06 0.00831025
772.68 0.00331087 1 5.43737e-06 0.00330543
773.12 0.000305608 1 5.10728e-06 0.0003005
773.56 0.00430026 1 4.79633e-06 0.00429546
774 0.00129482 1 4.50346e-06 0.00129031
774.43 0.00228942 1 4.23375e-06 0.00228518
774.87 -0.000716193 1 3.97375e-06 -0.000720167
775.31 0.000278116 1 3.729e-06 0.000274387
775.75 0.00327234 1 3.49867e-06 0.00326885
776.19 0.00226649 1 3.28194e-06 0.00226321
776.62 0.0042607 1 3.08256e-06 0.00425762
777.06 0.000254703 1 2.89053e-06 0.000251812
777.5 0.00224863 1 2.70995e-06 0.00224592
777.94 0.00524249 1 2.54017e-06 0.00523995
778.37 0.00323642 1 2.38409e-06 0.00323403
778.81 0.000230141 1 2.23389e-06 0.000227907
779.25 0.0022238 1 2.09276e-06 0.00222171
779.69 0.0022174 1 1.96017e-06 0.00221543
780.13 -0.00278907 1 1.83564e-06 -0.00279091
780.56 0.000204555 1 1.72127e-06 0.000202834
781 0.00219798 1 1.61131e-06 0.00219636
781.44 -0.000808659 1 1.50809e-06 -0.000810167
781.88 0.00218465 1 1.41121e-06 0.00218324
782.31 0.00117807 1 1.32232e-06 0.00117675
782.75 0.00617128 1 1.23691e-06 0.00617005
783.19 0.000164449 1 1.15681e-06 0.000163292
783.63 0.00315757 1 1.08168e-06 0.00315649
784.06 -0.00284919 1 1.0128e-06 -0.00285021
784.5 0.00214384 1 9.46673e-07 0.0021429
784.94 -0.000863157 1 8.84698e-07 -0.000864042
785.37 0.00312997 1 8.27902e-07 0.00312914
785.81 0.00412289 1 7.73413e-07 0.00412212
786.25 0.00211579 1 7.22373e-07 0.00211506
786.69 0.00310865 1 6.74575e-07 0.00310797
787.12 0.00210164 1 6.30804e-07 0.00210101
787.56 0.00209445 1 5.88844e-07 0.00209386
788 -0.000912769 1 5.49571e-07 -0.000913318
788.43 0.00108015 1 5.13629e-07 0.00107964
788.87 7.28894e-05 1 4.79194e-07 7.24102e-05
789.31 0.00206561 1 4.46982e-07 0.00206516
789.75 0.0040583 1 4.16857e-07 0.00405789
790.18 0.00305115 1 3.89309e-07 0.00305077
790.62 0.00204382 1 3.62935e-07 0.00204346
791.06 3.64821e-05 1 3.38284e-07 3.61438e-05
791.49 -0.0039707 1 3.15754e-07 -0.00397102
791.93 0.00102194 1 2.94197e-07 0.00102164
792.37 1.45728e-05 1 2.74061e-07 1.42987e-05
792.8 0.00200737 1 2.55667e-07 0.00200712
793.24 0 1 2.38079e-07 -2.38079e-07
793.68 -7.37111e-06 1 2.21659e-07 -7.59277e-06
794.11 -0.00101457 1 2.06668e-07 -0.00101478
794.55 0.000978062 1 1.92342e-07 0.00097787
794.99 0.000970702 1 1.78976e-07 0.000970523
795.42 -0.00303648 1 1.6678e-07 -0.00303665
795.86 0.000956176 1 1.55132e-07 0.000956021
796.3 -5.11543e-05 1 1.4427e-07 -5.12986e-05
796.73 0.0019417 1 1.34365e-07 0.00194156
797.17 -6.56059e-05 1 1.24911e-07 -6.57308e-05
797.61 -0.00107289 1 1.16099e-07 -0.00107301
798.04 -7.99884e-05 1 1.08069e-07 -8.00965e-05
798.48 0.000912769 1 1.00408e-07 0.000912668
798.91 0.000905713 1 9.34293e-08 0.00090562
799.35 -0.00210148 1 8.67737e-08 -0.00210157
799.79 0.00189135 1 8.0577e-08 0.00189127
800.22 -0.00311562 1 7.49353e-08 -0.0031157
800.66 -0.00412273 1 6.9558e-08 -0.0041228
801.1 0.000870195 1 6.45543e-08 0.000870131
