500.34 0.000604913 1 7.98442e-05 0.000525069
500.8 0.00166188 1 8.46708e-05 0.00157721
501.25 0.00071761 1 8.96561e-05 0.000627954
501.71 0.00177458 1 9.50357e-05 0.00167955
502.17 0.00383155 1 0.000100717 0.00373084
502.62 0.00188729 1 0.00010658 0.00178071
503.08 0.00294426 1 0.000112904 0.00283136
503.53 0 1 0.000119428 -0.000119428
503.99 0.00105697 1 0.00012646 0.000930515
504.44 0.000112711 1 0.000133712 -2.10015e-05
504.9 0.00116968 1 0.000141526 0.00102816
505.36 0.00122666 1 0.000149764 0.00107689
505.81 0.00228239 1 0.000158255 0.00212414
506.27 0.00433936 1 0.000167396 0.00417196
506.72 0.00239509 1 0.000176813 0.00221827
507.18 0.00345205 1 0.000186948 0.0032651
507.63 0.00150777 1 0.000197383 0.00131039
508.09 0.00256473 1 0.000208609 0.00235612
508.54 0.00362045 1 0.000220162 0.00340028
509 0.0016774 1 0.000232585 0.00144481
509.45 0.0017331 1 0.000245366 0.00148774
509.91 -0.00020996 1 0.000259101 -0.000469061
510.36 0.00284574 1 0.000273226 0.00257251
510.82 -0.00109734 1 0.000288399 -0.00138574
511.27 0.00495835 1 0.000303996 0.00465435
511.73 0.00301526 1 0.000320743 0.00269452
512.19 0.00207217 1 0.00033834 0.00173383
512.64 0.00312783 1 0.000356416 0.00277142
513.1 0.00118473 1 0.000375812 0.000808913
513.55 0.00124037 1 0.000395726 0.000844647
514.01 0.000297248 1 0.000417085 -0.000119838
514.46 0.00335288 1 0.000439005 0.00291387
514.92 0.00340973 1 0.000462505 0.00294723
515.37 0.00246535 1 0.000486611 0.00197873
515.83 0.00252218 1 0.000512444 0.00200974
516.28 0.00257777 1 0.00053893 0.00203884
516.73 0.00363335 1 0.000566669 0.00306668
517.19 0.000690156 1 0.000596376 9.37803e-05
517.64 -0.00125429 1 0.000626813 -0.0018811
518.1 0.00180249 1 0.000659394 0.0011431
518.55 0.00185803 1 0.000692762 0.00116526
519.01 0.00191478 1 0.000728464 0.00118632
519.46 0.00397029 1 0.000765011 0.00320528
519.92 0.00202701 1 0.000804097 0.00122292
520.37 0.00308249 1 0.00084409 0.0022384
520.83 0.00413919 1 0.000886842 0.00325235
521.28 0.00219464 1 0.000930567 0.00126408
521.74 0.00225131 1 0.000977286 0.00127402
522.19 0.00230673 1 0.00102505 0.00128168
522.65 0.00336337 1 0.00107606 0.00228731
523.1 0.00441875 1 0.00112818 0.00329058
523.55 0.00147413 1 0.00118258 0.000291543
524.01 0.00153071 1 0.00124065 0.000290063
524.46 0.00358605 1 0.00129994 0.00228611
524.92 0.0016426 1 0.0013632 0.000279404
525.37 0.0026979 1 0.00142776 0.00127015
525.83 0.00375441 1 0.0014966 0.00225782
526.28 0.00480968 1 0.00156683 0.00324285
526.73 0.00486492 1 0.00164002 0.0032249
527.19 0.00592138 1 0.00171801 0.00420337
527.64 0.00397658 1 0.00179752 0.00217906
528.1 0.00503299 1 0.00188221 0.00315078
528.55 0.00508816 1 0.00196851 0.00311965
529.01 0.00514453 1 0.00206038 0.00308415
529.46 0.00319965 1 0.00215396 0.00104569
529.91 0.00425475 1 0.00225133 0.00200342
530.37 0.00531105 1 0.00235492 0.00295613
530.82 0.00336611 1 0.00246036 0.000905747
531.28 0.00442236 1 0.00257248 0.00184988
531.73 0.00447737 1 0.00268655 0.00179082
532.18 0.00553236 1 0.00280511 0.00272725
532.64 0.00558854 1 0.00293109 0.00265745
533.09 0.00764348 1 0.00305918 0.0045843
533.54 0.00669839 1 0.00319221 0.00350618
534 0.00675449 1 0.00333347 0.00342102
534.45 0.00680935 1 0.003477 0.00333235
534.91 0.00886541 1 0.00362934 0.00523607
535.36 0.00892021 1 0.00378404 0.00513618
535.81 0.009975 1 0.00394453 0.00603047
536.27 0.011031 1 0.00411475 0.00691621
536.72 0.0100857 1 0.0042875 0.00579819
537.17 0.00914039 1 0.00446658 0.00467381
537.63 0.00819627 1 0.0046564 0.00353987
538.08 0.0102509 1 0.0048489 0.00540202
538.54 0.0123067 1 0.00505283 0.00725391
538.99 0.0133613 1 0.00525954 0.00810178
539.44 0.0114159 1 0.00547359 0.00594228
539.9 0.0114716 1 0.0057002 0.0057714
540.35 0.0105261 1 0.00592974 0.00459636
540.8 0.0105806 1 0.00616726 0.0044133
541.26 0.0136362 1 0.00641854 0.00721765
541.71 0.0146906 1 0.00667289 0.0080177
542.16 0.015745 1 0.0069359 0.00880906
542.62 0.0158005 1 0.00721395 0.00858655
543.07 0.0168548 1 0.00749519 0.00935961
543.52 0.0149091 1 0.00778581 0.00712326
543.98 0.0159645 1 0.00809283 0.00787168
544.43 0.0170187 1 0.00840315 0.00861555
544.88 0.0170729 1 0.00872359 0.00834928
545.34 0.0181282 1 0.00906187 0.00906633
545.79 0.0171823 1 0.00940355 0.00777874
546.24 0.0172363 1 0.00975611 0.00748023
546.69 0.0192904 1 0.0101198 0.00917053
547.15 0.0193456 1 0.0105034 0.00884211
547.6 0.0213995 1 0.0108905 0.010509
548.05 0.0194534 1 0.0112896 0.00816383
548.51 0.0215085 1 0.0117101 0.00979834
548.96 0.0195623 1 0.0121342 0.0074281
549.41 0.0226161 1 0.0125711 0.010045
549.86 0.0196699 1 0.013021 0.00664886
550.32 0.0227248 1 0.0134948 0.00923004
550.77 0.0227785 1 0.013972 0.00880649
551.22 0.0228321 1 0.0144631 0.00836898
551.68 0.0248869 1 0.0149799 0.00990702
552.13 0.0259405 1 0.0155001 0.0104404
552.58 0.025994 1 0.0160351 0.00995894
553.03 0.0250475 1 0.0165851 0.00846236
553.49 0.0271021 1 0.0171633 0.00993882
553.94 0.0281555 1 0.0177447 0.0104108
554.39 0.0292088 1 0.0183421 0.0108668
554.84 0.0302622 1 0.0189557 0.0113064
555.3 0.0303166 1 0.0196001 0.0107165
555.75 0.0323698 1 0.0202474 0.0121224
556.2 0.031423 1 0.0209119 0.0105111
556.65 0.0324761 1 0.0215938 0.0108824
557.11 0.0355304 1 0.0223091 0.0132214
557.56 0.0335835 1 0.023027 0.0105565
558.01 0.0346365 1 0.0237631 0.0108733
558.46 0.0356894 1 0.0245178 0.0111716
558.92 0.0357435 1 0.0253088 0.0104347
559.37 0.0377963 1 0.0261018 0.0116946
559.82 0.0378492 1 0.0269141 0.010935
560.27 0.0389019 1 0.0277461 0.0111558
560.72 0.0399546 1 0.028598 0.0113566
561.18 0.0400085 1 0.0294896 0.0105189
561.63 0.0410611 1 0.0303825 0.0106786
562.08 0.0411137 1 0.031296 0.00981768
562.53 0.0421662 1 0.0322304 0.00993581
562.99 0.0462198 1 0.0332074 0.0130125
563.44 0.0452723 1 0.0341847 0.0110875
563.89 0.0433246 1 0.0351837 0.00814096
564.34 0.045377 1 0.0362044 0.00917255
564.79 0.0464292 1 0.0372472 0.00918207
565.25 0.0474826 1 0.0383361 0.00914657
565.7 0.0505348 1 0.0394239 0.0111109
566.15 0.0505869 1 0.0405344 0.0100525
566.6 0.049639 1 0.0416676 0.00797134
567.05 0.051691 1 0.0428238 0.00886716
567.5 0.0537429 1 0.0440031 0.00973984
567.96 0.052796 1 0.0452326 0.00756337
568.41 0.0538478 1 0.0464591 0.00738878
568.86 0.0558996 1 0.047709 0.00819062
569.31 0.0559514 1 0.0489826 0.00696877
569.76 0.0570031 1 0.0502799 0.00672313
570.21 0.0580547 1 0.0516011 0.0064536
570.67 0.0571074 1 0.0529763 0.0041311
571.12 0.0591589 1 0.0543459 0.00481304
571.57 0.0602104 1 0.0557395 0.0044709
572.02 0.0632618 1 0.0571572 0.00610463
572.47 0.0613131 1 0.0585989 0.00271421
572.92 0.0663644 1 0.0600648 0.00629962
573.37 0.0664157 1 0.0615548 0.00486086
573.83 0.067468 1 0.0631028 0.00436518
574.28 0.0685191 1 0.0646415 0.00387763
574.73 0.0695701 1 0.0662041 0.00336601
575.18 0.0686211 1 0.0677907 0.000830393
575.63 0.0716721 1 0.0694012 0.00227086
576.08 0.0707229 1 0.0710354 -0.000312498
576.53 0.0737737 1 0.0726933 0.00108044
576.98 0.0748245 1 0.0743747 0.000449805
577.44 0.0768763 1 0.0761176 0.000758724
577.89 0.0759269 1 0.077846 -0.00191911
578.34 0.0779775 1 0.0795975 -0.00162
578.79 0.078028 1 0.0813718 -0.00334376
579.24 0.0810784 1 0.0831686 -0.00209015
579.69 0.0821288 1 0.0849878 -0.00285894
580.14 0.0841791 1 0.086829 -0.00264986
580.59 0.0872294 1 0.088692 -0.00146264
581.04 0.0862796 1 0.0905765 -0.00429696
581.49 0.0893297 1 0.0924822 -0.00315252
581.95 0.0903808 1 0.0944517 -0.0040709
582.4 0.0914308 1 0.0963991 -0.00496832
582.85 0.0924807 1 0.0983666 -0.00588589
583.3 0.0955306 1 0.100354 -0.00482321
583.75 0.0965804 1 0.10236 -0.00577984
584.2 0.0986301 1 0.104385 -0.00575535
584.65 0.10268 1 0.106429 -0.00374927
585.1 0.102729 1 0.10849 -0.00576113
585.55 0.104779 1 0.110569 -0.00579042
586 0.105828 1 0.112665 -0.00683662
586.45 0.106878 1 0.114777 -0.00789918
586.9 0.110927 1 0.116905 -0.00597754
587.35 0.111976 1 0.119047 -0.00707112
587.8 0.114025 1 0.121205 -0.00717931
588.25 0.117074 1 0.123376 -0.00630149
588.71 0.120125 1 0.125609 -0.00548461
589.16 0.120174 1 0.127807 -0.00763309
589.61 0.123222 1 0.130016 -0.00679355
590.06 0.126271 1 0.132237 -0.0059653
590.51 0.12732 1 0.134468 -0.0071476
590.96 0.130369 1 0.136708 -0.00633973
591.41 0.131417 1 0.138958 -0.00754092
591.86 0.132466 1 0.141216 -0.0087504
592.31 0.140514 1 0.143482 -0.00296737
592.76 0.137563 1 0.145754 -0.00819103
593.21 0.142611 1 0.148031 -0.00542055
593.66 0.143659 1 0.150314 -0.00665509
594.11 0.146707 1 0.152601 -0.00589378
594.56 0.150755 1 0.154891 -0.00413576
595.01 0.151803 1 0.157183 -0.00538014
595.46 0.155851 1 0.159477 -0.00362602
595.91 0.158899 1 0.161772 -0.00287247
596.36 0.158947 1 0.164065 -0.00511858
596.81 0.162995 1 0.166358 -0.0033634
597.26 0.166042 1 0.168648 -0.00260599
597.71 0.16809 1 0.170935 -0.00284538
598.16 0.170137 1 0.173218 -0.00308061
598.61 0.172184 1 0.175495 -0.00331069
599.06 0.174232 1 0.177766 -0.00353463
599.51 0.177279 1 0.18003 -0.00275145
599.96 0.182326 1 0.182286 3.98502e-05
600.41 0.185373 1 0.184533 0.000840282
600.86 0.18542 1 0.186769 -0.00134915
601.31 0.185467 1 0.188994 -0.00352744
601.76 0.191514 1 0.191207 0.000306425
602.21 0.193561 1 0.193407 0.000153458
602.65 0.193606 1 0.195544 -0.00193797
603.1 0.197653 1 0.197715 -6.19272e-05
603.55 0.201699 1 0.199869 0.00183027
604 0.202746 1 0.202006 0.000739632
604.45 0.205792 1 0.204125 0.00166714
604.9 0.207838 1 0.206224 0.00161376
605.35 0.209884 1 0.208304 0.00158049
605.8 0.21393 1 0.210362 0.00356826
606.25 0.215976 1 0.212398 0.00357802
606.7 0.220022 1 0.214411 0.00561069
607.15 0.218068 1 0.216401 0.00166718
607.6 0.220114 1 0.218365 0.00174837
608.05 0.223159 1 0.220304 0.00285513
608.5 0.224205 1 0.222217 0.00198828
608.95 0.22525 1 0.224102 0.00114863
609.39 0.229295 1 0.225918 0.0033769
609.84 0.23234 1 0.227747 0.00459329
610.29 0.232385 1 0.229546 0.00283908
610.74 0.23143 1 0.231315 0.000114927
611.19 0.235475 1 0.233054 0.00242146
611.64 0.23852 1 0.234761 0.00375924
612.09 0.241565 1 0.236436 0.0051288
612.54 0.23961 1 0.238079 0.00153061
612.99 0.238654 1 0.239689 -0.00103494
613.44 0.241699 1 0.241266 0.000432523
613.88 0.240742 1 0.242776 -0.00203378
614.33 0.243787 1 0.244287 -0.000500282
614.78 0.245831 1 0.245764 6.68513e-05
615.23 0.248875 1 0.247207 0.00166768
615.68 0.246919 1 0.248617 -0.00169781
616.13 0.247963 1 0.249993 -0.00202973
616.58 0.249007 1 0.251335 -0.00232827
617.03 0.249051 1 0.252645 -0.00359375
617.47 0.249094 1 0.253893 -0.0047995
617.92 0.253137 1 0.255138 -0.00200084
618.37 0.253181 1 0.256351 -0.0031706
618.82 0.252224 1 0.257534 -0.00530953
619.27 0.252268 1 0.258686 -0.00641847
619.72 0.252311 1 0.259809 -0.0074984
620.17 0.254354 1 0.260904 -0.00655042
620.61 0.255396 1 0.261949 -0.00655329
621.06 0.255439 1 0.262993 -0.00755394
621.51 0.257482 1 0.264013 -0.00653081
621.96 0.256524 1 0.26501 -0.00848557
622.41 0.257567 1 0.265987 -0.00842006
622.86 0.25861 1 0.266946 -0.00833626
623.3 0.258651 1 0.267868 -0.00921647
623.75 0.259694 1 0.268796 -0.00910296
624.2 0.260736 1 0.269714 -0.00897801
624.65 0.259778 1 0.270622 -0.0108443
625.1 0.26282 1 0.271524 -0.00870453
625.54 0.263861 1 0.272404 -0.00854273
625.99 0.263903 1 0.273303 -0.00940003
626.44 0.266945 1 0.274205 -0.00726069
626.89 0.267986 1 0.275114 -0.00712815
627.34 0.267028 1 0.276034 -0.00900606
627.78 0.272068 1 0.276946 -0.0048782
628.23 0.27211 1 0.277898 -0.0057881
628.68 0.274151 1 0.278871 -0.00472021
629.13 0.277192 1 0.279871 -0.00267876
629.58 0.276233 1 0.280901 -0.00466816
630.02 0.278273 1 0.281943 -0.00366972
630.47 0.281314 1 0.283047 -0.00173351
630.92 0.283354 1 0.284196 -0.000841928
631.37 0.284395 1 0.285395 -0.000999807
631.81 0.287435 1 0.286619 0.000815495
632.26 0.288475 1 0.28793 0.000545234
632.71 0.292515 1 0.289305 0.00321067
633.16 0.294555 1 0.290749 0.00380674
633.61 0.294596 1 0.292267 0.00232833
634.05 0.297635 1 0.293829 0.0038059
634.5 0.298674 1 0.295509 0.00316528
634.95 0.302714 1 0.297279 0.00543515
635.4 0.307754 1 0.299143 0.00861059
635.84 0.308792 1 0.301062 0.00773061
636.29 0.310832 1 0.303127 0.00770514
636.74 0.312871 1 0.3053 0.00757123
637.18 0.317909 1 0.307534 0.0103757
637.63 0.319948 1 0.309934 0.0100146
638.08 0.321987 1 0.312455 0.00953267
638.53 0.329026 1 0.3151 0.0139262
638.97 0.331064 1 0.31781 0.0132541
639.42 0.333103 1 0.320711 0.0123919
639.87 0.337141 1 0.323745 0.0133962
640.32 0.34118 1 0.326915 0.0142646
640.76 0.346217 1 0.330147 0.0160697
641.21 0.347255 1 0.333591 0.0136646
641.66 0.350293 1 0.337174 0.0131196
642.1 0.35533 1 0.340813 0.0145178
642.55 0.360368 1 0.344673 0.0156954
643 0.362406 1 0.348672 0.0137336
643.44 0.365443 1 0.352717 0.0127262
643.89 0.37248 1 0.356987 0.0154929
644.34 0.376518 1 0.361392 0.0151258
644.79 0.379555 1 0.365927 0.0136282
645.23 0.385591 1 0.370483 0.0151079
645.68 0.391628 1 0.375264 0.0163641
646.13 0.395665 1 0.380162 0.0155032
646.57 0.399701 1 0.385058 0.014643
647.02 0.402738 1 0.390169 0.012569
647.47 0.408774 1 0.395376 0.0133978
647.91 0.41081 1 0.400554 0.0102554
648.36 0.417846 1 0.405929 0.0119167
648.81 0.420882 1 0.411375 0.00950692
649.25 0.421917 1 0.416759 0.00515854
649.7 0.427953 1 0.422314 0.00563903
650.15 0.433989 1 0.427908 0.0060808
650.59 0.437024 1 0.433404 0.00362025
651.04 0.44206 1 0.439038 0.00302163
651.48 0.444094 1 0.444548 -0.000453602
651.93 0.45113 1 0.45017 0.000959181
652.38 0.453165 1 0.455766 -0.00260129
652.82 0.456199 1 0.461197 -0.00499825
653.27 0.460234 1 0.466696 -0.00646221
653.72 0.465269 1 0.472123 -0.00685457
654.16 0.472303 1 0.477346 -0.0050428
654.61 0.474337 1 0.482584 -0.0082471
655.06 0.476372 1 0.487704 -0.0113324
655.5 0.480405 1 0.492579 -0.0121741
655.95 0.48044 1 0.497416 -0.0169763
656.39 0.486473 1 0.501983 -0.0155101
656.84 0.489507 1 0.506473 -0.0169657
657.29 0.493541 1 0.510763 -0.0172222
657.73 0.493574 1 0.51475 -0.0211764
658.18 0.500607 1 0.5186 -0.0179929
658.62 0.50464 1 0.522127 -0.0174876
659.07 0.507673 1 0.525478 -0.017805
659.52 0.509706 1 0.528555 -0.0188486
659.96 0.512739 1 0.531286 -0.0185469
660.41 0.513772 1 0.533781 -0.0200096
660.85 0.515804 1 0.535919 -0.0201155
661.3 0.518836 1 0.537785 -0.0189491
661.74 0.522868 1 0.539287 -0.0164186
662.19 0.5239 1 0.540481 -0.0165809
662.64 0.524933 1 0.541323 -0.01639
663.08 0.528964 1 0.541796 -0.0128317
663.53 0.529996 1 0.541915 -0.0119193
663.97 0.529027 1 0.54167 -0.0126429
664.42 0.531059 1 0.541044 -0.00998527
664.86 0.53009 1 0.540062 -0.00997176
665.31 0.535121 1 0.538675 -0.00355357
665.75 0.534152 1 0.536944 -0.00279214
666.2 0.533183 1 0.53479 -0.00160683
666.65 0.535214 1 0.532248 0.00296604
667.09 0.530245 1 0.52939 0.000854815
667.54 0.529275 1 0.526087 0.003188
667.98 0.524305 1 0.522492 0.00181365
668.43 0.528336 1 0.518444 0.00989157
668.87 0.521366 1 0.514131 0.00723462
669.32 0.518396 1 0.509363 0.00903313
669.76 0.516425 1 0.504359 0.0120659
670.21 0.513455 1 0.498902 0.0145527
670.65 0.506484 1 0.493244 0.0132399
671.1 0.504514 1 0.487139 0.0173751
671.54 0.497543 1 0.480869 0.0166743
671.99 0.490572 1 0.474161 0.0164111
672.43 0.482601 1 0.467328 0.0152734
672.88 0.47563 1 0.460071 0.0155592
673.32 0.473659 1 0.452728 0.0209303
673.77 0.462687 1 0.44498 0.017707
674.21 0.456715 1 0.437187 0.0195282
674.66 0.448744 1 0.42901 0.0197337
675.1 0.439772 1 0.420829 0.0189427
675.55 0.4288 1 0.412288 0.0165117
675.99 0.418828 1 0.403784 0.0150436
676.44 0.411856 1 0.394947 0.0169091
676.88 0.400883 1 0.386185 0.0146975
677.33 0.391911 1 0.377119 0.0147912
677.77 0.380938 1 0.368168 0.0127694
678.22 0.368965 1 0.358942 0.0100233
678.66 0.362992 1 0.349867 0.0131251
679.11 0.349019 1 0.340547 0.00847211
679.55 0.340045 1 0.331412 0.00863296
679.99 0.328072 1 0.322272 0.00579981
680.44 0.318098 1 0.312933 0.00516571
680.88 0.308124 1 0.303825 0.00429967
681.33 0.296151 1 0.294548 0.00160219
681.77 0.284176 1 0.28553 -0.00135394
682.22 0.277202 1 0.276374 0.00082873
682.66 0.266228 1 0.267498 -0.00127056
683.11 0.257254 1 0.258513 -0.00125966
683.55 0.246279 1 0.249829 -0.00355048
683.99 0.237304 1 0.241256 -0.00395232
684.44 0.226329 1 0.232613 -0.00628393
684.88 0.218354 1 0.224294 -0.00594005
685.33 0.207379 1 0.215929 -0.00855045
685.77 0.198403 1 0.207899 -0.00949609
686.21 0.192427 1 0.200024 -0.00759618
686.66 0.180452 1 0.192135 -0.0116833
687.1 0.173476 1 0.184591 -0.0111153
687.55 0.1665 1 0.177054 -0.0105535
687.99 0.158524 1 0.169863 -0.0113387
688.44 0.150548 1 0.162695 -0.0121471
688.88 0.142571 1 0.155873 -0.0133017
689.32 0.135594 1 0.149238 -0.0136432
689.77 0.129618 1 0.142647 -0.013029
690.21 0.122641 1 0.136395 -0.0137545
690.65 0.116664 1 0.130335 -0.0136716
691.1 0.110687 1 0.124336 -0.0136489
691.54 0.103709 1 0.118663 -0.0149542
691.99 0.098732 1 0.11306 -0.0143278
692.43 0.0937541 1 0.107773 -0.0140189
692.87 0.0897761 1 0.102675 -0.0128988
693.32 0.0827984 1 0.097654 -0.0148556
693.76 0.0808201 1 0.0929313 -0.0121112
694.2 0.0768416 1 0.0883906 -0.0115489
694.65 0.0718635 1 0.0839318 -0.0120683
695.09 0.0668847 1 0.0797499 -0.0128652
695.53 0.0639058 1 0.0757404 -0.0118346
695.98 0.0609271 1 0.0718142 -0.010887
696.42 0.0569479 1 0.0681419 -0.011194
696.86 0.0529685 1 0.0646303 -0.0116618
697.31 0.0499894 1 0.0612007 -0.0112113
697.75 0.0480097 1 0.0580012 -0.00999153
698.19 0.0430298 1 0.0549493 -0.0119195
698.64 0.0420502 1 0.051976 -0.00992581
699.08 0.04107 1 0.0492088 -0.00813882
699.52 0.0380897 1 0.0465754 -0.00848578
699.97 0.0351096 1 0.0440157 -0.00890614
700.41 0.0351289 1 0.0416387 -0.00650981
700.85 0.0331481 1 0.0393815 -0.00623337
701.3 0.0301676 1 0.0371919 -0.00702437
701.74 0.0261864 1 0.0351627 -0.00897634
702.18 0.0252051 1 0.0332395 -0.00803435
702.63 0.0252241 1 0.0313773 -0.00615328
703.07 0.0232424 1 0.0296547 -0.00641225
703.51 0.0222607 1 0.0280247 -0.00576402
703.96 0.0212791 1 0.0264491 -0.00516994
704.4 0.018297 1 0.0249937 -0.00669667
704.84 0.0163148 1 0.0236186 -0.0073038
705.28 0.0153323 1 0.0223198 -0.00698744
705.73 0.0153501 1 0.0210665 -0.00571638
706.17 0.0143674 1 0.0199108 -0.00554338
706.61 0.0113845 1 0.0188203 -0.00743588
707.06 0.0134018 1 0.0177692 -0.00436739
707.5 0.0104185 1 0.0168006 -0.00638209
707.94 0.0084351 1 0.0158875 -0.00745238
708.38 0.00945153 1 0.0150268 -0.00557526
708.83 0.00946816 1 0.0141977 -0.00472959
709.27 0.00748426 1 0.0134344 -0.00595012
709.71 0.00650019 1 0.0127151 -0.00621489
710.15 0.00651595 1 0.0120373 -0.00552137
710.6 0.0075319 1 0.0113846 -0.00385274
711.04 0.00654733 1 0.0107837 -0.00423639
711.48 0.0035626 1 0.0102175 -0.00665487
711.92 0.0055777 1 0.00968381 -0.00410612
712.37 0.00259297 1 0.00916973 -0.00657676
712.81 0.000607726 1 0.00869619 -0.00808846
713.25 0.00162232 1 0.00824969 -0.00662737
713.69 0.00563674 1 0.00782859 -0.00219184
714.13 -0.000348998 1 0.00743134 -0.00778034
714.58 -0.000334591 1 0.00704821 -0.00738281
715.02 -0.000320676 1 0.00669484 -0.00701551
715.46 -0.000306929 1 0.00636116 -0.00666809
715.9 -0.000293352 1 0.00604597 -0.00633933
716.35 0.00272036 1 0.00574156 -0.0030212
716.79 -0.00126641 1 0.00546036 -0.00672677
717.23 0.000746654 1 0.00519441 -0.00444776
717.67 0.00175955 1 0.00494279 -0.00318325
718.11 0.000772265 1 0.00470461 -0.00393235
718.56 -0.0032149 1 0.00447407 -0.00768898
719 0.000797469 1 0.00426064 -0.00346317
719.44 0.00180967 1 0.00405833 -0.00224866
719.88 -0.000178303 1 0.00386647 -0.00404477
720.32 -0.000166449 1 0.00368444 -0.00385089
720.76 -0.000154768 1 0.00351166 -0.00366643
721.21 0.000856998 1 0.00334395 -0.00248695
721.65 -0.000131673 1 0.00318824 -0.00331991
722.09 0.000879482 1 0.00304024 -0.00216076
722.53 -0.000109539 1 0.00289951 -0.00300905
722.97 -0.00209873 1 0.00276563 -0.00486436
723.41 -0.00308811 1 0.00263821 -0.00572632
723.86 0.000922582 1 0.00251421 -0.00159163
724.3 -0.00106715 1 0.0023988 -0.00346595
724.74 -5.70492e-05 1 0.00228884 -0.00234589
725.18 -4.71303e-05 1 0.00218404 -0.00223117
725.62 0.000962611 1 0.00208411 -0.0011215
726.06 0.000972175 1 0.00198882 -0.00101664
726.5 -1.84392e-05 1 0.00189791 -0.00191635
726.95 -9.02458e-06 1 0.00180924 -0.00181826
727.39 0 1 0.00172653 -0.00172653
727.83 -0.000991154 1 0.00164757 -0.00263873
728.27 -0.00298249 1 0.00157218 -0.00455467
728.71 -0.000973995 1 0.00150018 -0.00247417
729.15 0.00103432 1 0.0014314 -0.000397079
729.59 4.24615e-05 1 0.0013657 -0.00132323
730.03 -0.00094957 1 0.00130292 -0.00225249
730.48 0.0010584 1 0.0012416 -0.000183201
730.92 -0.00193398 1 0.00118434 -0.00311832
731.36 7.34747e-05 1 0.00112961 -0.00105614
731.8 -0.000919241 1 0.00107731 -0.00199655
732.24 8.78752e-05 1 0.00102732 -0.000939442
732.68 0.00109483 1 0.000979537 0.000115289
733.12 0.00110161 1 0.000933868 0.000167744
733.56 0.000108235 1 0.000890219 -0.000781984
734 0.00211469 1 0.0008485 0.00126619
734.44 0.00112099 1 0.000808628 0.000312365
734.89 0.00312727 1 0.000769677 0.00235759
735.33 0.00313325 1 0.000733301 0.00239995
735.77 0.00113907 1 0.000698541 0.000440526
736.21 0.00114473 1 0.000665328 0.000479402
736.65 0.00315024 1 0.000633596 0.00251664
737.09 0.00115559 1 0.000603283 0.000552308
737.53 0.00316079 1 0.000574328 0.00258646
737.97 0.00116584 1 0.000546673 0.000619169
738.41 0.00217074 1 0.000520263 0.00165048
738.85 0.00817549 1 0.000495046 0.00768045
739.29 0.00318009 1 0.000470971 0.00270912
739.73 0.00018455 1 0.000447989 -0.000263439
740.17 0.00218886 1 0.000426053 0.00176281
740.61 0.00119303 1 0.000405121 0.000787904
741.05 0.00119705 1 0.000385148 0.0008119
741.49 0.00320093 1 0.000366094 0.00283483
741.93 0.00320467 1 0.00034792 0.00285675
742.37 0.00120827 1 0.000330587 0.000877681
742.81 0.00321173 1 0.000314061 0.00289767
743.26 0.00221513 1 0.000297956 0.00191717
743.7 0.000218314 1 0.000282955 -6.46402e-05
744.14 0.00422137 1 0.000268659 0.00395271
744.58 0.00422428 1 0.000255037 0.00396925
745.02 0.00422707 1 0.000242061 0.00398501
745.46 0.00622972 1 0.000229701 0.00600002
745.9 0.00123225 1 0.000217931 0.00101431
746.34 0.00123464 1 0.000206725 0.00102792
746.78 0.000236908 1 0.000196058 4.08497e-05
747.22 0.00323905 1 0.000185906 0.00305314
747.66 0.00224107 1 0.000176246 0.00206482
748.1 0.00224296 1 0.000167056 0.0020759
748.54 0.00224473 1 0.000158314 0.00208641
748.98 0.00324637 1 0.000150001 0.00309637
749.42 0.0042479 1 0.000142098 0.0041058
749.86 0.00424931 1 0.000134584 0.00411472
750.29 0.00325057 1 0.000127602 0.00312297
750.73 0.00425175 1 0.000120809 0.00413094
751.17 0.00225281 1 0.000114356 0.00213845
751.61 0.00125375 1 0.000108226 0.00114553
752.05 0.00625459 1 0.000102405 0.00615218
752.49 0.00125531 1 9.68783e-05 0.00115843
752.93 0.00325592 1 9.16321e-05 0.00316428
753.37 0.00225642 1 8.66532e-05 0.00216976
753.81 0.00325681 1 8.19288e-05 0.00317488
754.25 0.000257093 1 7.7447e-05 0.000179646
754.69 0.00125727 1 7.31961e-05 0.00118408
755.13 0.00225735 1 6.91651e-05 0.00218818
755.57 0.00125732 1 6.53434e-05 0.00119197
756.01 -0.000742818 1 6.17208e-05 -0.000804538
756.45 0.00125695 1 5.82877e-05 0.00119866
756.89 0.00425661 1 5.50348e-05 0.00420158
757.33 0.00225618 1 5.19534e-05 0.00220423
757.77 0.000255652 1 4.90349e-05 0.000206617
758.21 0.000255025 1 4.62714e-05 0.000208753
758.64 0.00225432 1 4.37129e-05 0.00221061
759.08 0.00125351 1 4.12334e-05 0.00121227
759.52 0.0022526 1 3.8887e-05 0.00221371
759.96 -0.0007484 1 3.66669e-05 -0.000785067
760.4 0.00125051 1 3.45669e-05 0.00121594
760.84 0.00324933 1 3.25807e-05 0.00321675
761.28 0.00424807 1 3.07027e-05 0.00421736
761.72 0.00124671 1 2.89273e-05 0.00121778
762.16 0.00224527 1 2.72493e-05 0.00221802
762.6 0.00224375 1 2.56636e-05 0.00221808
763.03 0.00224218 1 2.41985e-05 0.00221798
763.47 0.00124049 1 2.27816e-05 0.00121771
763.91 0.00323872 1 2.14434e-05 0.00321728
764.35 0.00123687 1 2.01799e-05 0.00121669
764.79 0.00323495 1 1.89871e-05 0.00321596
765.23 0.000232943 1 1.78614e-05 0.000215081
765.67 0.00423086 1 1.67991e-05 0.00421406
766.11 0.00222871 1 1.57969e-05 0.00221291
766.54 0.00122653 1 1.48725e-05 0.00121166
766.98 0.000224229 1 1.39798e-05 0.000210249
767.42 0.000221857 1 1.31382e-05 0.000208719
767.86 0.000219415 1 1.23448e-05 0.00020707
768.3 0.0012169 1 1.15971e-05 0.00120531
768.74 0.00121433 1 1.08925e-05 0.00120343
769.17 0.00121174 1 1.02434e-05 0.0012015
769.61 0.00420903 1 9.61741e-06 0.00419941
770.05 0.00120626 1 9.02787e-06 0.00119723
770.49 0.00120342 1 8.47282e-06 0.00119495
770.93 0.00320052 1 7.95035e-06 0.00319257
771.37 0.00119756 1 7.45864e-06 0.0011901
771.8 0.00119461 1 7.00618e-06 0.00118761
772.24 0.00319154 1 6.57032e-06 0.00318497
772.68 0.00118841 1 6.16038e-06 0.00118225
773.12 0.000185217 1 5.77489e-06 0.000179442
773.56 0.00518197 1 5.41247e-06 0.00517656
774 0.00217868 1 5.0718e-06 0.0021736
774.43 0.0031754 1 4.75871e-06 0.00317064
774.87 0.000172004 1 4.45747e-06 0.000167547
775.31 0.00116856 1 4.17448e-06 0.00116438
775.75 0.00216506 1 3.9087e-06 0.00216115
776.19 0.00116151 1 3.65913e-06 0.00115785
776.62 0.004158 1 3.42998e-06 0.00415457
777.06 0.00215437 1 3.20974e-06 0.00215116
777.5 0.000150685 1 3.00305e-06 0.000147682
777.94 0.00514696 1 2.80912e-06 0.00514415
778.37 -0.000856716 1 2.63121e-06 -0.000859348
778.81 0.000139479 1 2.46034e-06 0.000137019
779.25 0.00413564 1 2.30012e-06 0.00413334
779.69 0.00213175 1 2.14992e-06 0.0021296
780.13 0.000127836 1 2.00913e-06 0.000125827
780.56 0.00312397 1 1.8801e-06 0.00312209
781 0.00411998 1 1.75631e-06 0.00411823
781.44 0.00111596 1 1.64034e-06 0.00111432
781.88 0.00311191 1 1.53173e-06 0.00311038
782.31 0.00310792 1 1.43228e-06 0.00310649
782.75 0.00210381 1 1.33693e-06 0.00210247
783.19 0.00209967 1 1.24769e-06 0.00209842
783.63 0.0020955 1 1.16417e-06 0.00209433
784.06 -0.000908602 1 1.08776e-06 -0.00090969
784.5 0.00108718 1 1.01456e-06 0.00108616
784.94 -0.000917065 1 9.461e-07 -0.000918011
785.37 0.00307877 1 8.83496e-07 0.00307788
785.81 0.00107448 1 8.23563e-07 0.00107366
786.25 7.01733e-05 1 7.67546e-07 6.94057e-05
786.69 0.00306585 1 7.152e-07 0.00306513
787.12 0.0030616 1 6.67369e-07 0.00306094
787.56 -0.000942757 1 6.21615e-07 -0.000943379
788 -0.000947133 1 5.78884e-07 -0.000947711
788.43 0.00204858 1 5.39863e-07 0.00204804
788.87 -0.00195582 1 5.02559e-07 -0.00195633
789.31 0.00403976 1 4.67741e-07 0.00403929
789.75 0.00403534 1 4.3525e-07 0.0040349
790.18 0.003031 1 4.05603e-07 0.0030306
790.62 2.65601e-05 1 3.77283e-07 2.61828e-05
791.06 0.00102211 1 3.50872e-07 0.00102176
791.49 1.77561e-05 1 3.26787e-07 1.74293e-05
791.93 1.32958e-05 1 3.03793e-07 1.2992e-05
792.37 -0.00299117 1 2.82363e-07 -0.00299145
792.8 0.00100447 1 2.62831e-07 0.0010042
793.24 0 1 2.44196e-07 -2.44196e-07
793.68 0.000995533 1 2.26838e-07 0.000995306
794.11 -8.832e-06 1 2.11027e-07 -9.04303e-06
794.55 0.000986704 1 1.95951e-07 0.000986508
794.99 0.00398224 1 1.81916e-07 0.00398206
795.42 -0.00102211 1 1.6914e-07 -0.00102228
795.86 -2.65601e-05 1 1.56966e-07 -2.6717e-05
796.3 -3.10026e-05 1 1.45639e-07 -3.11483e-05
796.73 0.00396466 1 1.35334e-07 0.00396453
797.17 0.00196024 1 1.25519e-07 0.00196011
797.61 0.00295582 1 1.16394e-07 0.00295571
798.04 0.000951522 1 1.08097e-07 0.000951414
798.48 -5.28674e-05 1 1.002e-07 -5.29676e-05
798.91 -5.71435e-05 1 9.30221e-08 -5.72365e-05
799.35 -0.0030615 1 8.61928e-08 -0.00306159
799.79 0.000934153 1 7.98493e-08 0.000934073
800.22 -0.00207008 1 7.40873e-08 -0.00207015
800.66 -0.00307438 1 6.86082e-08 -0.00307445
801.1 -7.86695e-05 1 6.3522e-08 -7.8733e-05
