500.34 0.00242504 1 5.00673e-05 0.00237497
500.8 0.00350794 1 5.31293e-05 0.00345481
501.25 0.00258905 1 5.62941e-05 0.00253275
501.71 0.00167196 1 5.97114e-05 0.00161224
502.17 0.000754866 1 6.33224e-05 0.000691544
502.62 0.000835976 1 6.7052e-05 0.000768924
503.08 0.00191889 1 7.10765e-05 0.00184781
503.53 0 1 7.52314e-05 -7.52314e-05
503.99 0.00108291 1 7.97126e-05 0.0010032
504.44 0.00216402 1 8.43369e-05 0.00207969
504.9 0.000246936 1 8.93223e-05 0.000157614
505.36 0.00432985 1 9.45819e-05 0.00423526
505.81 0.00241095 1 0.000100006 0.00231095
506.27 -0.00150614 1 0.000105849 -0.00161199
506.72 0.00157496 1 0.000111872 0.00146309
507.18 0.00165786 1 0.000118358 0.0015395
507.63 0.000738955 1 0.00012504 0.000613914
508.09 -0.000178153 1 0.000132233 -0.000310386
508.54 0.00190293 1 0.000139641 0.00176329
509 0.00198581 1 0.00014761 0.0018382
509.45 0.00406689 1 0.000155813 0.00391108
509.91 0.00214976 1 0.000164635 0.00198512
510.36 0.00323082 1 0.000173712 0.00305711
510.82 0.00431368 1 0.000183468 0.00413021
511.27 0.00339472 1 0.000193502 0.00320122
511.73 0.00347756 1 0.000204283 0.00327328
512.19 0.0025604 1 0.000215617 0.00234478
512.64 0.000641419 1 0.000227266 0.000414153
513.1 0.00272423 1 0.000239773 0.00248446
513.55 0.00280524 1 0.000252621 0.00255261
514.01 0.00288803 1 0.000266409 0.00262162
514.46 0.00496901 1 0.000280567 0.00468844
514.92 0.00105178 1 0.000295754 0.000756027
515.37 0.00613274 1 0.00031134 0.0058214
515.83 0.00121549 1 0.000328052 0.000887434
516.28 0.00529642 1 0.000345196 0.00495122
516.73 0.00437734 1 0.000363161 0.00401418
517.19 0.00246005 1 0.000382409 0.00207764
517.64 0.00354094 1 0.000402142 0.0031388
518.1 0.00362362 1 0.000423276 0.00320034
518.55 0.00370448 1 0.000444931 0.00325955
519.01 0.00378713 1 0.000468112 0.00331902
519.46 0.00286796 1 0.000491855 0.00237611
519.92 0.00195058 1 0.00051726 0.00143332
520.37 0.00103138 1 0.000543268 0.000488109
520.83 0.00111396 1 0.000571083 0.000542872
521.28 0.00119472 1 0.000599546 0.000595175
521.74 0.00227726 1 0.000629973 0.00164729
522.19 0.00535799 1 0.000661094 0.0046969
522.65 0.00344049 1 0.000694348 0.00274615
523.1 0.00252118 1 0.000728343 0.00179284
523.55 0.00460185 1 0.000763845 0.00383801
524.01 0.0026843 1 0.000801753 0.00188254
524.46 0.00376493 1 0.000840481 0.00292444
524.92 0.00284732 1 0.000881815 0.00196551
525.37 0.00392791 1 0.000924023 0.00300389
525.83 0.00301026 1 0.00096905 0.00204121
526.28 0.0050908 1 0.00101501 0.0040758
526.73 0.00417132 1 0.00106292 0.0031084
527.19 0.0042536 1 0.00111401 0.00313959
527.64 0.00233407 1 0.00116611 0.00116796
528.1 0.0034163 1 0.00122163 0.00219468
528.55 0.00549672 1 0.00127823 0.0042185
529.01 0.0045789 1 0.00133851 0.00324039
529.46 0.00465927 1 0.00139994 0.00325933
529.91 0.00273961 1 0.00146388 0.00127573
530.37 0.00482171 1 0.00153194 0.00328977
530.82 0.003902 1 0.00160124 0.00230076
531.28 0.00398404 1 0.00167497 0.00230907
531.73 0.00606427 1 0.00175 0.00431427
532.18 0.00514447 1 0.00182803 0.00331645
532.64 0.00622643 1 0.00191097 0.00431546
533.09 0.00730657 1 0.00199533 0.00531124
533.54 0.00438668 1 0.00208299 0.0023037
534 0.00846854 1 0.00217611 0.00629244
534.45 0.0055486 1 0.00227075 0.00327785
534.91 0.00363039 1 0.00237125 0.00125915
535.36 0.00671038 1 0.00247334 0.00423704
535.81 0.00679034 1 0.0025793 0.00421104
536.27 0.00587203 1 0.00269172 0.00318031
536.72 0.00795192 1 0.00280586 0.00514606
537.17 0.00903178 1 0.00292423 0.00610755
537.63 0.00611337 1 0.00304974 0.00306363
538.08 0.00919316 1 0.00317707 0.00601609
538.54 0.00727468 1 0.00331201 0.00396267
538.99 0.00935439 1 0.00344884 0.00590555
539.44 0.00643407 1 0.00359058 0.00284349
539.9 0.00951548 1 0.00374069 0.00577479
540.35 0.00959509 1 0.00389279 0.0057023
540.8 0.00767465 1 0.00405024 0.00362442
541.26 0.00875595 1 0.00421686 0.00453908
541.71 0.0108354 1 0.00438558 0.00644986
542.16 0.0119149 1 0.0045601 0.00735479
542.62 0.0139961 1 0.00474467 0.0092514
543.07 0.0110754 1 0.00493141 0.00614403
543.52 0.0111548 1 0.00512445 0.00603033
543.98 0.0102358 1 0.00532844 0.00490738
544.43 0.0123151 1 0.00553469 0.00678038
544.88 0.00939428 1 0.00574774 0.00364654
545.34 0.0114752 1 0.00597272 0.00550248
545.79 0.0125543 1 0.00620003 0.0063543
546.24 0.0106334 1 0.00643466 0.00419875
546.69 0.0127124 1 0.00667678 0.00603567
547.15 0.0137932 1 0.00693222 0.00686098
547.6 0.0118721 1 0.00719005 0.00468209
548.05 0.011951 1 0.00745592 0.00449512
548.51 0.0140317 1 0.00773621 0.00629544
548.96 0.0161105 1 0.00801893 0.00809154
549.41 0.0151892 1 0.00831025 0.00687899
549.86 0.015268 1 0.00861036 0.00665759
550.32 0.0163484 1 0.00892645 0.00742193
550.77 0.016427 1 0.00924494 0.00718205
551.22 0.0155056 1 0.00957282 0.00593275
551.68 0.0175858 1 0.00991788 0.00766796
552.13 0.0176643 1 0.0102653 0.007399
552.58 0.0157428 1 0.0106227 0.00512002
553.03 0.0198211 1 0.0109903 0.00883082
553.49 0.0179012 1 0.0113768 0.00652443
553.94 0.0179795 1 0.0117655 0.00621396
554.39 0.0180577 1 0.012165 0.00589269
554.84 0.0211359 1 0.0125755 0.0085604
555.3 0.0222157 1 0.0130066 0.00920915
555.75 0.0202938 1 0.0134398 0.006854
556.2 0.0203718 1 0.0138846 0.00648724
556.65 0.0234498 1 0.0143411 0.00910868
557.11 0.0225294 1 0.0148201 0.0077093
557.56 0.0226073 1 0.015301 0.00730629
558.01 0.0246851 1 0.0157942 0.00889089
558.46 0.0227628 1 0.0162999 0.00646291
558.92 0.0238422 1 0.01683 0.00701223
559.37 0.0269199 1 0.0173616 0.00955826
559.82 0.0259974 1 0.0179063 0.00809114
560.27 0.026075 1 0.0184643 0.00761071
560.72 0.0271524 1 0.0190356 0.00811677
561.18 0.0272315 1 0.0196338 0.00759773
561.63 0.0273089 1 0.0202329 0.00707597
562.08 0.0283862 1 0.020846 0.00754018
562.53 0.0254634 1 0.0214732 0.00399021
562.99 0.0285423 1 0.0221291 0.00641319
563.44 0.0296194 1 0.0227853 0.00683405
563.89 0.0286964 1 0.0234562 0.00524024
564.34 0.0297734 1 0.0241418 0.00563163
564.79 0.0308503 1 0.0248423 0.00600806
565.25 0.0319289 1 0.0255738 0.00635504
565.7 0.0320057 1 0.0263049 0.00570082
566.15 0.0330824 1 0.0270512 0.00603124
566.6 0.0341591 1 0.0278129 0.0063462
567.05 0.0352357 1 0.0285901 0.00664556
567.5 0.0353122 1 0.029383 0.00592923
567.96 0.0353904 1 0.0302097 0.00518066
568.41 0.0354668 1 0.0310345 0.00443229
568.86 0.0355431 1 0.0318752 0.00366794
569.31 0.0386194 1 0.0327319 0.00588754
569.76 0.0376956 1 0.0336046 0.00409101
570.21 0.0407718 1 0.0344935 0.00627829
570.67 0.0378495 1 0.0354188 0.00243072
571.12 0.0389255 1 0.0363404 0.00258511
571.57 0.0400015 1 0.0372783 0.00272317
572.02 0.0440773 1 0.0382324 0.00584489
572.47 0.0431531 1 0.0392029 0.00395023
572.92 0.0442289 1 0.0401897 0.00403921
573.37 0.0453045 1 0.0411927 0.00411181
573.83 0.0433818 1 0.0422349 0.0011469
574.28 0.0454573 1 0.0432709 0.00218645
574.73 0.0445327 1 0.044323 0.000209697
575.18 0.0466081 1 0.0453914 0.0012167
575.63 0.0456834 1 0.0464759 -0.000792495
576.08 0.0487586 1 0.0475765 0.00118219
576.53 0.0478338 1 0.048693 -0.000859172
576.98 0.0499089 1 0.0498254 8.35171e-05
577.44 0.0509855 1 0.0509992 -1.36661e-05
577.89 0.0500605 1 0.0521634 -0.0021029
578.34 0.0531353 1 0.053343 -0.000207726
578.79 0.0532101 1 0.0545381 -0.00132801
579.24 0.0532848 1 0.0557484 -0.00246358
579.69 0.0553594 1 0.0569737 -0.00161429
580.14 0.056434 1 0.0582139 -0.00177994
580.59 0.0575084 1 0.0594688 -0.00196034
581.04 0.0575828 1 0.0607381 -0.00315528
581.49 0.0606571 1 0.0620217 -0.00136454
581.95 0.060733 1 0.0633482 -0.00261523
582.4 0.0618072 1 0.0646599 -0.00285271
582.85 0.0628812 1 0.065985 -0.00310376
583.3 0.0649552 1 0.0673233 -0.0023681
583.75 0.0650291 1 0.0686746 -0.00364542
584.2 0.066103 1 0.0700384 -0.00393544
584.65 0.0691767 1 0.0714145 -0.00223783
585.1 0.0712504 1 0.0728026 -0.00155225
585.55 0.070324 1 0.0742023 -0.00387836
586 0.0693975 1 0.0756133 -0.0062158
586.45 0.0734709 1 0.0770351 -0.00356419
586.9 0.0745442 1 0.0784674 -0.00392314
587.35 0.0746175 1 0.0799097 -0.00529226
587.8 0.0766906 1 0.0813617 -0.00467111
588.25 0.0777637 1 0.082823 -0.00505928
588.71 0.0798383 1 0.0843258 -0.00448745
589.16 0.0839112 1 0.0858043 -0.00189308
589.61 0.081984 1 0.0872907 -0.00530664
590.06 0.0840568 1 0.0887844 -0.00472765
590.51 0.0851294 1 0.090285 -0.00515561
590.96 0.088202 1 0.091792 -0.00359002
591.41 0.0882744 1 0.0933048 -0.00503035
591.86 0.0923468 1 0.0948229 -0.00247607
592.31 0.0924191 1 0.0963457 -0.00392664
592.76 0.0944913 1 0.0978728 -0.0033815
593.21 0.0935634 1 0.0994035 -0.00584008
593.66 0.0986354 1 0.100937 -0.00230182
594.11 0.100707 1 0.102473 -0.00176612
594.56 0.100779 1 0.104012 -0.00323238
595.01 0.101851 1 0.105551 -0.0037
595.46 0.102923 1 0.107091 -0.00416836
595.91 0.105994 1 0.108631 -0.00263685
596.36 0.107066 1 0.11017 -0.00310483
596.81 0.112137 1 0.111709 0.000428349
597.26 0.111208 1 0.113245 -0.00203668
597.71 0.113279 1 0.114779 -0.00149927
598.16 0.11535 1 0.116309 -0.000958755
598.61 0.116421 1 0.117836 -0.00141448
599.06 0.116492 1 0.119358 -0.00286577
599.51 0.118563 1 0.120875 -0.00231197
599.96 0.120634 1 0.122386 -0.0017524
600.41 0.120704 1 0.123891 -0.00318639
600.86 0.124775 1 0.125388 -0.000613262
601.31 0.123845 1 0.126878 -0.00303235
601.76 0.128916 1 0.128359 0.000557017
602.21 0.130986 1 0.12983 0.00115551
602.65 0.132054 1 0.13126 0.000794617
603.1 0.132124 1 0.132711 -0.000586878
603.55 0.132194 1 0.134152 -0.00195728
604 0.136264 1 0.13558 0.000684072
604.45 0.137334 1 0.136996 0.000337809
604.9 0.137403 1 0.138399 -0.000995435
605.35 0.140473 1 0.139788 0.000684964
605.8 0.140542 1 0.141163 -0.000620388
606.25 0.142612 1 0.142523 8.91066e-05
606.7 0.144681 1 0.143867 0.000814027
607.15 0.14675 1 0.145195 0.00155494
607.6 0.146819 1 0.146506 0.000312377
608.05 0.147888 1 0.147801 8.68754e-05
608.5 0.149957 1 0.149078 0.000878931
608.95 0.150025 1 0.150336 -0.000310978
609.39 0.153092 1 0.151549 0.00154342
609.84 0.154161 1 0.15277 0.00139048
610.29 0.154229 1 0.153972 0.000256831
610.74 0.155297 1 0.155154 0.000142829
611.19 0.157365 1 0.156317 0.0010488
611.64 0.158433 1 0.157458 0.000975034
612.09 0.158501 1 0.158579 -7.82251e-05
612.54 0.160569 1 0.15968 0.000889228
612.99 0.159637 1 0.160759 -0.00112245
613.44 0.160704 1 0.161817 -0.00111314
613.88 0.16077 1 0.162832 -0.00206146
614.33 0.162838 1 0.163848 -0.00101051
614.78 0.163905 1 0.164843 -0.00093856
615.23 0.164972 1 0.165818 -0.000845698
615.68 0.165039 1 0.166771 -0.00173209
616.13 0.166106 1 0.167704 -0.00159798
616.58 0.169173 1 0.168616 0.000556355
617.03 0.168239 1 0.169509 -0.00126946
617.47 0.167304 1 0.170363 -0.00305815
617.92 0.168371 1 0.171217 -0.00284607
618.37 0.171437 1 0.172053 -0.000615657
618.82 0.169503 1 0.172871 -0.00336759
619.27 0.17157 1 0.173672 -0.00210263
619.72 0.171636 1 0.174457 -0.0028216
620.17 0.172701 1 0.175227 -0.00252543
620.61 0.172766 1 0.175966 -0.00319996
621.06 0.171831 1 0.176708 -0.00487692
621.51 0.169897 1 0.177439 -0.00754204
621.96 0.173962 1 0.178159 -0.0041966
622.41 0.174027 1 0.178869 -0.00484199
622.86 0.175093 1 0.179572 -0.0044797
623.3 0.176156 1 0.180254 -0.00409733
623.75 0.177221 1 0.180946 -0.0037246
624.2 0.177286 1 0.181635 -0.00434918
624.65 0.177351 1 0.182324 -0.00497295
625.1 0.179415 1 0.183013 -0.00359787
625.54 0.179478 1 0.18369 -0.00421201
625.99 0.180542 1 0.184388 -0.00384538
626.44 0.180607 1 0.185093 -0.00448632
626.89 0.183671 1 0.185808 -0.00213716
627.34 0.183735 1 0.186535 -0.00280031
627.78 0.185797 1 0.18726 -0.00146303
628.23 0.186861 1 0.188019 -0.00115796
628.68 0.183924 1 0.188797 -0.00487284
629.13 0.186988 1 0.189598 -0.00261039
629.58 0.190051 1 0.190424 -0.000373347
630.02 0.192113 1 0.191259 0.00085338
630.47 0.190176 1 0.192144 -0.00196815
630.92 0.194239 1 0.193062 0.00117644
631.37 0.195301 1 0.194017 0.00128424
631.81 0.196363 1 0.194989 0.00137351
632.26 0.197425 1 0.196025 0.00139998
632.71 0.200488 1 0.197107 0.003381
633.16 0.20155 1 0.198236 0.00331368
633.61 0.202612 1 0.199417 0.00319519
634.05 0.202673 1 0.200623 0.00204939
634.5 0.206735 1 0.201913 0.0048215
634.95 0.207796 1 0.203262 0.00453432
635.4 0.209858 1 0.204673 0.00518528
635.84 0.211918 1 0.206114 0.00580404
636.29 0.213979 1 0.207654 0.00632554
636.74 0.216041 1 0.209262 0.00677827
637.18 0.2181 1 0.210903 0.00719692
637.63 0.219161 1 0.212653 0.00650781
638.08 0.222222 1 0.214478 0.00774441
638.53 0.223283 1 0.216377 0.00690526
638.97 0.224342 1 0.218309 0.00603256
639.42 0.230402 1 0.220362 0.0100402
639.87 0.231463 1 0.222493 0.00896917
640.32 0.233523 1 0.224704 0.00881899
640.76 0.234581 1 0.226941 0.0076399
641.21 0.238641 1 0.229308 0.00933298
641.66 0.238701 1 0.231754 0.00694733
642.1 0.243759 1 0.23422 0.0095393
642.55 0.243819 1 0.236818 0.00700054
643 0.247878 1 0.239491 0.0083864
643.44 0.248936 1 0.242177 0.00675921
643.89 0.253995 1 0.244993 0.00900174
644.34 0.257054 1 0.247878 0.00917547
644.79 0.261112 1 0.250829 0.0102834
645.23 0.26117 1 0.253774 0.00739514
645.68 0.265228 1 0.256845 0.00838317
646.13 0.266286 1 0.25997 0.00631658
646.57 0.270343 1 0.263074 0.00726969
647.02 0.273401 1 0.266292 0.00710886
647.47 0.277459 1 0.269551 0.00790811
647.91 0.277516 1 0.27277 0.00474536
648.36 0.280573 1 0.27609 0.00448282
648.81 0.282631 1 0.279432 0.00319844
649.25 0.288687 1 0.282714 0.00597244
649.7 0.285744 1 0.286079 -0.00033485
650.15 0.291801 1 0.289444 0.00235718
650.59 0.296856 1 0.292727 0.00412948
651.04 0.299913 1 0.29607 0.00384317
651.48 0.298968 1 0.299316 -0.000347814
651.93 0.302025 1 0.302605 -0.00058021
652.38 0.304081 1 0.305854 -0.00177253
652.82 0.307136 1 0.308983 -0.00184666
653.27 0.308192 1 0.312125 -0.00393351
653.72 0.310248 1 0.315201 -0.00495353
654.16 0.311302 1 0.318135 -0.006833
654.61 0.314358 1 0.321051 -0.00669374
655.06 0.316413 1 0.323873 -0.00746019
655.5 0.315467 1 0.326532 -0.0110651
655.95 0.314522 1 0.32914 -0.014618
656.39 0.315576 1 0.331572 -0.0159967
656.84 0.32863 1 0.333931 -0.00530048
657.29 0.333685 1 0.33615 -0.00246525
657.73 0.326738 1 0.338177 -0.0114392
658.18 0.327792 1 0.340096 -0.012304
658.62 0.330845 1 0.341814 -0.0109691
659.07 0.331899 1 0.343402 -0.0115025
659.52 0.333953 1 0.34481 -0.0108572
659.96 0.335006 1 0.346008 -0.0110022
660.41 0.338059 1 0.347042 -0.0089832
660.85 0.336111 1 0.347862 -0.0117507
661.3 0.338164 1 0.348498 -0.010334
661.74 0.338216 1 0.348919 -0.0107023
662.19 0.339269 1 0.349137 -0.00986774
662.64 0.340322 1 0.349137 -0.00881547
663.08 0.338373 1 0.348924 -0.0105505
663.53 0.341426 1 0.348483 -0.00705781
663.97 0.339477 1 0.347834 -0.00835711
664.42 0.336529 1 0.346944 -0.0104148
664.86 0.33858 1 0.345851 -0.0072717
665.31 0.339631 1 0.344507 -0.00487533
665.75 0.340682 1 0.34297 -0.00228788
666.2 0.338733 1 0.341171 -0.00243792
666.65 0.337784 1 0.339145 -0.00136037
667.09 0.337834 1 0.336945 0.000889149
667.54 0.333885 1 0.334475 -0.000589708
667.98 0.332935 1 0.331847 0.00108792
668.43 0.331986 1 0.328946 0.00303998
668.87 0.333035 1 0.325904 0.00713106
669.32 0.329085 1 0.322588 0.00649678
669.76 0.324134 1 0.319152 0.00498227
670.21 0.324184 1 0.315444 0.00874005
670.65 0.320233 1 0.311636 0.00859686
671.1 0.315282 1 0.307561 0.00772115
671.54 0.314331 1 0.303408 0.0109225
671.99 0.31138 1 0.298996 0.0123842
672.43 0.306428 1 0.294528 0.0119001
672.88 0.301477 1 0.28981 0.0116671
673.32 0.299524 1 0.28506 0.0144648
673.77 0.291573 1 0.280071 0.0115023
674.21 0.28962 1 0.275074 0.0145467
674.66 0.281669 1 0.269851 0.011818
675.1 0.277716 1 0.264643 0.0130725
675.55 0.269764 1 0.259224 0.0105394
675.99 0.26581 1 0.253844 0.0119662
676.44 0.259858 1 0.248268 0.0115897
676.88 0.253904 1 0.242754 0.0111504
677.33 0.246951 1 0.23706 0.00989117
677.77 0.241997 1 0.23145 0.0105474
678.22 0.236044 1 0.225678 0.0103664
678.66 0.23009 1 0.22001 0.0100803
679.11 0.221136 1 0.214197 0.00693929
679.55 0.216182 1 0.208508 0.007674
679.99 0.209227 1 0.202821 0.00640583
680.44 0.203273 1 0.197017 0.00625617
680.88 0.192318 1 0.191361 0.000956648
681.33 0.189363 1 0.185605 0.00375806
681.77 0.181408 1 0.180013 0.00139477
682.22 0.174453 1 0.174338 0.000115277
682.66 0.168497 1 0.168839 -0.000341815
683.11 0.161542 1 0.163274 -0.00173159
683.55 0.157586 1 0.157896 -0.00030986
683.99 0.150629 1 0.152587 -0.00195728
684.44 0.144674 1 0.147234 -0.00256045
684.88 0.138717 1 0.142081 -0.00336459
685.33 0.132761 1 0.1369 -0.00413866
685.77 0.123804 1 0.131923 -0.00811953
686.21 0.121846 1 0.127041 -0.00519421
686.66 0.11289 1 0.122148 -0.0092579
687.1 0.109932 1 0.117466 -0.00753344
687.55 0.106975 1 0.112785 -0.00580923
687.99 0.101017 1 0.108315 -0.00729794
688.44 0.09706 1 0.103857 -0.00679688
688.88 0.0911016 1 0.0996097 -0.00850806
689.32 0.088143 1 0.0954748 -0.0073318
689.77 0.0821852 1 0.0913635 -0.00917832
690.21 0.0772262 1 0.0874594 -0.0102332
690.65 0.0752671 1 0.0836705 -0.00840335
691.1 0.0703087 1 0.0799148 -0.0096061
691.54 0.0683493 1 0.0763595 -0.0080102
691.99 0.0613905 1 0.0728424 -0.0114519
692.43 0.0624306 1 0.0695196 -0.00708891
692.87 0.0564706 1 0.0663106 -0.00983999
693.32 0.0535113 1 0.0631455 -0.00963423
693.76 0.0495509 1 0.0601637 -0.0106129
694.2 0.0475903 1 0.0572922 -0.00970197
694.65 0.0466304 1 0.0544679 -0.00783753
695.09 0.0416694 1 0.0518145 -0.0101451
695.53 0.0397083 1 0.049266 -0.00955778
695.98 0.0377478 1 0.0467661 -0.00901834
696.42 0.0357863 1 0.0444237 -0.0086374
696.86 0.0358245 1 0.0421796 -0.00635508
697.31 0.0328635 1 0.0399839 -0.00712041
697.75 0.0299014 1 0.0379316 -0.00803019
698.19 0.0279391 1 0.0359703 -0.00803116
698.64 0.0269775 1 0.0340558 -0.00707831
699.08 0.0230148 1 0.0322706 -0.00925574
699.52 0.024052 1 0.0305684 -0.0065164
699.97 0.0220898 1 0.0289106 -0.0068208
700.41 0.0221265 1 0.0273681 -0.00524156
700.85 0.0181631 1 0.0259005 -0.00773736
701.3 0.0152003 1 0.0244741 -0.0092738
701.74 0.0172365 1 0.0231496 -0.00591317
702.18 0.0122725 1 0.0218919 -0.00961947
702.63 0.0153091 1 0.0206719 -0.00536285
703.07 0.0123447 1 0.0195412 -0.00719651
703.51 0.0143801 1 0.0184693 -0.00408925
703.96 0.0134161 1 0.0174314 -0.00401529
704.4 0.0114511 1 0.016471 -0.00501987
704.84 0.00848593 1 0.015562 -0.00707608
705.28 0.00952056 1 0.0147021 -0.00518157
705.73 0.00955577 1 0.0138711 -0.00431532
706.17 0.00659 1 0.0131036 -0.00651356
706.61 0.00762403 1 0.0123784 -0.00475437
707.06 0.00365864 1 0.0116784 -0.00801977
707.5 0.00669227 1 0.0110326 -0.00434037
707.94 0.00672571 1 0.0104232 -0.00369744
708.38 0.00575895 1 0.00984807 -0.00408911
708.83 0.00379275 1 0.00929361 -0.00550086
709.27 0.00282558 1 0.00878266 -0.00595708
709.71 0.00385822 1 0.00830089 -0.00444266
710.15 0.00189066 1 0.00784669 -0.00595602
710.6 0.00592364 1 0.0074091 -0.00148547
711.04 0.000955671 1 0.00700611 -0.00605044
711.48 0.000987505 1 0.0066263 -0.0056388
711.92 0.00201914 1 0.00626837 -0.00424923
712.37 5.12819e-05 1 0.00592361 -0.00587233
712.81 0.00208251 1 0.00560615 -0.00352364
713.25 0.00111353 1 0.00530695 -0.00419342
713.69 0.00114435 1 0.00502495 -0.0038806
714.13 0.000174963 1 0.00475912 -0.00458416
714.58 0.00120606 1 0.00450299 -0.00329693
715.02 -0.00276373 1 0.00426701 -0.00703074
715.46 -0.00273374 1 0.00404446 -0.0067782
715.9 -0.000703944 1 0.00383454 -0.00453848
716.35 -0.00367369 1 0.00363211 -0.0073058
716.79 0.00235569 1 0.00344544 -0.00108975
717.23 0.00138486 1 0.00326922 -0.00188436
717.67 0.000413822 1 0.00310283 -0.002689
718.11 -0.00255742 1 0.00294565 -0.00550308
718.56 -0.000528228 1 0.00279386 -0.00332209
719 -0.000499893 1 0.00265367 -0.00315356
719.44 -0.000471766 1 0.00252111 -0.00299287
719.88 0.000556151 1 0.00239572 -0.00183957
720.32 -0.00141614 1 0.00227707 -0.00369321
720.76 0.000611357 1 0.00216475 -0.0015534
721.21 -0.000360738 1 0.00205604 -0.00241678
721.65 -0.000333665 1 0.00195541 -0.00228907
722.09 -0.0013068 1 0.00186003 -0.00316684
722.53 -0.00128016 1 0.00176961 -0.00304976
722.97 -0.000253718 1 0.00168384 -0.00193756
723.41 -0.000227493 1 0.00160247 -0.00182996
723.86 -0.00120089 1 0.00152352 -0.00272442
724.3 -0.000175098 1 0.00145027 -0.00162537
724.74 -0.000149518 1 0.00138069 -0.00153021
725.18 -0.000124152 1 0.00131457 -0.00143873
725.62 -0.001099 1 0.00125173 -0.00235073
726.06 0.00192594 1 0.00119198 0.00073396
726.5 0.00195066 1 0.00113514 0.000815514
726.95 -2.42839e-05 1 0.00107987 -0.00110416
727.39 0 1 0.00102847 -0.00102847
727.83 2.40674e-05 1 0.000979544 -0.000955476
728.27 0.00104792 1 0.000932955 0.000114965
728.71 7.15579e-05 1 0.000888585 -0.000817027
729.15 0.00109498 1 0.000846319 0.000248665
729.59 -0.000881801 1 0.000806048 -0.00168785
730.03 0.000141204 1 0.000767673 -0.000626469
730.48 -0.00183548 1 0.000730287 -0.00256577
730.92 0.0011871 1 0.000695459 0.000491645
731.36 -0.000790515 1 0.000662256 -0.00145277
731.8 0.000231662 1 0.000630597 -0.000398935
732.24 0.00325364 1 0.000600409 0.00265323
732.68 0.00227541 1 0.00057162 0.00170379
733.12 0.000296987 1 0.000544165 -0.000247178
733.56 0.00131836 1 0.000517979 0.000800386
734 0.00433955 1 0.000493003 0.00384654
734.44 0.000360531 1 0.000469181 -0.00010865
734.89 0.00238179 1 0.000445956 0.00193584
735.33 -0.00259761 1 0.000424307 -0.00302192
735.77 0.00142279 1 0.00040366 0.00101914
736.21 0.00344301 1 0.000383967 0.00305904
736.65 0.00146304 1 0.000365186 0.00109785
737.09 0.00348288 1 0.000347275 0.00313561
737.53 0.00450254 1 0.000330195 0.00417234
737.97 0.00252201 1 0.000313909 0.0022081
738.41 0.00354131 1 0.000298381 0.00324292
738.85 0.00156042 1 0.000283578 0.00127684
739.29 0.00057935 1 0.000269466 0.000309883
739.73 0.0015981 1 0.000256016 0.00134209
740.17 0.00261668 1 0.000243197 0.00237349
740.61 0.00363509 1 0.000230981 0.00340411
741.05 0.00765332 1 0.000219342 0.00743398
741.49 0.000671378 1 0.000208254 0.000463124
741.93 0.000689267 1 0.000197692 0.000491575
742.37 0.00270699 1 0.000187633 0.00251935
742.81 0.00272454 1 0.000178054 0.00254649
743.26 0.00274232 1 0.000168732 0.00257359
743.7 0.00375954 1 0.00016006 0.00359948
744.14 0.00177659 1 0.000151806 0.00162479
744.58 0.00579349 1 0.000143951 0.00564954
745.02 0.00281022 1 0.000136477 0.00267374
745.46 0.0028268 1 0.000129367 0.00269743
745.9 0.00184321 1 0.000122605 0.00172061
746.34 0.000859476 1 0.000116175 0.000743301
746.78 0.00487558 1 0.000110061 0.00476552
747.22 0.00289154 1 0.000104249 0.00278729
747.66 0.00290734 1 9.87246e-05 0.00280862
748.1 0.00392299 1 9.34755e-05 0.00382952
748.54 0.0029385 1 8.84885e-05 0.00285001
748.98 0.00295386 1 8.37515e-05 0.00287011
749.42 0.00496907 1 7.92528e-05 0.00488982
749.86 0.00398414 1 7.49812e-05 0.00390915
750.29 0.00399872 1 7.1016e-05 0.00392771
750.73 0.00501351 1 6.71626e-05 0.00494635
751.17 0.00502816 1 6.3506e-05 0.00496465
751.61 0.00304266 1 6.00367e-05 0.00298263
752.05 0.00305704 1 5.67459e-05 0.00300029
752.49 0.00207127 1 5.3625e-05 0.00201765
752.93 0.00108537 1 5.06658e-05 0.00103471
753.37 0.00409934 1 4.78605e-05 0.00405148
753.81 0.00111318 1 4.52017e-05 0.00106798
754.25 0.00212689 1 4.26822e-05 0.00208421
754.69 0.00614047 1 4.02952e-05 0.00610017
755.13 0.00515392 1 3.80342e-05 0.00511589
755.57 0.00216725 1 3.5893e-05 0.00213135
756.01 0.00218045 1 3.38657e-05 0.00214659
756.45 0.00119353 1 3.19466e-05 0.00116158
756.89 0.00220649 1 3.01303e-05 0.00217636
757.33 0.00221933 1 2.84117e-05 0.00219092
757.77 0.00423205 1 2.67858e-05 0.00420527
758.21 0.00324466 1 2.52479e-05 0.00321941
758.64 -0.00174313 1 2.38259e-05 -0.00176696
759.08 0.00126924 1 2.24492e-05 0.00124679
759.52 0.00028151 1 2.11479e-05 0.000260362
759.96 0.00229367 1 1.99181e-05 0.00227375
760.4 0.00330571 1 1.87561e-05 0.00328695
760.84 -0.00168235 1 1.76584e-05 -0.00170001
761.28 0.000329479 1 1.66216e-05 0.000312858
761.72 0.0033412 1 1.56426e-05 0.00332556
762.16 0.00235283 1 1.47184e-05 0.00233811
762.6 -0.000635653 1 1.38461e-05 -0.0006495
763.03 0.00337551 1 1.3041e-05 0.00336247
763.47 0.00138683 1 1.22633e-05 0.00137457
763.91 0.00139805 1 1.15296e-05 0.00138652
764.35 0.00140918 1 1.08377e-05 0.00139834
764.79 0.000420211 1 1.01853e-05 0.000410026
765.23 -0.00056885 1 9.57031e-06 -0.00057842
765.67 -0.001558 1 8.99064e-06 -0.00156699
766.11 0.00245275 1 8.44442e-06 0.00244431
766.54 0.00146318 1 7.94117e-06 0.00145524
766.98 0.000473757 1 7.45578e-06 0.000466301
767.42 0.00248425 1 6.99868e-06 0.00247725
767.86 0.00349466 1 6.5683e-06 0.00348809
768.3 0.00250498 1 6.16317e-06 0.00249882
768.74 0.000515228 1 5.78188e-06 0.000509446
769.17 0.00152516 1 5.43102e-06 0.00151973
769.61 0.00353525 1 5.09303e-06 0.00353015
770.05 0.000545254 1 4.77512e-06 0.000540479
770.49 0.00255518 1 4.47618e-06 0.00255071
770.93 0.00256504 1 4.19512e-06 0.00256085
771.37 0.00357482 1 3.93092e-06 0.00357089
771.8 -0.00141569 1 3.68811e-06 -0.00141937
772.24 -0.00240604 1 3.4545e-06 -0.0024095
772.68 0.00160353 1 3.23504e-06 0.00160029
773.12 -0.000386965 1 3.02892e-06 -0.000389994
773.56 0.00162247 1 2.83537e-06 0.00161964
774 0.00163185 1 2.65367e-06 0.00162919
774.43 0.00264095 1 2.48687e-06 0.00263846
774.87 -0.0013498 1 2.32659e-06 -0.00135213
775.31 0.00365939 1 2.17621e-06 0.00365721
775.75 -0.000331481 1 2.03514e-06 -0.000333516
776.19 0.000677592 1 1.90284e-06 0.00067569
776.62 0.00168641 1 1.78152e-06 0.00168462
777.06 0.00169537 1 1.66506e-06 0.0016937
777.5 0.00270428 1 1.5559e-06 0.00270272
777.94 -0.00228686 1 1.45361e-06 -0.00228832
778.37 0.00272175 1 1.35988e-06 0.00272039
778.81 0.00273051 1 1.26998e-06 0.00272924
779.25 -0.00226078 1 1.18579e-06 -0.00226197
779.69 0.00174789 1 1.10696e-06 0.00174678
780.13 -0.00024349 1 1.03316e-06 -0.000244523
780.56 -0.00123511 1 9.65617e-07 -0.00123607
781 0.000773433 1 9.00891e-07 0.000772532
781.44 0.000781932 1 8.40338e-07 0.000781091
781.88 0.000790391 1 7.837e-07 0.000789607
782.31 -0.000201378 1 7.31899e-07 -0.00020211
782.75 0.00180701 1 6.82302e-07 0.00180633
783.19 0.00181536 1 6.3594e-07 0.00181473
783.63 0.00382368 1 5.9261e-07 0.00382309
784.06 0.00083178 1 5.53014e-07 0.000831227
784.5 -0.00115996 1 5.15133e-07 -0.00116048
784.94 0.00484827 1 4.79752e-07 0.00484779
785.37 0.00185628 1 4.47438e-07 0.00185584
785.81 0.00086446 1 4.16543e-07 0.000864043
786.25 -0.000127388 1 3.87705e-07 -0.000127776
786.69 0.00188074 1 3.60792e-07 0.00188038
787.12 0.000888665 1 3.36232e-07 0.000888329
787.56 -0.00210325 1 3.12769e-07 -0.00210356
788 0.00290482 1 2.90886e-07 0.00290453
788.43 0.000912692 1 2.70928e-07 0.000912421
788.87 0.00292073 1 2.51874e-07 0.00292048
789.31 0.00492875 1 2.34113e-07 0.00492852
789.75 0.00293676 1 2.17562e-07 0.00293654
790.18 -0.00105542 1 2.02479e-07 -0.00105563
790.62 0.000952564 1 1.8809e-07 0.000952376
791.06 -3.94565e-05 1 1.7469e-07 -3.96312e-05
791.49 0.00396833 1 1.62485e-07 0.00396817
791.93 0.0019763 1 1.5085e-07 0.00197615
792.37 -1.57366e-05 1 1.4002e-07 -1.58766e-05
792.8 0.00499204 1 1.30162e-07 0.00499191
793.24 0 1 1.2077e-07 -1.2077e-07
793.68 0.00100796 1 1.12034e-07 0.00100785
794.11 0.00301574 1 1.04086e-07 0.00301563
794.55 0.0030237 1 9.65189e-08 0.0030236
794.99 0.00303167 1 8.94838e-08 0.00303158
795.42 0.00603946 1 8.30884e-08 0.00603937
795.86 0.00604744 1 7.70021e-08 0.00604736
796.3 0.00305542 1 7.13475e-08 0.00305535
796.73 6.32401e-05 1 6.62101e-08 6.31739e-05
797.17 0.00207125 1 6.13239e-08 0.00207119
797.61 0.00407927 1 5.67871e-08 0.00407921
798.04 0.00508713 1 5.26678e-08 0.00508707
798.48 -0.000904822 1 4.87523e-08 -0.000904871
798.91 0.00410306 1 4.51985e-08 0.00410302
799.35 0.00311115 1 4.18219e-08 0.00311111
799.79 0.00211926 1 3.86898e-08 0.00211922
800.22 0.0011272 1 3.58489e-08 0.00112717
800.66 -0.00186465 1 3.31512e-08 -0.00186468
801.1 0.00314353 1 3.06504e-08 0.0031435
