500.34 0.00236265 1 5.20444e-05 0.00231061
500.8 0.00345455 1 5.52586e-05 0.00339929
501.25 0.00154446 1 5.85827e-05 0.00148587
501.71 0.00263636 1 6.21739e-05 0.00257419
502.17 0.00072827 1 6.59709e-05 0.000662299
502.62 0.00181818 1 6.98948e-05 0.00174828
503.08 -8.99113e-05 1 7.41313e-05 -0.000164043
503.53 0 1 7.85075e-05 -7.85075e-05
503.99 0.00209191 1 8.323e-05 0.00200868
504.44 0.00418182 1 8.81061e-05 0.00409371
504.9 0.000273728 1 9.33657e-05 0.000180363
505.36 0.00336564 1 9.89177e-05 0.00326672
505.81 0.00245554 1 0.000104646 0.0023509
506.27 0.000547446 1 0.000110821 0.000436625
506.72 0.00263735 1 0.00011719 0.00252016
507.18 0.00172925 1 0.000124051 0.0016052
507.63 0.000819145 1 0.000131124 0.000688021
508.09 0.00291104 1 0.000138742 0.00277229
508.54 0.00200093 1 0.000146591 0.00185434
509 0.00309281 1 0.00015504 0.00293777
509.45 0.000182691 1 0.000163742 1.89496e-05
509.91 0.000274565 1 0.000173105 0.00010146
510.36 0.00336444 1 0.000182743 0.00318169
510.82 0.0054563 1 0.000193109 0.00526319
511.27 0.00154616 1 0.000203775 0.00134238
511.73 0.00463801 1 0.000215241 0.00442276
512.19 0.00372985 1 0.000227303 0.00350254
512.64 0.000819685 1 0.000239705 0.00057998
513.1 0.00391151 1 0.000253028 0.00365848
513.55 0.00200133 1 0.000266721 0.00173461
514.01 0.00309314 1 0.000281425 0.00281172
514.46 0.00318295 1 0.000296529 0.00288642
514.92 0.00227474 1 0.000312741 0.001962
515.37 0.00436453 1 0.000329387 0.00403514
515.83 0.0024563 1 0.000347245 0.00210905
516.28 0.00454606 1 0.000365573 0.00418049
516.73 0.00363582 1 0.000384789 0.00325103
517.19 0.00272755 1 0.000405388 0.00232217
517.64 0.00381729 1 0.000426517 0.00339077
518.1 0.002909 1 0.000449156 0.00245984
518.55 0.00199871 1 0.000472366 0.00152634
519.01 0.0010904 1 0.000497224 0.000593173
519.46 0.00418008 1 0.000522697 0.00365738
519.92 0.000271739 1 0.000549966 -0.000278226
520.37 0.00136139 1 0.000577896 0.000783498
520.83 0.00145303 1 0.000607783 0.000845243
521.28 0.00154265 1 0.00063838 0.000904272
521.74 0.00263425 1 0.000671105 0.00196315
522.19 0.00272385 1 0.000704592 0.00201926
522.65 0.00281542 1 0.000740391 0.00207503
523.1 0.00190498 1 0.000777007 0.00112798
523.55 0.00399453 1 0.000815264 0.00317927
524.01 0.00308605 1 0.000856134 0.00222992
524.46 0.00317556 1 0.000897907 0.00227766
524.92 0.00226705 1 0.000942512 0.00132453
525.37 0.00335652 1 0.000988082 0.00236844
525.83 0.00244797 1 0.00103672 0.00141125
526.28 0.00353741 1 0.00108639 0.00245102
526.73 0.00462683 1 0.00113819 0.00348864
527.19 0.00471822 1 0.00119345 0.00352477
527.64 0.0038076 1 0.00124983 0.00255776
528.1 0.00489894 1 0.00130994 0.003589
528.55 0.00398828 1 0.00137125 0.00261703
529.01 0.00607959 1 0.00143658 0.004643
529.46 0.00416888 1 0.00150319 0.0026657
529.91 0.00425816 1 0.00157255 0.00268561
530.37 0.0053494 1 0.0016464 0.00370299
530.82 0.00443863 1 0.00172164 0.00271698
531.28 0.00552981 1 0.00180172 0.00372809
531.73 0.006619 1 0.00188327 0.00473573
532.18 0.00770816 1 0.00196809 0.00574006
532.64 0.00479928 1 0.00205831 0.00274097
533.09 0.00788839 1 0.00215011 0.00573828
533.54 0.00497747 1 0.00224553 0.00273194
534 0.00706851 1 0.00234695 0.00472156
534.45 0.00715755 1 0.00245008 0.00470747
534.91 0.00424853 1 0.00255963 0.00168891
535.36 0.00533752 1 0.00267097 0.00266655
535.81 0.00342647 1 0.00278657 0.000639903
536.27 0.00751738 1 0.00290929 0.00460809
536.72 0.00860628 1 0.00303392 0.00557236
537.17 0.00669515 1 0.00316324 0.00353191
537.63 0.00578597 1 0.00330041 0.00248556
538.08 0.00987479 1 0.00343963 0.00643515
538.54 0.00996555 1 0.00358724 0.0063783
538.99 0.0110543 1 0.00373698 0.00731732
539.44 0.00814303 1 0.00389216 0.00425087
539.9 0.0092337 1 0.00405657 0.00517712
540.35 0.0103224 1 0.00422324 0.00609913
540.8 0.007411 1 0.00439583 0.00301517
541.26 0.00950157 1 0.00457856 0.00492301
541.71 0.0105901 1 0.00476366 0.00582648
542.16 0.0116787 1 0.00495521 0.00672347
542.62 0.0127692 1 0.00515787 0.00761129
543.07 0.0108576 1 0.00536301 0.00549463
543.52 0.0109461 1 0.00557513 0.00537094
543.98 0.0120364 1 0.0057994 0.00623704
544.43 0.0121248 1 0.00602624 0.00609857
544.88 0.0112132 1 0.00626065 0.0049525
545.34 0.0133034 1 0.00650829 0.00679513
545.79 0.0113917 1 0.00675859 0.00463309
546.24 0.0124799 1 0.00701706 0.00546286
546.69 0.0125681 1 0.00728388 0.00528423
547.15 0.0146582 1 0.0075655 0.00709274
547.6 0.0137464 1 0.00784986 0.0058965
548.05 0.0148344 1 0.00814321 0.00669124
548.51 0.0159245 1 0.00845259 0.00747186
548.96 0.0160125 1 0.00876476 0.0072477
549.41 0.0161004 1 0.00908657 0.00701387
549.86 0.0181884 1 0.00941822 0.00877016
550.32 0.0192782 1 0.00976764 0.00951058
550.77 0.0173661 1 0.0101199 0.0072462
551.22 0.0164539 1 0.0104826 0.00597127
551.68 0.0165436 1 0.0108645 0.00567909
552.13 0.0186314 1 0.0112492 0.00738215
552.58 0.017719 1 0.0116451 0.00607397
553.03 0.0228067 1 0.0120524 0.0107543
553.49 0.0178963 1 0.0124807 0.00541553
553.94 0.0189838 1 0.0129118 0.00607204
554.39 0.0210714 1 0.0133549 0.00771641
554.84 0.0221588 1 0.0138104 0.00834842
555.3 0.0222482 1 0.014289 0.00795923
555.75 0.0223356 1 0.0147701 0.00756553
556.2 0.023423 1 0.0152642 0.00815878
556.65 0.0235103 1 0.0157715 0.00773875
557.11 0.0255995 1 0.0163041 0.00929543
557.56 0.0256867 1 0.0168388 0.00884787
558.01 0.0267739 1 0.0173875 0.00938635
558.46 0.025861 1 0.0179504 0.00791066
558.92 0.02895 1 0.0185405 0.0104095
559.37 0.0320371 1 0.0191326 0.0129045
559.82 0.0271241 1 0.0197394 0.00738463
560.27 0.029211 1 0.0203613 0.00884974
560.72 0.0302979 1 0.0209983 0.00929959
561.18 0.0303867 1 0.0216654 0.00872125
561.63 0.0314735 1 0.0223338 0.00913964
562.08 0.0305602 1 0.023018 0.00754217
562.53 0.0296469 1 0.0237183 0.00592865
562.99 0.0317355 1 0.0244508 0.0072847
563.44 0.0328221 1 0.0251839 0.00763813
563.89 0.0309086 1 0.0259337 0.00497494
564.34 0.0339951 1 0.0267002 0.00729497
564.79 0.0360816 1 0.0274835 0.00859803
565.25 0.0381699 1 0.028302 0.0098679
565.7 0.0362562 1 0.0291201 0.00713616
566.15 0.0373425 1 0.0299555 0.00738698
566.6 0.0384288 1 0.0308085 0.00762022
567.05 0.0395149 1 0.0316792 0.00783573
567.5 0.0396011 1 0.0325677 0.00703339
567.96 0.0396891 1 0.0334944 0.00619463
568.41 0.0417751 1 0.0344193 0.00735581
568.86 0.0408611 1 0.0353623 0.00549879
569.31 0.040947 1 0.0363235 0.00462347
569.76 0.0430328 1 0.0373031 0.00572975
570.21 0.0431186 1 0.0383011 0.00481757
570.67 0.0442063 1 0.0393403 0.00486595
571.12 0.044292 1 0.0403758 0.0039162
571.57 0.0433776 1 0.0414298 0.00194781
572.02 0.0474632 1 0.0425025 0.00496072
572.47 0.0465487 1 0.0435938 0.00295491
572.92 0.0476342 1 0.0447038 0.00293036
573.37 0.0497196 1 0.0458325 0.00388706
573.83 0.0518068 1 0.0470056 0.0048012
574.28 0.0518921 1 0.0481721 0.00372002
574.73 0.0519773 1 0.0493572 0.00262015
575.18 0.0520625 1 0.0505609 0.00150162
575.63 0.0521476 1 0.0517831 0.000364499
576.08 0.0532327 1 0.0530238 0.000208848
576.53 0.0543176 1 0.0542829 3.47509e-05
576.98 0.0574026 1 0.0555603 0.0018423
577.44 0.0594893 1 0.0568848 0.0026045
577.89 0.0565741 1 0.0581988 -0.00162471
578.34 0.0596589 1 0.0595308 0.0001281
578.79 0.0597435 1 0.0608804 -0.00113692
579.24 0.0598281 1 0.0622477 -0.00241959
579.69 0.0619127 1 0.0636324 -0.00171974
580.14 0.0609972 1 0.0650344 -0.00403717
580.59 0.0650816 1 0.0664533 -0.00137167
581.04 0.065166 1 0.067889 -0.00272301
581.49 0.0652502 1 0.0693412 -0.00409094
581.95 0.0663363 1 0.0708425 -0.00450616
582.4 0.0694205 1 0.0723274 -0.00290685
582.85 0.0715046 1 0.0738279 -0.0023233
583.3 0.0715886 1 0.0753438 -0.00375521
583.75 0.0746726 1 0.0768748 -0.00220226
584.2 0.0737565 1 0.0784206 -0.0046641
584.65 0.0748403 1 0.0799807 -0.00514038
585.1 0.0769241 1 0.0815548 -0.00463073
585.55 0.0790078 1 0.0831425 -0.00413477
586 0.0790914 1 0.0847434 -0.00565207
586.45 0.0821749 1 0.0863572 -0.00418224
586.9 0.0832584 1 0.0879832 -0.00472483
587.35 0.0843418 1 0.0896212 -0.00527938
587.8 0.0844252 1 0.0912706 -0.00684544
588.25 0.0865084 1 0.0929309 -0.00642251
588.71 0.0895935 1 0.094639 -0.00504549
589.16 0.0926766 1 0.0963199 -0.0036433
589.61 0.0917597 1 0.0980102 -0.00625058
590.06 0.0948427 1 0.0997094 -0.00486676
590.51 0.0959256 1 0.101417 -0.0054913
590.96 0.0990084 1 0.103132 -0.00412362
591.41 0.101091 1 0.104854 -0.00376314
591.86 0.105174 1 0.106583 -0.00140924
592.31 0.103256 1 0.108318 -0.0050613
592.76 0.105339 1 0.110058 -0.00471871
593.21 0.105421 1 0.111802 -0.00638082
593.66 0.110504 1 0.113551 -0.00304696
594.11 0.111586 1 0.115303 -0.00371648
594.56 0.112668 1 0.117057 -0.00438868
595.01 0.114751 1 0.118814 -0.00406289
595.46 0.116833 1 0.120571 -0.00373839
595.91 0.117915 1 0.122329 -0.00441448
596.36 0.120997 1 0.124087 -0.00309043
596.81 0.126079 1 0.125844 0.000234483
597.26 0.12416 1 0.127599 -0.003439
597.71 0.126242 1 0.129352 -0.00311012
598.16 0.128324 1 0.131102 -0.00277814
598.61 0.131405 1 0.132847 -0.00144229
599.06 0.132487 1 0.134588 -0.00210181
599.51 0.135568 1 0.136324 -0.000755932
599.96 0.134649 1 0.138053 -0.00340387
600.41 0.138731 1 0.139775 -0.00104487
600.86 0.140812 1 0.14149 -0.000678126
601.31 0.141893 1 0.143196 -0.00130288
601.76 0.143974 1 0.144892 -0.000918342
602.21 0.147055 1 0.146578 0.000476258
602.65 0.150134 1 0.148217 0.00191701
603.1 0.151214 1 0.149881 0.00133379
603.55 0.151295 1 0.151532 -0.000237067
604 0.154376 1 0.15317 0.00120519
604.45 0.155456 1 0.154795 0.000661323
604.9 0.155536 1 0.156404 -0.000867935
605.35 0.161617 1 0.157999 0.00361815
605.8 0.158697 1 0.159577 -0.000879701
606.25 0.162777 1 0.161138 0.00163922
606.7 0.164857 1 0.162682 0.00217559
607.15 0.164937 1 0.164207 0.000730091
607.6 0.166017 1 0.165714 0.000303375
608.05 0.168097 1 0.167201 0.000896069
608.5 0.170177 1 0.168668 0.00150878
608.95 0.171256 1 0.170114 0.00114209
609.39 0.173334 1 0.171508 0.00182622
609.84 0.174413 1 0.172912 0.00150188
610.29 0.174493 1 0.174293 0.000199681
610.74 0.174572 1 0.175652 -0.0010799
611.19 0.178651 1 0.176988 0.00166354
611.64 0.17973 1 0.1783 0.00143039
612.09 0.179809 1 0.179588 0.000220973
612.54 0.182888 1 0.180853 0.00203559
612.99 0.182967 1 0.182093 0.000874467
613.44 0.181046 1 0.183308 -0.0022622
613.88 0.184123 1 0.184472 -0.000349832
614.33 0.184201 1 0.185639 -0.0014378
614.78 0.18728 1 0.186781 0.000498911
615.23 0.187358 1 0.187898 -0.000539755
615.68 0.188436 1 0.18899 -0.000553913
616.13 0.185514 1 0.190058 -0.00454375
616.58 0.189592 1 0.191102 -0.00150953
617.03 0.19067 1 0.192122 -0.00145159
617.47 0.189747 1 0.193097 -0.00335019
617.92 0.189824 1 0.194071 -0.00424666
618.37 0.194902 1 0.195023 -0.000120916
618.82 0.19298 1 0.195953 -0.00297364
619.27 0.193057 1 0.196863 -0.0038056
619.72 0.193135 1 0.197752 -0.00461766
620.17 0.193212 1 0.198623 -0.00541081
620.61 0.195287 1 0.199456 -0.00416906
621.06 0.195365 1 0.200293 -0.00492804
621.51 0.195442 1 0.201113 -0.00567159
621.96 0.196518 1 0.20192 -0.00540112
622.41 0.196595 1 0.202713 -0.00611811
622.86 0.198672 1 0.203496 -0.00482418
623.3 0.198747 1 0.204253 -0.00550565
623.75 0.198823 1 0.205019 -0.00619531
624.2 0.2009 1 0.205779 -0.00487953
624.65 0.199976 1 0.206537 -0.00656037
625.1 0.203052 1 0.207292 -0.00424
625.54 0.201127 1 0.208032 -0.00690558
625.99 0.203203 1 0.208793 -0.0055897
626.44 0.205279 1 0.209559 -0.00427978
626.89 0.205355 1 0.210333 -0.00497843
627.34 0.20743 1 0.211119 -0.00368838
627.78 0.211504 1 0.2119 -0.000396171
628.23 0.20958 1 0.212717 -0.00313685
628.68 0.210655 1 0.213553 -0.00289749
629.13 0.21173 1 0.214412 -0.00268118
629.58 0.211806 1 0.215297 -0.00349108
630.02 0.212879 1 0.21619 -0.00331142
630.47 0.215954 1 0.217137 -0.00118271
630.92 0.217029 1 0.218119 -0.00108998
631.37 0.221104 1 0.21914 0.00196339
631.81 0.219177 1 0.22018 -0.00100351
632.26 0.222251 1 0.221289 0.000962008
632.71 0.223326 1 0.222448 0.000878012
633.16 0.2274 1 0.223659 0.0037411
633.61 0.228474 1 0.224926 0.00354788
634.05 0.229547 1 0.226223 0.00332353
634.5 0.229621 1 0.227611 0.00200918
634.95 0.235695 1 0.229066 0.00662877
635.4 0.235768 1 0.230589 0.00517916
635.84 0.23984 1 0.232148 0.00769198
636.29 0.240914 1 0.233817 0.0070968
636.74 0.240987 1 0.235564 0.00542386
637.18 0.245059 1 0.237349 0.00771044
637.63 0.248132 1 0.239256 0.00887631
638.08 0.249206 1 0.241248 0.00795732
638.53 0.249279 1 0.243327 0.00595152
638.97 0.25535 1 0.245445 0.00990469
639.42 0.258423 1 0.2477 0.0107224
639.87 0.259495 1 0.250046 0.00944895
640.32 0.263568 1 0.252484 0.0110835
640.76 0.265639 1 0.254958 0.0106812
641.21 0.269711 1 0.257579 0.0121326
641.66 0.270783 1 0.260292 0.0104914
642.1 0.274854 1 0.263034 0.0118198
642.55 0.277926 1 0.265928 0.0119974
643 0.279998 1 0.268912 0.0110852
643.44 0.281068 1 0.271915 0.00915251
643.89 0.28614 1 0.275071 0.0110681
644.34 0.289211 1 0.278311 0.0109004
644.79 0.295282 1 0.28163 0.0136523
645.23 0.295352 1 0.28495 0.0104021
645.68 0.296423 1 0.288417 0.00800588
646.13 0.302494 1 0.291953 0.0105412
646.57 0.302564 1 0.295472 0.00709196
647.02 0.309635 1 0.299128 0.0105066
647.47 0.311705 1 0.302837 0.00886878
647.91 0.311774 1 0.306507 0.00526697
648.36 0.315845 1 0.310301 0.00554407
648.81 0.316915 1 0.314127 0.0027886
649.25 0.322984 1 0.317891 0.00509237
649.7 0.326054 1 0.321759 0.0042952
650.15 0.327124 1 0.325635 0.00148921
650.59 0.332192 1 0.329425 0.00276765
651.04 0.334262 1 0.333292 0.000970265
651.48 0.33733 1 0.337055 0.000274789
651.93 0.339399 1 0.340877 -0.00147724
652.38 0.344469 1 0.34466 -0.000191655
652.82 0.347537 1 0.348314 -0.000777375
653.27 0.343606 1 0.351993 -0.0083872
653.72 0.349675 1 0.355603 -0.00592851
654.16 0.352742 1 0.359057 -0.00631465
654.61 0.356811 1 0.3625 -0.00568898
655.06 0.357879 1 0.365842 -0.0079628
655.5 0.359946 1 0.369003 -0.00905632
655.95 0.355015 1 0.372114 -0.0170996
656.39 0.360081 1 0.375029 -0.0149471
656.84 0.36715 1 0.377868 -0.010718
657.29 0.371218 1 0.380553 -0.00933568
657.73 0.369284 1 0.383021 -0.0137372
658.18 0.373352 1 0.385374 -0.0120219
658.62 0.374418 1 0.387497 -0.0130791
659.07 0.376485 1 0.389478 -0.0129932
659.52 0.377553 1 0.391259 -0.0137064
659.96 0.377618 1 0.392798 -0.0151792
660.41 0.381685 1 0.394156 -0.0124706
660.85 0.381751 1 0.395267 -0.013516
661.3 0.382818 1 0.396174 -0.013356
661.74 0.384883 1 0.39683 -0.0119472
662.19 0.384949 1 0.39726 -0.0123106
662.64 0.387016 1 0.397441 -0.010425
663.08 0.387081 1 0.397372 -0.0102916
663.53 0.386147 1 0.397047 -0.0109004
663.97 0.388211 1 0.396477 -0.00826593
664.42 0.385277 1 0.395634 -0.0103567
664.86 0.389342 1 0.394553 -0.00521153
665.31 0.389407 1 0.393185 -0.00377725
665.75 0.391471 1 0.391589 -0.000117311
666.2 0.384537 1 0.389693 -0.00515668
666.65 0.387602 1 0.387533 6.87177e-05
667.09 0.387666 1 0.385167 0.00249884
667.54 0.384731 1 0.382489 0.00224155
667.98 0.381794 1 0.379622 0.00217176
668.43 0.382859 1 0.37644 0.00641864
668.87 0.378922 1 0.373088 0.00583335
669.32 0.374986 1 0.36942 0.00556577
669.76 0.375049 1 0.365605 0.0094442
670.21 0.369113 1 0.361475 0.00763834
670.65 0.367176 1 0.357221 0.00995481
671.1 0.36324 1 0.352658 0.0105821
671.54 0.361302 1 0.347996 0.0133065
671.99 0.358366 1 0.343032 0.0153339
672.43 0.347428 1 0.337995 0.00943216
672.88 0.345491 1 0.332668 0.0128232
673.32 0.340553 1 0.327295 0.0132578
673.77 0.336616 1 0.321643 0.0149725
674.21 0.332677 1 0.315974 0.0167032
674.66 0.32074 1 0.310041 0.0106993
675.1 0.318801 1 0.304117 0.0146837
675.55 0.311864 1 0.297947 0.013917
675.99 0.303925 1 0.291813 0.0121112
676.44 0.297987 1 0.28545 0.0125363
676.88 0.291047 1 0.279152 0.0118957
677.33 0.285109 1 0.272643 0.0124668
677.77 0.27417 1 0.266223 0.00794644
678.22 0.271231 1 0.259614 0.0116178
678.66 0.264291 1 0.253118 0.0111734
679.11 0.253353 1 0.246452 0.00690023
679.55 0.246413 1 0.239924 0.00648859
679.99 0.237472 1 0.233395 0.00407762
680.44 0.232533 1 0.226726 0.00580674
680.88 0.222592 1 0.220225 0.00236703
681.33 0.218653 1 0.213606 0.00504685
681.77 0.208712 1 0.207172 0.00154011
682.22 0.199772 1 0.20064 -0.000867175
682.66 0.194831 1 0.194308 0.000523509
683.11 0.184891 1 0.187897 -0.0030057
683.55 0.17995 1 0.1817 -0.00175006
683.99 0.174008 1 0.17558 -0.00157218
684.44 0.169068 1 0.169409 -0.000341295
684.88 0.162126 1 0.163467 -0.00134074
685.33 0.153185 1 0.157489 -0.00430388
685.77 0.146243 1 0.151747 -0.00550452
686.21 0.1403 1 0.146113 -0.00581234
686.66 0.133359 1 0.140466 -0.00710633
687.1 0.126417 1 0.135061 -0.00864424
687.55 0.122475 1 0.129657 -0.0071816
687.99 0.115532 1 0.124497 -0.00896443
688.44 0.11159 1 0.119349 -0.00775848
688.88 0.104647 1 0.114445 -0.00979752
689.32 0.0987037 1 0.10967 -0.0109663
689.77 0.0947614 1 0.104923 -0.0101612
690.21 0.0898177 1 0.100415 -0.0105968
690.65 0.0858739 1 0.0960396 -0.0101658
691.1 0.0799311 1 0.0917034 -0.0117723
691.54 0.076987 1 0.0875987 -0.0106117
691.99 0.0720439 1 0.0835387 -0.0114947
692.43 0.0690995 1 0.0797032 -0.0106037
692.87 0.0651549 1 0.0759997 -0.0108448
693.32 0.0632114 1 0.0723474 -0.00913603
693.76 0.0582664 1 0.0689072 -0.0106408
694.2 0.0543214 1 0.0655949 -0.0112735
694.65 0.0533774 1 0.0623376 -0.00896024
695.09 0.047432 1 0.0592782 -0.0118461
695.53 0.0474865 1 0.0563404 -0.00885395
695.98 0.043542 1 0.0534594 -0.00991737
696.42 0.0405962 1 0.0507606 -0.0101644
696.86 0.0396502 1 0.0481759 -0.00852566
697.31 0.0377053 1 0.0456476 -0.00794233
697.75 0.033759 1 0.0432852 -0.00952626
698.19 0.0358125 1 0.0410284 -0.00521585
698.64 0.0328671 1 0.0388262 -0.00595907
699.08 0.0289203 1 0.0367734 -0.00785308
699.52 0.0269734 1 0.0348169 -0.00784348
699.97 0.0250275 1 0.0329121 -0.00788462
700.41 0.0240802 1 0.0311406 -0.00706035
700.85 0.0231328 1 0.0294557 -0.00632293
701.3 0.0191864 1 0.027819 -0.00863257
701.74 0.0182387 1 0.0262999 -0.00806121
702.18 0.0152908 1 0.024858 -0.00956722
702.63 0.016344 1 0.0234601 -0.0071161
703.07 0.0123957 1 0.022165 -0.00976926
703.51 0.0124474 1 0.020938 -0.00849063
703.96 0.0135 1 0.0197504 -0.00625043
704.4 0.0135513 1 0.0186522 -0.00510085
704.84 0.00960245 1 0.0176133 -0.00801081
705.28 0.00965344 1 0.016631 -0.00697756
705.73 0.0107054 1 0.0156822 -0.0049768
706.17 0.00875607 1 0.0148064 -0.00605036
706.61 0.00980656 1 0.0139795 -0.0041729
707.06 0.00685803 1 0.0131817 -0.00632363
707.5 0.0069082 1 0.0124461 -0.0055379
707.94 0.0069582 1 0.0117523 -0.00479405
708.38 0.00600804 1 0.011098 -0.00508992
708.83 0.00505884 1 0.0104675 -0.00540868
709.27 0.00410834 1 0.0098869 -0.00577856
709.71 0.00515768 1 0.00933976 -0.00418208
710.15 0.00320686 1 0.00882425 -0.00561739
710.6 0.00425698 1 0.0083279 -0.00407091
711.04 0.000305825 1 0.00787106 -0.00756523
711.48 0.0033545 1 0.00744077 -0.00408627
711.92 0.00240301 1 0.0070355 -0.00463249
712.37 0.00145245 1 0.00664538 -0.00519294
712.81 0.00150062 1 0.00628637 -0.00478574
713.25 0.00254862 1 0.0059482 -0.00339958
713.69 0.00059646 1 0.00562966 -0.0050332
714.13 -0.00235587 1 0.00532956 -0.00768544
714.58 0.00169271 1 0.00504058 -0.00334787
715.02 -0.00225997 1 0.00477448 -0.00703444
715.46 -0.00121281 1 0.00452366 -0.00573647
715.9 -0.00116582 1 0.0042872 -0.00545302
716.35 -0.00111794 1 0.0040593 -0.00517725
716.79 -0.0010713 1 0.00384926 -0.00492056
717.23 -2.48254e-05 1 0.00365108 -0.0036759
717.67 -0.000978523 1 0.00346403 -0.00444255
718.11 -0.00293239 1 0.00328743 -0.00621983
718.56 -0.00188539 1 0.00311697 -0.00500236
719 -0.00283961 1 0.0029596 -0.0057992
719.44 -0.000793997 1 0.00281086 -0.00360486
719.88 0.000251441 1 0.00267023 -0.00241879
720.32 0.000296706 1 0.00253721 -0.00224051
720.76 -0.0016582 1 0.00241135 -0.00406955
721.21 0.000387734 1 0.00228957 -0.00190184
721.65 -0.00156753 1 0.00217688 -0.00374441
722.09 -0.00252296 1 0.00207012 -0.00459309
722.53 -0.00247857 1 0.00196894 -0.00444751
722.97 -0.000434357 1 0.00187301 -0.00230736
723.41 -0.00239032 1 0.00178201 -0.00417233
723.86 -0.00134546 1 0.00169376 -0.00303922
724.3 -0.00130178 1 0.00161189 -0.00291367
724.74 -0.000258271 1 0.00153416 -0.00179243
725.18 -0.00221494 1 0.00146031 -0.00367525
725.62 -0.00217179 1 0.00139014 -0.00356193
726.06 -0.000128815 1 0.00132344 -0.00145226
726.5 -8.60191e-05 1 0.00126002 -0.00134603
726.95 -4.24349e-05 1 0.00119835 -0.00124079
727.39 0 1 0.00114102 -0.00114102
727.83 0.00104226 1 0.00108646 -4.42004e-05
728.27 0.00108433 1 0.00103452 4.98175e-05
728.71 0.00112624 1 0.000985062 0.000141174
729.15 -0.00183204 1 0.000937963 -0.00277
729.59 -0.00179049 1 0.000893099 -0.00268359
730.03 -0.000749109 1 0.000850356 -0.00159947
730.48 -0.00370697 1 0.000808725 -0.00451569
730.92 -0.000665936 1 0.000769952 -0.00143589
731.36 -0.00162507 1 0.000732996 -0.00235807
731.8 -0.00158438 1 0.000697767 -0.00228215
732.24 0.00145615 1 0.000664182 0.000791964
732.68 0.00249651 1 0.000632162 0.00186434
733.12 0.000536703 1 0.000601632 -6.49286e-05
733.56 0.000576736 1 0.000572521 4.2152e-06
734 0.00361661 1 0.000544762 0.00307184
734.44 -0.000343685 1 0.000518291 -0.000861976
734.89 0.00169676 1 0.00049249 0.00120427
735.33 -0.00126385 1 0.000468447 -0.0017323
735.77 0.00277538 1 0.000445522 0.00232986
736.21 0.00281445 1 0.000423662 0.00239079
736.65 0.00185337 1 0.000402819 0.00145055
737.09 0.00289213 1 0.000382947 0.00250918
737.53 0.00193074 1 0.000364003 0.00156674
737.97 0.0019692 1 0.000345944 0.00162326
738.41 0.00300751 1 0.00032873 0.00267878
738.85 0.00404567 1 0.000312324 0.00373335
739.29 8.36833e-05 1 0.000296689 -0.000213006
739.73 0.00212155 1 0.000281791 0.00183976
740.17 0.00215927 1 0.000267596 0.00189167
740.61 0.00119684 1 0.000254073 0.00094277
741.05 0.00223428 1 0.000241193 0.00199308
741.49 0.00327157 1 0.000228926 0.00304264
741.93 0.00330872 1 0.000217244 0.00309147
742.37 0.000345726 1 0.000206122 0.000139604
742.81 0.0023826 1 0.000195534 0.00218706
743.26 0.00342016 1 0.000185233 0.00323493
743.7 0.00345676 1 0.000175654 0.00328111
744.14 0.00349322 1 0.000166539 0.00332668
744.58 0.00252955 1 0.000157868 0.00237168
745.02 0.00356574 1 0.00014962 0.00341612
745.46 0.00360181 1 0.000141777 0.00346003
745.9 0.00163774 1 0.000134319 0.00150342
746.34 0.00367354 1 0.00012723 0.00354631
746.78 0.00570922 1 0.000120491 0.00558873
747.22 0.000744771 1 0.000114088 0.000630683
747.66 0.0017802 1 0.000108004 0.00167219
748.1 0.0048155 1 0.000102225 0.00471327
748.54 0.00285068 1 9.67367e-05 0.00275394
748.98 0.00288573 1 9.15251e-05 0.00279421
749.42 0.00392067 1 8.65773e-05 0.00383409
749.86 0.00295549 1 8.1881e-05 0.00287361
750.29 0.0029894 1 7.75231e-05 0.00291188
750.73 0.00402399 1 7.32896e-05 0.0039507
751.17 0.00405846 1 6.92736e-05 0.00398918
751.61 0.00209281 1 6.54649e-05 0.00202735
752.05 0.00112705 1 6.18533e-05 0.0010652
752.49 0.00216118 1 5.84295e-05 0.00210275
752.93 0.0011952 1 5.51843e-05 0.00114002
753.37 0.00522911 1 5.21091e-05 0.005177
753.81 0.00326291 1 4.91954e-05 0.00321372
754.25 0.00129661 1 4.64355e-05 0.00125017
754.69 0.00333019 1 4.38218e-05 0.00328637
755.13 0.00536368 1 4.13469e-05 0.00532233
755.57 0.000397056 1 3.90041e-05 0.000358052
756.01 0.00243033 1 3.67867e-05 0.00239355
756.45 0.000463508 1 3.46885e-05 0.000428819
756.89 0.00249658 1 3.27034e-05 0.00246388
757.33 0.00252956 1 3.08258e-05 0.00249873
757.77 0.00256244 1 2.90503e-05 0.00253339
758.21 0.00359522 1 2.73715e-05 0.00356785
758.64 -0.000372834 1 2.58197e-05 -0.000398654
759.08 0.00165976 1 2.43181e-05 0.00163544
759.52 0.00269226 1 2.28992e-05 0.00266936
759.96 0.00172467 1 2.15588e-05 0.00170311
760.4 0.00175699 1 2.02928e-05 0.0017367
760.84 0.000789224 1 1.90974e-05 0.000770126
761.28 -0.000178634 1 1.79688e-05 -0.000196603
761.72 0.00285342 1 1.69035e-05 0.00283652
762.16 -0.000114609 1 1.58982e-05 -0.000130507
762.6 -8.27237e-05 1 1.49497e-05 -9.76734e-05
763.03 0.00294836 1 1.40748e-05 0.00293428
763.47 0.000980078 1 1.32298e-05 0.000966848
763.91 0.00101172 1 1.24331e-05 0.000999285
764.35 0.00204328 1 1.16821e-05 0.0020316
764.79 0.00207476 1 1.09742e-05 0.00206379
765.23 0.00110617 1 1.03072e-05 0.00109586
765.67 -0.000862506 1 9.67878e-06 -0.000872184
766.11 0.00516875 1 9.08686e-06 0.00515966
766.54 0.00019922 1 8.54174e-06 0.000190678
766.98 0.000230329 1 8.01619e-06 0.000222312
767.42 0.00226137 1 7.52147e-06 0.00225384
767.86 0.00329233 1 7.05588e-06 0.00328528
768.3 -0.000676769 1 6.61779e-06 -0.000683387
768.74 0.00235406 1 6.20566e-06 0.00234786
769.17 0.000384127 1 5.82658e-06 0.0003783
769.61 0.00141483 1 5.46156e-06 0.00140936
770.05 0.00144546 1 5.11839e-06 0.00144034
770.49 0.00247603 1 4.79583e-06 0.00247124
770.93 0.00350654 1 4.49269e-06 0.00350205
771.37 0.00553699 1 4.20788e-06 0.00553279
771.8 0.00156669 1 3.94623e-06 0.00156275
772.24 -0.00140297 1 3.6946e-06 -0.00140667
772.68 0.000627303 1 3.45832e-06 0.000623845
773.12 0.00165752 1 3.23651e-06 0.00165429
773.56 0.00268769 1 3.02832e-06 0.00268466
774 0.0017178 1 2.83296e-06 0.00171497
774.43 -0.00125282 1 2.6537e-06 -0.00125548
774.87 -0.000222813 1 2.48153e-06 -0.000225294
775.31 0.00380715 1 2.32006e-06 0.00380483
775.75 0.000837058 1 2.16866e-06 0.000834889
776.19 0.00286692 1 2.02674e-06 0.00286489
776.62 0.00289606 1 1.89666e-06 0.00289416
777.06 0.00492583 1 1.77184e-06 0.00492406
777.5 0.000955562 1 1.6549e-06 0.000953907
777.94 -0.00101475 1 1.54537e-06 -0.0010163
778.37 0.00201422 1 1.44506e-06 0.00201277
778.81 0.00404382 1 1.34889e-06 0.00404247
779.25 -0.00192661 1 1.25887e-06 -0.00192787
779.69 0.000102916 1 1.17462e-06 0.000101742
780.13 0.00113241 1 1.09579e-06 0.00113131
780.56 0.000161193 1 1.02366e-06 0.000160169
781 0.00319061 1 9.54588e-07 0.00318966
781.44 0.00222 1 8.89994e-07 0.00221911
781.88 0.00424936 1 8.29606e-07 0.00424853
782.31 0.000278016 1 7.74402e-07 0.000277242
782.75 -0.000692688 1 7.21572e-07 -0.00069341
783.19 0.00133658 1 6.72212e-07 0.00133591
783.63 0.00636582 1 6.26103e-07 0.00636519
784.06 0.00139437 1 5.83987e-07 0.00139379
784.5 0.00142356 1 5.43715e-07 0.00142302
784.94 0.00645272 1 5.06119e-07 0.00645222
785.37 -0.00151879 1 4.718e-07 -0.00151927
785.81 -0.000489672 1 4.39004e-07 -0.000490111
786.25 -0.00046057 1 4.08405e-07 -0.000460979
786.69 0.00156851 1 3.79864e-07 0.00156813
787.12 0.00359692 1 3.53831e-07 0.00359656
787.56 0.00362597 1 3.28973e-07 0.00362564
788 0.004655 1 3.05801e-07 0.00465469
788.43 0.00368336 1 2.84678e-07 0.00368307
788.87 0.00371237 1 2.64522e-07 0.0037121
789.31 0.00774136 1 2.45743e-07 0.00774111
789.75 0.00177034 1 2.28252e-07 0.00177012
790.18 0.00379866 1 2.12321e-07 0.00379845
790.62 0.00282763 1 1.97131e-07 0.00282743
791.06 0.00185659 1 1.82991e-07 0.0018564
791.49 0.00388488 1 1.7012e-07 0.00388471
791.93 -8.61712e-05 1 1.57855e-07 -8.6329e-05
792.37 -0.00205723 1 1.46446e-07 -0.00205737
792.8 0.00397106 1 1.36066e-07 0.00397092
793.24 0 1 1.26181e-07 -1.26181e-07
793.68 0.00502894 1 1.16991e-07 0.00502882
794.11 0.00505723 1 1.08636e-07 0.00505712
794.55 0.00208617 1 1.00684e-07 0.00208607
794.99 0.00311512 1 9.3296e-08 0.00311503
795.42 0.00314341 1 8.65828e-08 0.00314333
795.86 0.00417237 1 8.01975e-08 0.00417229
796.3 0.00320134 1 7.42682e-08 0.00320127
796.73 0.00222966 1 6.88842e-08 0.00222959
797.17 -0.00374136 1 6.37661e-08 -0.00374142
797.61 0.00328763 1 5.90166e-08 0.00328758
798.04 0.00131598 1 5.47064e-08 0.00131593
798.48 0.000345 1 5.06117e-08 0.00034495
798.91 0.00337337 1 4.68972e-08 0.00337333
799.35 0.00440242 1 4.33699e-08 0.00440238
799.79 0.00443149 1 4.00998e-08 0.00443145
800.22 0.00345991 1 3.71353e-08 0.00345987
800.66 -0.00151099 1 3.43217e-08 -0.00151102
801.1 0.00651813 1 3.1715e-08 0.0065181
