500.34 0.00120774 1 6.61652e-05 0.00114158
500.8 0.00132198 1 7.01541e-05 0.00125182
501.25 0.00143373 1 7.42736e-05 0.00135946
501.71 -0.000452025 1 7.87182e-05 -0.000530743
502.17 0.000662221 1 8.3411e-05 0.00057881
502.62 -0.000226015 1 8.82543e-05 -0.000314269
503.08 -0.00211177 1 9.34762e-05 -0.00220524
503.53 0 1 9.88632e-05 -9.88632e-05
503.99 0.00011425 1 0.000104669 9.58087e-06
504.44 0.00122602 1 0.000110655 0.00111536
504.9 0.000340263 1 0.000117104 0.000223159
505.36 0.00245451 1 0.000123902 0.00233061
505.81 0.00156627 1 0.000130908 0.00143536
506.27 0.000680507 1 0.000138449 0.000542058
506.72 0.000792259 1 0.000146217 0.000646042
507.18 0.00190649 1 0.000154575 0.00175191
507.63 1.82303e-05 1 0.00016318 -0.00014495
508.09 0.00213245 1 0.000172436 0.00196001
508.54 0.000244177 1 0.00018196 6.22172e-05
509 0.00235838 1 0.0001922 0.00216618
509.45 0.00147009 1 0.000202733 0.00126736
509.91 0.000584281 1 0.000214051 0.00037023
510.36 0.000695976 1 0.000225689 0.000470287
510.82 0.00281014 1 0.000238189 0.00257195
511.27 0.000921816 1 0.000251035 0.000670781
511.73 0.00403596 1 0.000264827 0.00377113
512.19 0.00215009 1 0.000279318 0.00187077
512.64 0.00126173 1 0.0002942 0.000967527
513.1 0.00437583 1 0.000310168 0.00406566
513.55 0.00148744 1 0.000326559 0.00116088
514.01 0.00360151 1 0.000344138 0.00325738
514.46 0.00571309 1 0.000362176 0.00535092
514.92 0.00182713 1 0.000381511 0.00144562
515.37 0.00393868 1 0.000401342 0.00353734
515.83 0.00205269 1 0.000422591 0.00163009
516.28 0.0021642 1 0.000444375 0.00171982
516.73 0.00327569 1 0.000467186 0.0028085
517.19 0.00338963 1 0.000491611 0.00289802
517.64 0.00150108 1 0.000516635 0.000984449
518.1 0.00161499 1 0.000543417 0.00107157
518.55 0.0027264 1 0.000570843 0.00215556
519.01 0.00284026 1 0.000600182 0.00224008
519.46 0.000951621 1 0.000630213 0.000321408
519.92 0.00206543 1 0.000662326 0.00140311
520.37 0.00117675 1 0.00069518 0.000481569
520.83 0.00329051 1 0.000730295 0.00256022
521.28 0.00140177 1 0.000766205 0.000635569
521.74 0.00151548 1 0.00080457 0.000710913
522.19 0.00362669 1 0.000843785 0.00278291
522.65 0.00174035 1 0.000885661 0.000854685
523.1 0.0018515 1 0.000928447 0.000923053
523.55 0.00296262 1 0.000973101 0.00198952
524.01 0.00407619 1 0.00102075 0.00305544
524.46 0.00418725 1 0.00106941 0.00311785
524.92 0.00330075 1 0.0011213 0.00217945
525.37 0.00541176 1 0.00117427 0.00423749
525.83 0.00452519 1 0.00123073 0.00329446
526.28 0.00463613 1 0.00128833 0.00334779
526.73 0.00374703 1 0.00134836 0.00239867
527.19 0.00386036 1 0.00141231 0.00244805
527.64 0.00397119 1 0.0014775 0.0024937
528.1 0.00408445 1 0.00154692 0.00253753
528.55 0.00619521 1 0.00161766 0.00457755
529.01 0.00630839 1 0.00169295 0.00461544
529.46 0.00541908 1 0.00176964 0.00364944
529.91 0.00452973 1 0.00184942 0.0026803
530.37 0.00364279 1 0.00193429 0.0017085
530.82 0.00475336 1 0.00202067 0.00273269
531.28 0.00586634 1 0.00211251 0.00375383
531.73 0.00497683 1 0.00220593 0.00277089
532.18 0.00608727 1 0.00230302 0.00378425
532.64 0.00520012 1 0.00240618 0.00279395
533.09 0.00731048 1 0.00251105 0.00479944
533.54 0.0044208 1 0.00261995 0.00180084
534 0.00753352 1 0.00273558 0.00479793
534.45 0.00864374 1 0.00285305 0.00579069
534.91 0.00475637 1 0.00297772 0.00177865
535.36 0.0058665 1 0.00310431 0.00276219
535.81 0.00597658 1 0.00323562 0.00274096
536.27 0.00608906 1 0.00337488 0.00271418
536.72 0.00719905 1 0.00351619 0.00368286
537.17 0.00730899 1 0.00366267 0.00364632
537.63 0.00742132 1 0.00381791 0.00360341
538.08 0.0105312 1 0.00397532 0.00655584
538.54 0.00864339 1 0.00414207 0.00450131
538.99 0.0117531 1 0.00431108 0.00744204
539.44 0.0088628 1 0.00448606 0.00437674
539.9 0.00997487 1 0.0046713 0.00530357
540.35 0.0100844 1 0.0048589 0.00522554
540.8 0.00819396 1 0.00505301 0.00314095
541.26 0.00830586 1 0.00525835 0.00304751
541.71 0.0144153 1 0.00546617 0.0089491
542.16 0.0135246 1 0.00568105 0.00784357
542.62 0.0136363 1 0.00590819 0.00772815
543.07 0.0127456 1 0.00613792 0.00660766
543.52 0.0108548 1 0.00637528 0.00447948
543.98 0.0119663 1 0.00662601 0.00534029
544.43 0.0130754 1 0.00687941 0.00619595
544.88 0.0111844 1 0.00714105 0.00404331
545.34 0.0142957 1 0.00741723 0.00687848
545.79 0.0144046 1 0.00769616 0.00670843
546.24 0.0135134 1 0.00798395 0.00552945
546.69 0.0146222 1 0.00828082 0.00634133
547.15 0.0157333 1 0.00859389 0.00713936
547.6 0.0168419 1 0.00890977 0.0079321
548.05 0.0179504 1 0.00923538 0.00871505
548.51 0.0180613 1 0.00957851 0.00848282
548.96 0.0171697 1 0.00992447 0.00724528
549.41 0.0182781 1 0.0102808 0.00799726
549.86 0.0173864 1 0.0106478 0.00673856
550.32 0.022497 1 0.0110342 0.0114628
550.77 0.0186052 1 0.0114234 0.00718177
551.22 0.0187132 1 0.0118239 0.00688935
551.68 0.0198236 1 0.0122452 0.00757841
552.13 0.0229316 1 0.0126693 0.0102622
552.58 0.0210394 1 0.0131055 0.00793398
553.03 0.0221472 1 0.0135538 0.0085934
553.49 0.0202574 1 0.0140251 0.00623226
553.94 0.023365 1 0.014499 0.00886603
554.39 0.0224726 1 0.0149858 0.00748677
554.84 0.0245801 1 0.0154858 0.00909424
555.3 0.0246899 1 0.0160108 0.00867903
555.75 0.0247972 1 0.0165383 0.00825895
556.2 0.0249045 1 0.0170796 0.00782489
556.65 0.0280117 1 0.017635 0.0103766
557.11 0.0271212 1 0.0182177 0.00890349
557.56 0.0292282 1 0.0188024 0.0104258
558.01 0.0313351 1 0.0194019 0.0119332
558.46 0.028442 1 0.0200165 0.00842551
558.92 0.0295512 1 0.0206605 0.00889065
559.37 0.0316579 1 0.0213062 0.0103517
559.82 0.0307645 1 0.0219676 0.00879693
560.27 0.028871 1 0.0226449 0.00622617
560.72 0.0299775 1 0.0233383 0.00663919
561.18 0.0320862 1 0.024064 0.00802219
561.63 0.0331925 1 0.0247907 0.00840179
562.08 0.0332987 1 0.0255341 0.00776456
562.53 0.0344048 1 0.0262945 0.0081103
562.99 0.0355132 1 0.0270895 0.0084237
563.44 0.0376191 1 0.0278847 0.00973443
563.89 0.038725 1 0.0286974 0.0100276
564.34 0.0368307 1 0.0295278 0.00730294
564.79 0.0369364 1 0.030376 0.00656037
565.25 0.0400443 1 0.0312617 0.0087826
565.7 0.0391498 1 0.0321465 0.00700328
566.15 0.0382552 1 0.0330496 0.00520555
566.6 0.0423605 1 0.0339712 0.00838928
567.05 0.0434657 1 0.0349114 0.00855431
567.5 0.0425708 1 0.0358703 0.00670054
567.96 0.0446782 1 0.03687 0.00780823
568.41 0.0447831 1 0.0378671 0.00691606
568.86 0.0458879 1 0.0388832 0.00700474
569.31 0.0469927 1 0.0399185 0.00707418
569.76 0.0450973 1 0.040973 0.00412431
570.21 0.0472018 1 0.0420468 0.00515504
570.67 0.0473086 1 0.0431645 0.00414411
571.12 0.0484129 1 0.0442775 0.00413544
571.57 0.0495172 1 0.04541 0.0041072
572.02 0.0506213 1 0.0465619 0.00405938
572.47 0.0527254 1 0.0477334 0.00499196
572.92 0.0508293 1 0.0489244 0.00190492
573.37 0.0539331 1 0.0501349 0.00379826
573.83 0.0540392 1 0.0513924 0.00264676
574.28 0.0521428 1 0.0526423 -0.000499498
574.73 0.0552463 1 0.0539116 0.00133472
575.18 0.0553497 1 0.0552003 0.00014946
575.63 0.055453 1 0.0565083 -0.0010552
576.08 0.0565563 1 0.0578354 -0.0012792
576.53 0.0576594 1 0.0591818 -0.00152242
576.98 0.0587623 1 0.0605471 -0.00178476
577.44 0.0618675 1 0.0619623 -9.47975e-05
577.89 0.0599703 1 0.0633657 -0.00339542
578.34 0.0650729 1 0.0647877 0.000285243
578.79 0.0641755 1 0.0662281 -0.00205263
579.24 0.0652779 1 0.0676868 -0.00240886
579.69 0.0653803 1 0.0691635 -0.00378326
580.14 0.0674825 1 0.0706581 -0.00317559
580.59 0.0705846 1 0.0721702 -0.00158565
581.04 0.0706866 1 0.0736998 -0.00301318
581.49 0.0727885 1 0.0752464 -0.00245793
581.95 0.0738925 1 0.0768448 -0.00295228
582.4 0.0759941 1 0.0784251 -0.00243097
582.85 0.0770956 1 0.0800216 -0.00292599
583.3 0.0771971 1 0.0816341 -0.00443702
583.75 0.0792984 1 0.0832621 -0.0039637
584.2 0.0813995 1 0.0849052 -0.00350568
584.65 0.0825006 1 0.0865632 -0.0040626
585.1 0.0846015 1 0.0882356 -0.00363404
585.55 0.0857023 1 0.089922 -0.00421962
586 0.085803 1 0.0916219 -0.0058189
586.45 0.0879036 1 0.0933351 -0.00543145
586.9 0.0890041 1 0.0950609 -0.0060568
587.35 0.0901044 1 0.0967989 -0.00669448
587.8 0.0932046 1 0.0985486 -0.00534401
588.25 0.0963047 1 0.10031 -0.00400488
588.71 0.0974069 1 0.102121 -0.00471383
589.16 0.100507 1 0.103903 -0.00339602
589.61 0.0986064 1 0.105694 -0.00708793
590.06 0.102706 1 0.107495 -0.00478898
590.51 0.103805 1 0.109304 -0.0054986
590.96 0.104905 1 0.111121 -0.00621619
591.41 0.111004 1 0.112945 -0.00194113
591.86 0.112103 1 0.114776 -0.0026728
592.31 0.112202 1 0.116612 -0.00441056
592.76 0.114301 1 0.118454 -0.00415375
593.21 0.112399 1 0.120301 -0.00790171
593.66 0.119498 1 0.122152 -0.00265376
594.11 0.121596 1 0.124006 -0.0024092
594.56 0.123695 1 0.125862 -0.00216733
595.01 0.121793 1 0.12772 -0.00592743
595.46 0.123891 1 0.12958 -0.00568878
595.91 0.127989 1 0.131439 -0.00345065
596.36 0.130086 1 0.133299 -0.00321227
596.81 0.132184 1 0.135157 -0.00297291
597.26 0.133281 1 0.137013 -0.00373178
597.71 0.135379 1 0.138867 -0.00348813
598.16 0.138476 1 0.140717 -0.00224118
598.61 0.141573 1 0.142563 -0.00099013
599.06 0.14167 1 0.144404 -0.0027342
599.51 0.142767 1 0.146239 -0.00347259
599.96 0.145863 1 0.148068 -0.0022045
600.41 0.15096 1 0.149889 0.00107087
600.86 0.150056 1 0.151702 -0.00164567
601.31 0.152152 1 0.153506 -0.00135333
601.76 0.155248 1 0.1553 -5.12894e-05
602.21 0.158344 1 0.157083 0.00126125
602.65 0.160438 1 0.158816 0.00162221
603.1 0.160533 1 0.160576 -4.21352e-05
603.55 0.163629 1 0.162322 0.0013064
604 0.165724 1 0.164056 0.00166858
604.45 0.167819 1 0.165774 0.00204521
604.9 0.166914 1 0.167477 -0.000562954
605.35 0.172009 1 0.169164 0.00284485
605.8 0.171104 1 0.170835 0.000269358
606.25 0.174199 1 0.172487 0.00171131
606.7 0.177293 1 0.174122 0.00317143
607.15 0.177387 1 0.175737 0.00165041
607.6 0.179481 1 0.177332 0.00214893
608.05 0.178575 1 0.178908 -0.000332356
608.5 0.180669 1 0.180462 0.00020719
608.95 0.182763 1 0.181995 0.000768176
609.39 0.184854 1 0.183472 0.00138243
609.84 0.186948 1 0.18496 0.00198749
610.29 0.189041 1 0.186425 0.00261563
610.74 0.188134 1 0.187866 0.00026733
611.19 0.192227 1 0.189284 0.00294302
611.64 0.189319 1 0.190676 -0.00135688
612.09 0.193412 1 0.192044 0.00136798
612.54 0.193504 1 0.193386 0.000117909
612.99 0.194597 1 0.194703 -0.000106826
613.44 0.194689 1 0.195995 -0.00130602
613.88 0.197779 1 0.197232 0.000546291
614.33 0.19687 1 0.198472 -0.00160198
614.78 0.197962 1 0.199686 -0.00172442
615.23 0.200053 1 0.200874 -0.000821075
615.68 0.200145 1 0.202037 -0.00189203
616.13 0.200236 1 0.203173 -0.00293747
616.58 0.202327 1 0.204284 -0.00195764
617.03 0.203417 1 0.20537 -0.00195287
617.47 0.204506 1 0.206408 -0.00190227
617.92 0.204596 1 0.207446 -0.00284947
618.37 0.207687 1 0.20846 -0.000773228
618.82 0.205777 1 0.209451 -0.00367421
619.27 0.204867 1 0.21042 -0.0055532
619.72 0.208956 1 0.211368 -0.00241107
620.17 0.207046 1 0.212295 -0.00524882
620.61 0.209133 1 0.213183 -0.00404951
621.06 0.207223 1 0.214073 -0.00685074
621.51 0.208312 1 0.214947 -0.00663539
621.96 0.210401 1 0.215806 -0.00540489
622.41 0.211489 1 0.21665 -0.00516077
622.86 0.211578 1 0.217483 -0.00590468
623.3 0.213664 1 0.218287 -0.0046222
623.75 0.213753 1 0.2191 -0.00534778
624.2 0.214841 1 0.219908 -0.00506704
624.65 0.213928 1 0.220711 -0.0067821
625.1 0.217016 1 0.221511 -0.00449521
625.54 0.217102 1 0.222295 -0.00519288
625.99 0.217189 1 0.223098 -0.00590926
626.44 0.218276 1 0.223907 -0.00563111
626.89 0.220363 1 0.224724 -0.00436117
627.34 0.21945 1 0.225552 -0.00610227
627.78 0.223534 1 0.226375 -0.0028404
628.23 0.223621 1 0.227233 -0.0036121
628.68 0.223707 1 0.228111 -0.0044039
629.13 0.225793 1 0.229012 -0.00321904
629.58 0.227879 1 0.22994 -0.00206083
630.02 0.228963 1 0.230876 -0.00191294
630.47 0.232048 1 0.231866 0.000182497
630.92 0.231134 1 0.232893 -0.00175902
631.37 0.236219 1 0.23396 0.00225895
631.81 0.235302 1 0.235046 0.000256101
632.26 0.235386 1 0.236203 -0.000816698
632.71 0.238471 1 0.237412 0.0010592
633.16 0.242555 1 0.238675 0.00388017
633.61 0.24264 1 0.239997 0.0026426
634.05 0.244722 1 0.241349 0.00337248
634.5 0.245805 1 0.242797 0.00300864
634.95 0.248889 1 0.244313 0.00457576
635.4 0.249972 1 0.245902 0.00407049
635.84 0.253054 1 0.247528 0.00552554
636.29 0.257137 1 0.249269 0.00786761
636.74 0.26022 1 0.251092 0.00912795
637.18 0.2593 1 0.252955 0.00634522
637.63 0.263383 1 0.254947 0.0084358
638.08 0.266465 1 0.257028 0.00943681
638.53 0.266547 1 0.259201 0.00734606
638.97 0.272627 1 0.261416 0.0112112
639.42 0.274709 1 0.263775 0.0109335
639.87 0.27679 1 0.266231 0.010559
640.32 0.278872 1 0.268785 0.0100867
640.76 0.281951 1 0.271377 0.0105741
641.21 0.287032 1 0.274125 0.0129065
641.66 0.287112 1 0.276972 0.01014
642.1 0.291191 1 0.279851 0.0113397
642.55 0.294271 1 0.282892 0.0113791
643 0.299351 1 0.286029 0.0133218
643.44 0.298429 1 0.289188 0.00924078
643.89 0.304509 1 0.292511 0.0119979
644.34 0.306588 1 0.295924 0.0106647
644.79 0.312667 1 0.299423 0.0132444
645.23 0.312745 1 0.302926 0.00981906
645.68 0.317824 1 0.306586 0.0112371
646.13 0.322902 1 0.310322 0.0125799
646.57 0.320979 1 0.314043 0.00693606
647.02 0.325057 1 0.317912 0.00714538
647.47 0.331135 1 0.321839 0.00929591
647.91 0.330211 1 0.32573 0.00448137
648.36 0.334288 1 0.329753 0.00453524
648.81 0.342366 1 0.333815 0.00855111
649.25 0.344441 1 0.337815 0.00662635
649.7 0.344518 1 0.341927 0.00259078
650.15 0.348595 1 0.346053 0.00254207
650.59 0.35367 1 0.35009 0.00357944
651.04 0.355746 1 0.354214 0.00153215
651.48 0.35682 1 0.358231 -0.00141045
651.93 0.362896 1 0.362314 0.000582478
652.38 0.365972 1 0.36636 -0.000388717
652.82 0.368045 1 0.370272 -0.0022266
653.27 0.365121 1 0.374215 -0.0090948
653.72 0.371196 1 0.37809 -0.0068943
654.16 0.377269 1 0.381801 -0.00453203
654.61 0.378343 1 0.385505 -0.00716206
655.06 0.379417 1 0.389107 -0.00968925
655.5 0.38149 1 0.392517 -0.0110275
655.95 0.381564 1 0.395881 -0.0143172
656.39 0.384636 1 0.399037 -0.0144012
656.84 0.389709 1 0.402118 -0.0124086
657.29 0.393782 1 0.405039 -0.0112564
657.73 0.396854 1 0.40773 -0.0108761
658.18 0.392926 1 0.410303 -0.0173763
658.62 0.398997 1 0.412633 -0.0136358
659.07 0.40307 1 0.414817 -0.0117474
659.52 0.403142 1 0.41679 -0.0136479
659.96 0.406212 1 0.418505 -0.0122932
660.41 0.407283 1 0.420033 -0.0127494
660.85 0.409353 1 0.421297 -0.0119438
661.3 0.409424 1 0.422348 -0.0129233
661.74 0.411494 1 0.423131 -0.0116375
662.19 0.413564 1 0.423677 -0.0101125
662.64 0.409635 1 0.423958 -0.0143233
663.08 0.413704 1 0.423973 -0.010269
663.53 0.414774 1 0.423716 -0.00894293
663.97 0.413842 1 0.423198 -0.00935594
664.42 0.411911 1 0.42239 -0.0104785
664.86 0.416979 1 0.421326 -0.00434747
665.31 0.415048 1 0.419958 -0.00491012
665.75 0.413115 1 0.418345 -0.00522975
666.2 0.412184 1 0.416414 -0.00423014
666.65 0.414252 1 0.4142 5.26677e-05
667.09 0.411319 1 0.411762 -0.000443126
667.54 0.410387 1 0.408993 0.00139377
667.98 0.410453 1 0.406019 0.00443406
668.43 0.40552 1 0.402708 0.00281191
668.87 0.406586 1 0.399213 0.00737252
669.32 0.401653 1 0.395381 0.00627224
669.76 0.399718 1 0.391386 0.00833173
670.21 0.397784 1 0.387056 0.0107286
670.65 0.390849 1 0.382589 0.00826029
671.1 0.388915 1 0.377791 0.0111245
671.54 0.385979 1 0.372883 0.0130967
671.99 0.382045 1 0.367651 0.0143936
672.43 0.375108 1 0.362338 0.0127705
672.88 0.369173 1 0.356712 0.0124614
673.32 0.365237 1 0.351033 0.0142032
673.77 0.361301 1 0.345055 0.0162459
674.21 0.353364 1 0.339054 0.01431
674.66 0.345428 1 0.332768 0.0126595
675.1 0.34049 1 0.32649 0.0140007
675.55 0.332554 1 0.319944 0.0126098
675.99 0.330615 1 0.313434 0.0171814
676.44 0.319678 1 0.306677 0.0130017
676.88 0.31374 1 0.299984 0.0137559
677.33 0.304802 1 0.293064 0.0117384
677.77 0.297863 1 0.286236 0.0116271
678.22 0.289925 1 0.279202 0.0107229
678.66 0.280985 1 0.272287 0.00869868
679.11 0.274047 1 0.265187 0.00885953
679.55 0.264107 1 0.258231 0.00587582
679.99 0.256166 1 0.251271 0.00489549
680.44 0.248227 1 0.24416 0.00406704
680.88 0.240286 1 0.237225 0.00306113
681.33 0.234346 1 0.230161 0.00418506
681.77 0.224405 1 0.223292 0.00111227
682.22 0.217464 1 0.216316 0.0011478
682.66 0.209522 1 0.209553 -3.02294e-05
683.11 0.200581 1 0.202702 -0.00212073
683.55 0.193639 1 0.196078 -0.00243912
683.99 0.186696 1 0.189535 -0.00283878
684.44 0.179755 1 0.182935 -0.00318009
684.88 0.174811 1 0.176577 -0.00176591
685.33 0.167869 1 0.170181 -0.00231135
685.77 0.157925 1 0.164035 -0.00610926
686.21 0.150981 1 0.158002 -0.0070204
686.66 0.144038 1 0.151954 -0.0079154
687.1 0.137094 1 0.146164 -0.0090701
687.55 0.13215 1 0.140373 -0.00822297
687.99 0.124205 1 0.134843 -0.0106374
688.44 0.120261 1 0.129324 -0.00906281
688.88 0.115316 1 0.124065 -0.00874946
689.32 0.10937 1 0.118944 -0.00957413
689.77 0.104425 1 0.113851 -0.00942573
690.21 0.0974788 1 0.109013 -0.0115344
690.65 0.0935322 1 0.104317 -0.010785
691.1 0.0875865 1 0.0996616 -0.0120751
691.54 0.0846393 1 0.0952534 -0.0106141
691.99 0.0806931 1 0.0908921 -0.010199
692.43 0.0757454 1 0.0867709 -0.0110255
692.87 0.0717975 1 0.0827905 -0.0109931
693.32 0.0678504 1 0.0788641 -0.0110136
693.76 0.0639019 1 0.0751646 -0.0112627
694.2 0.0609532 1 0.0716016 -0.0106484
694.65 0.0560053 1 0.0680968 -0.0120915
695.09 0.053056 1 0.0648039 -0.0117479
695.53 0.0501064 1 0.061641 -0.0115345
695.98 0.0471577 1 0.0585381 -0.0113804
696.42 0.0482076 1 0.0556304 -0.0074228
696.86 0.0442572 1 0.0528447 -0.00858752
697.31 0.0423077 1 0.0501189 -0.00781122
697.75 0.0383567 1 0.0475709 -0.00921419
698.19 0.0374055 1 0.0451357 -0.00773025
698.64 0.0344551 1 0.0427586 -0.00830348
699.08 0.0315033 1 0.0405418 -0.00903842
699.52 0.0315513 1 0.0384279 -0.00687659
699.97 0.0286 1 0.0363689 -0.0077689
700.41 0.0286474 1 0.034453 -0.00580561
700.85 0.0276946 1 0.0326299 -0.00493539
701.3 0.0227424 1 0.0308579 -0.00811543
701.74 0.022789 1 0.0292122 -0.00642321
702.18 0.0198353 1 0.0276492 -0.00781396
702.63 0.0208823 1 0.0261328 -0.00525053
703.07 0.015928 1 0.0247271 -0.00879911
703.51 0.0179734 1 0.0233943 -0.00542087
703.96 0.0160196 1 0.0221034 -0.00608376
704.4 0.0150645 1 0.0209085 -0.00584406
704.84 0.015109 1 0.0197773 -0.00466829
705.28 0.0121533 1 0.0187069 -0.00655353
705.73 0.0131983 1 0.0176719 -0.00447358
706.17 0.0112421 1 0.0167157 -0.00547362
706.61 0.0112855 1 0.0158118 -0.00452632
707.06 0.0103296 1 0.0149389 -0.00460927
707.5 0.0103725 1 0.0141331 -0.00376067
707.94 0.010415 1 0.0133722 -0.00295718
708.38 0.0064573 1 0.0126538 -0.00619647
708.83 0.00750023 1 0.0119606 -0.00446039
709.27 0.00854193 1 0.0113214 -0.00277947
709.71 0.00658333 1 0.0107182 -0.00413486
710.15 0.00462444 1 0.010149 -0.00552458
710.6 0.00766618 1 0.00960017 -0.00193399
711.04 0.00370671 1 0.00909421 -0.0053875
711.48 0.00474693 1 0.00861687 -0.00386993
711.92 0.00478687 1 0.00816652 -0.00337965
712.37 0.00182741 1 0.00773225 -0.00590483
712.81 0.00286676 1 0.00733185 -0.0044651
713.25 0.0049058 1 0.00695401 -0.00204821
713.69 0.00294456 1 0.0065974 -0.00365285
714.13 -0.00101699 1 0.00626078 -0.00727776
714.58 0.00102204 1 0.00593594 -0.0049139
715.02 -0.000940106 1 0.00563619 -0.0065763
715.46 9.74527e-05 1 0.00535305 -0.0052556
715.9 0.00113471 1 0.00508553 -0.00395081
716.35 0.00117251 1 0.0048271 -0.00365459
716.79 0.00320916 1 0.00458837 -0.0013792
717.23 0.00224552 1 0.00436258 -0.00211706
717.67 0.00228157 1 0.00414898 -0.00186741
718.11 0.000317324 1 0.00394683 -0.0036295
718.56 -0.000646424 1 0.00375121 -0.00439763
719 0.00138872 1 0.00357016 -0.00218144
719.44 0.00142355 1 0.00339862 -0.00197506
719.88 0.00245808 1 0.00323601 -0.00077793
720.32 0.00249231 1 0.00308182 -0.000589512
720.76 -0.00247377 1 0.00293555 -0.00540932
721.21 0.000560612 1 0.00279366 -0.00223305
721.65 0.000593915 1 0.00266202 -0.00206811
722.09 -0.00037309 1 0.00253699 -0.00291008
722.53 -0.0013404 1 0.00241818 -0.00375858
722.97 -0.00130802 1 0.00230524 -0.00361327
723.41 -0.000275951 1 0.00219785 -0.0024738
723.86 0.000756528 1 0.00209343 -0.0013369
724.3 -0.000212028 1 0.00199632 -0.00220835
724.74 0.000819105 1 0.00190387 -0.00108477
725.18 -0.000150074 1 0.00181584 -0.00196591
725.62 -0.000119564 1 0.00173198 -0.00185154
726.06 -8.9368e-05 1 0.00165207 -0.00174143
726.5 -5.94849e-05 1 0.0015759 -0.00163538
726.95 0.000970753 1 0.00150167 -0.000530915
727.39 0 1 0.00143249 -0.00143249
727.83 -0.000971067 1 0.00136649 -0.00233756
728.27 0.00205755 1 0.00130353 0.000754021
728.71 0.00108586 1 0.00124344 -0.000157584
729.15 0.00111386 1 0.00118609 -7.2233e-05
729.59 -0.000858447 1 0.00113134 -0.00198979
730.03 0.00116894 1 0.00107907 8.98726e-05
730.48 0.000196638 1 0.00102804 -0.000831404
730.92 0.00222342 1 0.00098042 0.001243
731.36 0.0012499 1 0.000934934 0.000314961
731.8 0.000276079 1 0.000891487 -0.000615408
732.24 0.000301969 1 0.000849984 -0.000548015
732.68 0.00332757 1 0.000810336 0.00251723
733.12 0.00135287 1 0.000772458 0.000580416
733.56 0.00237789 1 0.000736271 0.00164162
734 0.00340263 1 0.0007017 0.00270093
734.44 0.00242708 1 0.000668672 0.00175841
734.89 0.00245179 1 0.000636418 0.00181537
735.33 0.000475676 1 0.000606306 -0.000130631
735.77 0.00349928 1 0.000577542 0.00292174
736.21 0.00152261 1 0.000550065 0.000972547
736.65 0.00354567 1 0.000523821 0.00302185
737.09 0.00556846 1 0.000498756 0.0050697
737.53 0.00659097 1 0.000474819 0.00611616
737.97 0.00361323 1 0.00045196 0.00316127
738.41 0.00163521 1 0.000430135 0.00120508
738.85 0.00465694 1 0.000409299 0.00424764
739.29 0.0036784 1 0.000389408 0.00328899
739.73 0.00269961 1 0.000370423 0.00232918
740.17 0.00272056 1 0.000352304 0.00236825
740.61 0.000741252 1 0.000335015 0.000406237
741.05 0.0067617 1 0.000318519 0.00644318
741.49 0.00478189 1 0.000302783 0.00447911
741.93 0.00280183 1 0.000287774 0.00251406
742.37 0.00382154 1 0.00027346 0.00354807
742.81 0.00384099 1 0.000259813 0.00358118
743.26 0.00286064 1 0.000246513 0.00261413
743.7 0.00387961 1 0.000234124 0.00364549
744.14 0.00189834 1 0.000222318 0.00167603
744.58 0.00291684 1 0.000211068 0.00270578
745.02 0.00193511 1 0.00020035 0.00173476
745.46 0.00295314 1 0.000190142 0.002763
745.9 0.00197095 1 0.00018042 0.00179053
746.34 0.00298853 1 0.000171163 0.00281737
746.78 0.00500588 1 0.00016235 0.00484353
747.22 0.00102302 1 0.000153963 0.000869053
747.66 0.00203993 1 0.000145981 0.00189395
748.1 0.00505662 1 0.000138386 0.00491823
748.54 0.0030731 1 0.000131162 0.00294194
748.98 0.00208936 1 0.000124291 0.00196507
749.42 0.00610541 1 0.000117758 0.00598766
749.86 0.00512126 1 0.000111547 0.00500971
750.29 0.00213654 1 0.000105774 0.00203076
750.73 0.00315197 1 0.000100157 0.00305181
751.17 0.0031672 1 9.48199e-05 0.00307238
751.61 0.00318223 1 8.975e-05 0.00309248
752.05 0.00119706 1 8.49349e-05 0.00111212
752.49 0.00221169 1 8.03626e-05 0.00213133
752.93 0.00222613 1 7.60218e-05 0.00215011
753.37 0.00524037 1 7.19016e-05 0.00516847
753.81 0.00225442 1 6.79915e-05 0.00218643
754.25 0.000268289 1 6.42816e-05 0.000204007
754.69 0.00228197 1 6.07624e-05 0.0022212
755.13 0.00329546 1 5.74248e-05 0.00323804
755.57 0.00130877 1 5.42599e-05 0.00125451
756.01 0.0013219 1 5.12596e-05 0.00127064
756.45 -0.00166515 1 4.84158e-05 -0.00171356
756.89 0.000347629 1 4.57208e-05 0.000301908
757.33 0.000360231 1 4.31675e-05 0.000317064
757.77 0.00137266 1 4.07489e-05 0.00133191
758.21 0.00338492 1 3.84583e-05 0.00334646
758.64 0.000396741 1 3.63375e-05 0.000360404
759.08 -0.000591328 1 3.42817e-05 -0.00062561
759.52 0.00142044 1 3.2336e-05 0.0013881
759.96 0.00143205 1 3.04947e-05 0.00140155
760.4 0.00344349 1 2.87527e-05 0.00341474
760.84 -0.00254522 1 2.7105e-05 -0.00257232
761.28 -0.00153408 1 2.55467e-05 -0.00155963
761.72 0.0024769 1 2.40733e-05 0.00245282
762.16 0.00248773 1 2.26805e-05 0.00246505
762.6 0.00249841 1 2.13641e-05 0.00247704
763.03 -0.000491295 1 2.01477e-05 -0.000511443
763.47 0.0015191 1 1.89711e-05 0.00150013
763.91 0.000529349 1 1.78596e-05 0.00051149
764.35 -0.00146054 1 1.681e-05 -0.00147735
764.79 0.00254943 1 1.58191e-05 0.00253361
765.23 0.00255927 1 1.48836e-05 0.00254438
765.67 -0.00043103 1 1.40007e-05 -0.00044503
766.11 0.00257854 1 1.31677e-05 0.00256537
766.54 0.000587767 1 1.23991e-05 0.000575368
766.98 -0.000402917 1 1.16569e-05 -0.000414574
767.42 0.00160627 1 1.0957e-05 0.00159532
767.86 0.00561534 1 1.0297e-05 0.00560504
768.3 -0.000375718 1 9.67498e-06 -0.000385393
768.74 -0.00336689 1 9.08873e-06 -0.00337598
769.17 0.000641618 1 8.54854e-06 0.00063307
769.61 -0.00234979 1 8.02746e-06 -0.00235781
770.05 -0.0013413 1 7.53668e-06 -0.00134884
770.49 0.00266707 1 7.07453e-06 0.00265999
770.93 -0.00132467 1 6.63942e-06 -0.00133131
771.37 0.00268348 1 6.22986e-06 0.00267725
771.8 -0.00130865 1 5.85293e-06 -0.0013145
772.24 -0.0033007 1 5.48978e-06 -0.00330619
772.68 0.000707153 1 5.14815e-06 0.000702005
773.12 -0.0022851 1 4.82685e-06 -0.00228992
773.56 0.000722559 1 4.52472e-06 0.000718034
774 0.00273012 1 4.24067e-06 0.00272588
774.43 -0.00026258 1 3.97957e-06 -0.00026656
774.87 -0.0022552 1 3.72831e-06 -0.00225893
775.31 -0.000247906 1 3.49223e-06 -0.000251399
775.75 -0.0002407 1 3.27047e-06 -0.00024397
776.19 -0.00123358 1 3.0622e-06 -0.00123664
776.62 0.00177331 1 2.87093e-06 0.00177044
777.06 -0.00121973 1 2.68707e-06 -0.00122242
777.5 -0.00121284 1 2.51449e-06 -0.00121536
777.94 -0.00320603 1 2.35253e-06 -0.00320839
778.37 0.00280055 1 2.20393e-06 0.00279835
778.81 -0.000192779 1 2.06119e-06 -0.00019484
779.25 -0.00218618 1 1.92731e-06 -0.00218811
779.69 0.00182035 1 1.80178e-06 0.00181855
780.13 -0.00017318 1 1.6841e-06 -0.000174864
780.56 -0.00216692 1 1.57623e-06 -0.0021685
781 0.00183943 1 1.47271e-06 0.00183795
781.44 -0.000154288 1 1.37573e-06 -0.000155664
781.88 -0.000148058 1 1.28488e-06 -0.000149343
782.31 -0.000142022 1 1.20167e-06 -0.000143224
782.75 -0.0031359 1 1.12188e-06 -0.00313702
783.19 -0.00112982 1 1.04719e-06 -0.00113087
783.63 -0.0011238 1 9.77278e-07 -0.00112477
784.06 -0.00211795 1 9.13296e-07 -0.00211886
784.5 -0.00211201 1 8.51997e-07 -0.00211287
784.94 0.00189388 1 7.94658e-07 0.00189309
785.37 -0.0011004 1 7.42212e-07 -0.00110114
785.81 -0.00309458 1 6.91995e-07 -0.00309527
786.25 -0.00208879 1 6.4505e-07 -0.00208944
786.69 -0.00108304 1 6.01173e-07 -0.00108364
787.12 -0.00107745 1 5.61072e-07 -0.00107801
787.56 -0.00107176 1 5.22706e-07 -0.00107229
788 0.0019339 1 4.86868e-07 0.00193341
788.43 -6.05905e-05 1 4.54135e-07 -6.10447e-05
788.87 -5.49752e-05 1 4.22836e-07 -5.5398e-05
789.31 0.00195062 1 3.93618e-07 0.00195023
789.75 -0.00204381 1 3.66347e-07 -0.00204417
790.18 -0.00103837 1 3.41459e-07 -0.00103871
790.62 -0.00403283 1 3.17679e-07 -0.00403315
791.06 0.000972704 1 2.95499e-07 0.000972409
791.49 0.0009781 1 2.75267e-07 0.000977825
791.93 -0.00301639 1 2.55949e-07 -0.00301664
792.37 -0.00201088 1 2.37941e-07 -0.00201112
792.8 0.0019945 1 2.21525e-07 0.00199428
793.24 0 1 2.05859e-07 -2.05859e-07
793.68 0.0010055 1 1.91264e-07 0.00100531
794.11 0.00101088 1 1.77968e-07 0.0010107
794.55 0.00101639 1 1.65286e-07 0.00101622
794.99 -0.0009781 1 1.53479e-07 -0.000978254
795.42 0.0030273 1 1.42728e-07 0.00302715
795.86 0.00403283 1 1.32481e-07 0.0040327
796.3 -0.000961628 1 1.22946e-07 -0.00096175
796.73 -0.000956195 1 1.1427e-07 -0.000956309
797.17 -0.00195062 1 1.06004e-07 -0.00195073
797.61 0.00405498 1 9.83177e-08 0.00405488
798.04 0.00106046 1 9.13275e-08 0.00106037
798.48 6.61005e-05 1 8.46726e-08 6.60158e-05
798.91 -0.00192837 1 7.8623e-08 -0.00192844
799.35 7.73238e-05 1 7.28658e-08 7.72509e-05
799.79 0.00108304 1 6.7517e-08 0.00108297
800.22 0.00108866 1 6.26576e-08 0.0010886
800.66 -0.00290556 1 5.80359e-08 -0.00290561
801.1 0.00310026 1 5.37446e-08 0.00310021
