500.34 -0.000678942 1 4.06512e-05 -0.000719593
500.8 0.00141896 1 4.32515e-05 0.00137571
501.25 -0.00148527 1 4.5946e-05 -0.00153122
501.71 -0.00138737 1 4.88631e-05 -0.00143623
502.17 -0.00128946 1 5.19537e-05 -0.00134142
502.62 -0.00319368 1 5.51542e-05 -0.00324884
503.08 -0.00109578 1 5.86164e-05 -0.00115439
503.53 0 1 6.22001e-05 -6.22001e-05
503.99 9.79066e-05 1 6.60752e-05 3.18314e-05
504.44 0.00119368 1 7.00842e-05 0.0011236
504.9 -0.00070841 1 7.44171e-05 -0.000782827
505.36 -0.000610505 1 7.90001e-05 -0.000689506
505.81 0.000485269 1 8.37382e-05 0.000401531
506.27 -0.00141683 1 8.88556e-05 -0.00150568
506.72 -0.00132106 1 9.41435e-05 -0.0014152
507.18 -0.00122316 1 9.98521e-05 -0.00132301
507.63 -0.00112739 1 0.000105748 -0.00123314
508.09 -2.95033e-05 1 0.00011211 -0.000141614
508.54 -0.00193374 1 0.000118679 -0.00205242
509 0.000164141 1 0.000125762 3.83784e-05
509.45 -0.00174011 1 0.000133072 -0.00187318
509.91 0.000357769 1 0.000140952 0.000216817
510.36 0.00145351 1 0.00014908 0.00130443
510.82 0.00155138 1 0.000157837 0.00139354
511.27 -0.000352889 1 0.000166865 -0.000519754
511.73 -0.000255034 1 0.000176588 -0.000431622
512.19 0.000842814 1 0.000186836 0.000655979
512.64 -0.00206147 1 0.000197393 -0.00225886
513.1 0.00103636 1 0.000208754 0.000827611
513.55 0.00113207 1 0.000220453 0.000911613
514.01 0.00122989 1 0.000233038 0.000996849
514.46 0.00132557 1 0.00024599 0.00107958
514.92 0.00242338 1 0.000259916 0.00216346
515.37 0.00151905 1 0.000274242 0.00124481
515.83 -0.000383164 1 0.000289638 -0.000672802
516.28 -0.00128751 1 0.000305469 -0.00159298
516.73 0.00180813 1 0.000322095 0.00148604
517.19 0.00190589 1 0.000339951 0.00156594
517.64 0.00100152 1 0.000358298 0.000643218
518.1 0.00209925 1 0.000377991 0.00172126
518.55 0.00219486 1 0.000398217 0.00179664
519.01 0.00229257 1 0.000419917 0.00187266
519.46 0.000388155 1 0.000442192 -5.40371e-05
519.92 0.00248585 1 0.00046608 0.00201977
520.37 -0.00141859 1 0.00049059 -0.00190918
520.83 0.00167907 1 0.000516861 0.00116221
521.28 -0.000225394 1 0.000543803 -0.000769197
521.74 -0.000127751 1 0.000572668 -0.00070042
522.19 0.00196776 1 0.000602256 0.0013655
522.65 -0.00093463 1 0.000633941 -0.00156857
523.1 0.00116085 1 0.000666403 0.000494446
523.55 0.00225631 1 0.000700376 0.00155594
524.01 0.00135389 1 0.000736731 0.000617155
524.46 0.00044932 1 0.000773951 -0.00032463
524.92 0.000546861 1 0.00081376 -0.000266899
525.37 0.000642266 1 0.000854498 -0.000212232
525.83 0.00173977 1 0.000898049 0.000841725
526.28 0.00283515 1 0.000942595 0.00189255
526.73 0.0029305 1 0.000989136 0.00194137
527.19 0.00102796 1 0.00103885 -1.08947e-05
527.64 0.00312328 1 0.00108967 0.00203361
528.1 0.0012207 1 0.00114393 7.67707e-05
528.55 0.00231599 1 0.00119937 0.00111662
529.01 0.00541338 1 0.00125853 0.00415485
529.46 0.00150863 1 0.00131894 0.000189689
529.91 0.00160386 1 0.00138195 0.000221909
530.37 0.00270118 1 0.00144915 0.00125204
530.82 0.00379638 1 0.00151771 0.00227866
531.28 0.00289366 1 0.0015908 0.00130286
531.73 0.00198882 1 0.00166535 0.000323472
532.18 0.00208395 1 0.001743 0.000340946
532.64 0.00318117 1 0.00182572 0.00135545
533.09 0.00427626 1 0.00191002 0.00236624
533.54 0.00337133 1 0.00199778 0.00137355
534 0.00446849 1 0.0020912 0.00237729
534.45 0.00556352 1 0.00218633 0.00337719
534.91 0.00266063 1 0.00228754 0.000373094
535.36 0.00375561 1 0.00239055 0.00136506
535.81 0.00585056 1 0.00249767 0.0033529
536.27 0.00294761 1 0.00261154 0.000336066
536.72 0.00504252 1 0.00272737 0.00231515
537.17 0.0061374 1 0.00284771 0.00328969
537.63 0.00523437 1 0.00297556 0.00225881
538.08 0.00732921 1 0.0031055 0.00422371
538.54 0.00642612 1 0.00324347 0.00318266
538.99 0.00852091 1 0.00338363 0.00513728
539.44 0.00461567 1 0.00352908 0.00108659
539.9 0.00971251 1 0.00368341 0.0060291
540.35 0.00580721 1 0.00384007 0.00196715
540.8 0.0089019 1 0.00400252 0.00489937
541.26 0.00599865 1 0.00417477 0.00182389
541.71 0.0100933 1 0.00434948 0.0057438
542.16 0.0101879 1 0.00453053 0.00565735
542.62 0.0122845 1 0.00472234 0.00756221
543.07 0.0103791 1 0.00491676 0.00546233
543.52 0.0094736 1 0.00511807 0.00435553
543.98 0.00957019 1 0.00533119 0.00423899
544.43 0.00866464 1 0.00554705 0.00311759
544.88 0.00975907 1 0.00577041 0.00398866
545.34 0.0118556 1 0.00600668 0.00584889
545.79 0.00994993 1 0.0062458 0.00370412
546.24 0.0110443 1 0.00649305 0.00455121
546.69 0.0101386 1 0.00674862 0.00338995
547.15 0.0132349 1 0.0070187 0.00621623
547.6 0.0143292 1 0.00729177 0.0070374
548.05 0.0124234 1 0.00757383 0.00484955
548.51 0.0165197 1 0.00787168 0.00864797
548.96 0.0146138 1 0.0081726 0.00644119
549.41 0.0137079 1 0.00848319 0.00522472
549.86 0.014802 1 0.00880368 0.00599831
550.32 0.0158981 1 0.00914176 0.00675636
550.77 0.0159921 1 0.00948298 0.00650915
551.22 0.0170861 1 0.00983481 0.00725129
551.68 0.0151821 1 0.0102057 0.00497646
552.13 0.018276 1 0.0105797 0.00769635
552.58 0.0183699 1 0.010965 0.00740487
553.03 0.0184637 1 0.011362 0.00710177
553.49 0.0185596 1 0.01178 0.00677968
553.94 0.0176534 1 0.0122011 0.00545235
554.39 0.0177471 1 0.0126345 0.00511266
554.84 0.0198408 1 0.0130805 0.00676036
555.3 0.0219366 1 0.0135496 0.00838695
555.75 0.0220302 1 0.0140218 0.00800841
556.2 0.0211237 1 0.0145072 0.00661651
556.65 0.0222173 1 0.0150063 0.00721101
557.11 0.0233129 1 0.0155307 0.00778219
557.56 0.0244063 1 0.0160579 0.00834843
558.01 0.0254998 1 0.0165994 0.00890032
558.46 0.0245931 1 0.0171555 0.00743762
558.92 0.0256886 1 0.0177392 0.0079493
559.37 0.0287819 1 0.0183255 0.0104564
559.82 0.0268751 1 0.018927 0.00794808
560.27 0.0279683 1 0.0195441 0.00842425
560.72 0.0270615 1 0.0201769 0.00688462
561.18 0.0271567 1 0.0208403 0.00631643
561.63 0.0302498 1 0.0215057 0.00874415
562.08 0.0313429 1 0.0221875 0.00915539
562.53 0.0304359 1 0.022886 0.00754991
562.99 0.031531 1 0.0236175 0.00791348
563.44 0.0326239 1 0.0243503 0.00827355
563.89 0.0337168 1 0.0251005 0.00861626
564.34 0.0328096 1 0.0258682 0.0069414
564.79 0.0359024 1 0.0266536 0.00924879
565.25 0.0369972 1 0.027475 0.00952223
565.7 0.0350899 1 0.0282968 0.00679312
566.15 0.0341826 1 0.0291369 0.00504568
566.6 0.0392752 1 0.0299955 0.00927974
567.05 0.0373678 1 0.0308727 0.00649513
567.5 0.0384603 1 0.0317686 0.00669169
567.96 0.0405549 1 0.0327041 0.00785078
568.41 0.0386473 1 0.0336385 0.00500881
568.86 0.0397397 1 0.0345921 0.00514757
569.31 0.039832 1 0.0355651 0.00426694
569.76 0.0429243 1 0.0365575 0.0063668
570.21 0.0430166 1 0.0375695 0.00544704
570.67 0.0401108 1 0.0386243 0.00148647
571.12 0.045203 1 0.0396762 0.00552674
571.57 0.0442951 1 0.0407479 0.00354714
572.02 0.0483871 1 0.0418395 0.00654759
572.47 0.0474791 1 0.0429511 0.00452802
572.92 0.0475711 1 0.0440826 0.00348841
573.37 0.049663 1 0.0452342 0.00442872
573.83 0.0497569 1 0.0464321 0.00332471
574.28 0.0508487 1 0.0476243 0.00322436
574.73 0.0499404 1 0.0488365 0.00110392
575.18 0.0520321 1 0.0500687 0.00196339
575.63 0.0511237 1 0.0513209 -0.000197182
576.08 0.0542153 1 0.0525931 0.00162225
576.53 0.0543069 1 0.0538851 0.00042174
576.98 0.0563984 1 0.055197 0.00120137
577.44 0.0584918 1 0.0565584 0.00193346
577.89 0.0565832 1 0.05791 -0.00132678
578.34 0.0606745 1 0.0592811 0.00139345
578.79 0.0577658 1 0.0606715 -0.00290571
579.24 0.059857 1 0.0620812 -0.00222413
579.69 0.0609482 1 0.0635098 -0.00256161
580.14 0.0610393 1 0.0649573 -0.00391799
580.59 0.0651304 1 0.0664234 -0.00129304
581.04 0.0672214 1 0.0679079 -0.000686565
581.49 0.0663123 1 0.0694106 -0.00309831
581.95 0.0684052 1 0.0709652 -0.00256001
582.4 0.0694961 1 0.0725039 -0.00300782
582.85 0.0715868 1 0.0740599 -0.00247304
583.3 0.0736776 1 0.0756329 -0.00195535
583.75 0.0737682 1 0.0772227 -0.00345444
584.2 0.0758588 1 0.0788288 -0.00296996
584.65 0.0789494 1 0.0804509 -0.00150155
585.1 0.0790398 1 0.0820887 -0.00304883
585.55 0.0801303 1 0.0837417 -0.00361141
586 0.0822206 1 0.0854095 -0.00318886
586.45 0.082311 1 0.0870917 -0.00478077
586.9 0.0844012 1 0.0887879 -0.00438668
587.35 0.0854914 1 0.0904975 -0.00500611
587.8 0.0865815 1 0.0922201 -0.00563859
588.25 0.0896716 1 0.0939552 -0.00428361
588.71 0.0907636 1 0.0957412 -0.00497761
589.16 0.0958535 1 0.0974999 -0.00164638
589.61 0.0949434 1 0.0992695 -0.00432607
590.06 0.0980332 1 0.101049 -0.0030161
590.51 0.100123 1 0.102839 -0.00271588
590.96 0.0992127 1 0.104637 -0.0054248
591.41 0.101302 1 0.106445 -0.00514224
591.86 0.104392 1 0.108259 -0.00386757
592.31 0.105481 1 0.110082 -0.00460013
592.76 0.107571 1 0.11191 -0.00433924
593.21 0.10966 1 0.113744 -0.00408422
593.66 0.11375 1 0.115584 -0.00183438
594.11 0.113839 1 0.117428 -0.003589
594.56 0.115928 1 0.119275 -0.00334736
595.01 0.117017 1 0.121126 -0.0041087
595.46 0.118106 1 0.122978 -0.00487229
595.91 0.122195 1 0.124832 -0.00263735
596.36 0.123284 1 0.126687 -0.00340311
596.81 0.127373 1 0.128542 -0.00116879
597.26 0.130462 1 0.130395 6.64181e-05
597.71 0.12955 1 0.132247 -0.00269668
598.16 0.131639 1 0.134096 -0.00245728
598.61 0.135728 1 0.135942 -0.000214555
599.06 0.136816 1 0.137784 -0.000967672
599.51 0.137905 1 0.13962 -0.0017158
599.96 0.138993 1 0.141451 -0.00245809
600.41 0.142081 1 0.143275 -0.00119371
600.86 0.14417 1 0.145091 -0.000921811
601.31 0.146258 1 0.146899 -0.000641538
601.76 0.149346 1 0.148698 0.000647957
602.21 0.151434 1 0.150486 0.000947523
602.65 0.15352 1 0.152224 0.00129543
603.1 0.154608 1 0.15399 0.000617405
603.55 0.156695 1 0.155744 0.000951968
604 0.159783 1 0.157483 0.00229995
604.45 0.159871 1 0.159209 0.000662185
604.9 0.160958 1 0.160919 3.94849e-05
605.35 0.164046 1 0.162613 0.00143266
605.8 0.164133 1 0.164291 -0.000157491
606.25 0.166221 1 0.165951 0.000269811
606.7 0.170308 1 0.167593 0.00271533
607.15 0.169395 1 0.169216 0.000179828
607.6 0.172483 1 0.170819 0.00166402
608.05 0.17257 1 0.172401 0.000168618
608.5 0.176657 1 0.173962 0.0026943
608.95 0.176744 1 0.175502 0.00124174
609.39 0.180828 1 0.176985 0.00384307
609.84 0.179915 1 0.17848 0.00143533
610.29 0.181002 1 0.179951 0.00105111
610.74 0.182089 1 0.181398 0.00069093
611.19 0.185175 1 0.18282 0.00235529
611.64 0.186262 1 0.184217 0.00204462
612.09 0.186348 1 0.185589 0.000759338
612.54 0.185434 1 0.186934 -0.00150021
612.99 0.185521 1 0.188254 -0.00273373
613.44 0.188607 1 0.189548 -0.000940962
613.88 0.187691 1 0.190787 -0.00309577
614.33 0.189777 1 0.192027 -0.00225053
614.78 0.191863 1 0.193241 -0.00137861
615.23 0.194949 1 0.194429 0.000519962
615.68 0.194034 1 0.195589 -0.00155487
616.13 0.19412 1 0.196723 -0.00260326
616.58 0.196206 1 0.197831 -0.00162543
617.03 0.198291 1 0.198913 -0.000621679
617.47 0.197375 1 0.199946 -0.00257111
617.92 0.19746 1 0.200977 -0.00351736
618.37 0.200545 1 0.201984 -0.00143912
618.82 0.19863 1 0.202968 -0.00433707
619.27 0.197716 1 0.203928 -0.00621196
619.72 0.198801 1 0.204865 -0.00606468
620.17 0.199886 1 0.205782 -0.00589618
620.61 0.202969 1 0.206658 -0.00368974
621.06 0.201053 1 0.207536 -0.0064826
621.51 0.201138 1 0.208396 -0.00725779
621.96 0.203223 1 0.209239 -0.00601674
622.41 0.205307 1 0.210068 -0.00476099
622.86 0.204392 1 0.210884 -0.0064922
623.3 0.204474 1 0.21167 -0.00719626
623.75 0.206558 1 0.212465 -0.00590703
624.2 0.207642 1 0.213253 -0.00561041
624.65 0.209727 1 0.214035 -0.00430855
625.1 0.209811 1 0.214814 -0.00500372
625.54 0.208893 1 0.215575 -0.00668286
625.99 0.210976 1 0.216356 -0.0053793
626.44 0.21306 1 0.21714 -0.00408023
626.89 0.211144 1 0.217932 -0.0067884
627.34 0.215227 1 0.218734 -0.00350666
627.78 0.214309 1 0.219531 -0.00522156
628.23 0.217392 1 0.220361 -0.0029686
628.68 0.217476 1 0.221211 -0.00373485
629.13 0.217559 1 0.222082 -0.00452357
629.58 0.221642 1 0.22298 -0.00133809
630.02 0.224723 1 0.223886 0.000837262
630.47 0.223806 1 0.224845 -0.00103842
630.92 0.224889 1 0.225839 -0.000950255
631.37 0.227972 1 0.226874 0.00109816
631.81 0.229053 1 0.227927 0.00112581
632.26 0.230135 1 0.22905 0.00108492
632.71 0.232218 1 0.230224 0.00199345
633.16 0.2333 1 0.231452 0.00184775
633.61 0.235382 1 0.232738 0.00264419
634.05 0.237463 1 0.234055 0.00340798
634.5 0.237545 1 0.235465 0.00207946
634.95 0.243627 1 0.236944 0.00668256
635.4 0.243709 1 0.238495 0.00521389
635.84 0.245789 1 0.240083 0.00570534
636.29 0.24887 1 0.241785 0.00708524
636.74 0.251952 1 0.243568 0.00838403
637.18 0.252032 1 0.245392 0.00663949
637.63 0.254113 1 0.247343 0.00676971
638.08 0.255195 1 0.249384 0.00581098
638.53 0.261276 1 0.251515 0.00976108
638.97 0.261355 1 0.253688 0.0076667
639.42 0.263436 1 0.256005 0.00743102
639.87 0.269517 1 0.258418 0.0110992
640.32 0.271598 1 0.260928 0.0106701
640.76 0.274677 1 0.263477 0.0112003
641.21 0.276758 1 0.26618 0.0105772
641.66 0.278838 1 0.268983 0.00985571
642.1 0.282917 1 0.271817 0.0111
642.55 0.285997 1 0.274812 0.0111855
643 0.288078 1 0.277902 0.0101751
643.44 0.291156 1 0.281016 0.0101404
643.89 0.295236 1 0.28429 0.0109455
644.34 0.298316 1 0.287655 0.0106609
644.79 0.303396 1 0.291106 0.0122897
645.23 0.303474 1 0.294561 0.00891303
645.68 0.309554 1 0.298172 0.0113813
646.13 0.310633 1 0.301858 0.00877492
646.57 0.314711 1 0.30553 0.00918126
647.02 0.31679 1 0.309348 0.00744236
647.47 0.321869 1 0.313224 0.00864515
647.91 0.324947 1 0.317065 0.00788212
648.36 0.327026 1 0.321037 0.00598906
648.81 0.331105 1 0.325046 0.00605833
649.25 0.335182 1 0.328996 0.0061861
649.7 0.336261 1 0.333056 0.00320449
650.15 0.339339 1 0.337129 0.00220993
650.59 0.344416 1 0.341116 0.00330037
651.04 0.349494 1 0.345187 0.00430742
651.48 0.349571 1 0.349153 0.000417936
651.93 0.353649 1 0.353184 0.000465089
652.38 0.355727 1 0.357179 -0.00145206
652.82 0.359804 1 0.361041 -0.00123736
653.27 0.359882 1 0.364934 -0.00505214
653.72 0.362959 1 0.368758 -0.0057987
654.16 0.367035 1 0.372421 -0.00538521
654.61 0.369113 1 0.376076 -0.00696356
655.06 0.36919 1 0.37963 -0.0104399
655.5 0.374266 1 0.382995 -0.00872924
655.95 0.375343 1 0.386313 -0.01097
656.39 0.372419 1 0.389426 -0.0170073
656.84 0.382496 1 0.392464 -0.00996819
657.29 0.387573 1 0.395344 -0.00777096
657.73 0.384648 1 0.397996 -0.0133481
658.18 0.382724 1 0.400531 -0.0178065
658.62 0.390799 1 0.402826 -0.0120268
659.07 0.392876 1 0.404976 -0.0121004
659.52 0.391952 1 0.406917 -0.014965
659.96 0.396027 1 0.408604 -0.0125774
660.41 0.396103 1 0.410105 -0.0140022
660.85 0.399177 1 0.411346 -0.0121685
661.3 0.397253 1 0.412375 -0.0151218
661.74 0.401327 1 0.41314 -0.011813
662.19 0.404403 1 0.41367 -0.00926732
662.64 0.403479 1 0.413939 -0.0104605
663.08 0.402552 1 0.413944 -0.0113921
663.53 0.402628 1 0.413682 -0.0110547
663.97 0.403701 1 0.413161 -0.0094598
664.42 0.402776 1 0.412354 -0.00957767
664.86 0.40585 1 0.411295 -0.00544549
665.31 0.405925 1 0.409935 -0.00401048
665.75 0.401998 1 0.408334 -0.00633591
666.2 0.401073 1 0.406418 -0.00534591
666.65 0.402147 1 0.404224 -0.00207646
667.09 0.40122 1 0.401809 -0.000588983
667.54 0.401294 1 0.399067 0.00222701
667.98 0.398367 1 0.396124 0.00224315
668.43 0.398441 1 0.392848 0.00559247
668.87 0.395513 1 0.389392 0.00612146
669.32 0.393587 1 0.385602 0.00798503
669.76 0.388659 1 0.381654 0.00700547
670.21 0.385733 1 0.377374 0.00835868
670.65 0.382805 1 0.372961 0.00984395
671.1 0.377878 1 0.368221 0.00965707
671.54 0.37695 1 0.363374 0.0135758
671.99 0.374023 1 0.358208 0.0158144
672.43 0.363094 1 0.352963 0.0101309
672.88 0.361167 1 0.34741 0.0137567
673.32 0.356238 1 0.341807 0.0144315
673.77 0.351311 1 0.335908 0.0154026
674.21 0.342382 1 0.329988 0.0123936
674.66 0.335454 1 0.323789 0.0116654
675.1 0.332525 1 0.317597 0.0149278
675.55 0.326597 1 0.311143 0.0154536
675.99 0.317668 1 0.304726 0.0129411
676.44 0.310739 1 0.298066 0.0126731
676.88 0.30481 1 0.291471 0.0133386
677.33 0.296881 1 0.284653 0.0122282
677.77 0.287951 1 0.277927 0.0100241
678.22 0.282023 1 0.271 0.011023
678.66 0.274092 1 0.26419 0.00990239
679.11 0.266164 1 0.257201 0.00896306
679.55 0.258233 1 0.250353 0.00787999
679.99 0.248302 1 0.243503 0.00479905
680.44 0.239373 1 0.236507 0.00286656
680.88 0.234442 1 0.229684 0.00475794
681.33 0.226513 1 0.222737 0.00377599
681.77 0.216582 1 0.215983 0.000598991
682.22 0.207652 1 0.209125 -0.00147262
682.66 0.205721 1 0.202477 0.00324418
683.11 0.194791 1 0.195745 -0.000954157
683.55 0.187859 1 0.189237 -0.00137812
683.99 0.179927 1 0.182811 -0.00288339
684.44 0.175997 1 0.17633 -0.000332586
684.88 0.169065 1 0.170089 -0.00102368
685.33 0.159134 1 0.163811 -0.00467645
685.77 0.150202 1 0.157781 -0.00757885
686.21 0.14727 1 0.151864 -0.00459395
686.66 0.138339 1 0.145933 -0.00759459
687.1 0.132406 1 0.140258 -0.00785186
687.55 0.128475 1 0.134584 -0.00610878
687.99 0.118542 1 0.129166 -0.0106241
688.44 0.114611 1 0.123762 -0.00915156
688.88 0.109677 1 0.118614 -0.00893699
689.32 0.103744 1 0.113603 -0.00985933
689.77 0.0978122 1 0.108622 -0.0108096
690.21 0.0938787 1 0.103892 -0.0100135
690.65 0.087945 1 0.0993031 -0.011358
691.1 0.0830127 1 0.0947555 -0.0117428
691.54 0.0790788 1 0.0904518 -0.011373
691.99 0.0751462 1 0.0861959 -0.0110497
692.43 0.071212 1 0.0821766 -0.0109645
692.87 0.0682777 1 0.0782966 -0.0100189
693.32 0.0643448 1 0.0744715 -0.0101268
693.76 0.0614102 1 0.0708697 -0.00945956
694.2 0.0594754 1 0.067403 -0.00792758
694.65 0.0525421 1 0.0639952 -0.0114532
695.09 0.0496071 1 0.0607956 -0.0111885
695.53 0.047672 1 0.0577247 -0.0100527
695.98 0.0437382 1 0.0547143 -0.0109761
696.42 0.0418028 1 0.0518956 -0.0100928
696.86 0.0438673 1 0.0491975 -0.00533021
697.31 0.0399331 1 0.0465597 -0.00662659
697.75 0.0349973 1 0.0440964 -0.00909901
698.19 0.0330614 1 0.0417444 -0.00868293
698.64 0.0301268 1 0.0394508 -0.00932394
699.08 0.0291906 1 0.0373142 -0.00812356
699.52 0.0272543 1 0.0352791 -0.00802483
699.97 0.0263193 1 0.0332994 -0.00698007
700.41 0.0253827 1 0.0314595 -0.00607676
700.85 0.024446 1 0.029711 -0.00526498
701.3 0.0185105 1 0.0280138 -0.00950321
701.74 0.0175735 1 0.0264399 -0.00886636
702.18 0.0176364 1 0.0249474 -0.00731099
702.63 0.0157005 1 0.0235017 -0.00780113
703.07 0.0137631 1 0.0221637 -0.0084006
703.51 0.0138256 1 0.0208974 -0.00707181
703.96 0.0128893 1 0.019673 -0.00678377
704.4 0.0129514 1 0.0185421 -0.00559062
704.84 0.0100135 1 0.0174735 -0.00746
705.28 0.00907535 1 0.0164643 -0.00738899
705.73 0.0121385 1 0.0154909 -0.00335235
706.17 0.00720011 1 0.0145935 -0.00739336
706.61 0.00926158 1 0.0137473 -0.0044857
707.06 0.00532429 1 0.0129321 -0.0076078
707.5 0.00838548 1 0.0121816 -0.00379615
707.94 0.00544652 1 0.0114748 -0.00602831
708.38 0.00250742 1 0.0108094 -0.00830195
708.83 0.00356956 1 0.0101693 -0.0065997
709.27 0.00463018 1 0.00958077 -0.00495058
709.71 0.00269066 1 0.00902718 -0.00633653
710.15 0.00275099 1 0.00850656 -0.00575557
710.6 0.00481255 1 0.00800627 -0.00319372
711.04 -0.000127405 1 0.00754671 -0.00767412
711.48 0.000932497 1 0.00711474 -0.00618224
711.92 0.00299226 1 0.00670874 -0.00371648
712.37 -0.000946773 1 0.00631877 -0.00726555
712.81 0.000112696 1 0.0059607 -0.005848
713.25 0.000172021 1 0.00562419 -0.00545217
713.69 -0.0017688 1 0.00530795 -0.00707675
714.13 -0.00370976 1 0.00501075 -0.00872051
714.58 0.000350467 1 0.00472525 -0.00437478
715.02 -0.00359079 1 0.00446303 -0.00805382
715.46 -0.00153219 1 0.00421651 -0.0057487
715.9 -0.00247374 1 0.0039847 -0.00645844
716.35 -0.00241411 1 0.00376189 -0.00617601
716.79 -0.00135596 1 0.0035571 -0.00491306
717.23 -0.000297949 1 0.0033644 -0.00366235
717.67 -0.00224009 1 0.00318305 -0.00542313
718.11 -0.00118237 1 0.0030123 -0.00419468
718.56 -0.0011235 1 0.00284797 -0.00397147
719 -0.00306608 1 0.00269669 -0.00576278
719.44 -0.00300882 1 0.00255414 -0.00556295
719.88 -0.000951699 1 0.00241975 -0.00337145
720.32 -0.00289473 1 0.00229301 -0.00518774
720.76 -0.00483791 1 0.00217344 -0.00701134
721.21 -0.00177995 1 0.00205809 -0.00383805
721.65 -0.000723434 1 0.00195168 -0.00267511
722.09 -0.00266707 1 0.00185117 -0.00451823
722.53 -0.00161085 1 0.00175618 -0.00336703
722.97 -0.00155478 1 0.0016664 -0.00322118
723.41 -0.00249887 1 0.00158148 -0.00408035
723.86 -0.00244184 1 0.00149937 -0.00394121
724.3 -0.00438623 1 0.00142343 -0.00580966
724.74 0.000669228 1 0.00135153 -0.000682297
725.18 -0.00227547 1 0.00128342 -0.00355889
725.62 -0.00322032 1 0.00121888 -0.0044392
726.06 -0.00116532 1 0.00115771 -0.00232303
726.5 -0.00011047 1 0.00109971 -0.00121018
726.95 -0.00105454 1 0.00104347 -0.00209801
727.39 0 1 0.000991332 -0.000991332
727.83 -0.000945618 1 0.000941843 -0.00188746
728.27 -0.00189139 1 0.00089486 -0.00278625
728.71 -0.000837313 1 0.000850242 -0.00168755
729.15 -0.00178339 1 0.00080786 -0.00259125
729.59 -0.00372961 1 0.000767593 -0.0044972
730.03 -0.00267598 1 0.000729326 -0.00340531
730.48 -0.00162129 1 0.000692148 -0.00231344
730.92 0.000432037 1 0.00065761 -0.000225573
731.36 -0.00251478 1 0.00062477 -0.00313955
731.8 -0.00246174 1 0.00059354 -0.00305528
732.24 0.00259115 1 0.000563837 0.00202731
732.68 0.000643904 1 0.000535585 0.000108319
733.12 0.000696514 1 0.000508709 0.000187805
733.56 0.00274898 1 0.000483141 0.00226584
734 0.00180131 1 0.000458816 0.0013425
734.44 -0.000146496 1 0.000435671 -0.000582167
734.89 0.000906739 1 0.000413162 0.000493577
735.33 -0.00104135 1 0.000392233 -0.00143358
735.77 1.04319e-05 1 0.00037232 -0.000361888
736.21 0.00206208 1 0.000353373 0.0017087
736.65 0.00111359 1 0.000335345 0.000778241
737.09 0.00316496 1 0.000318195 0.00284677
737.53 0.00321621 1 0.000301878 0.00291433
737.97 0.00326733 1 0.000286356 0.00298097
738.41 0.00231832 1 0.000271591 0.00204672
738.85 0.00236917 1 0.000257548 0.00211163
739.29 -0.000580094 1 0.000244191 -0.000824286
739.73 0.000470511 1 0.00023149 0.000239021
740.17 0.000520992 1 0.000219413 0.000301578
740.61 0.00157135 1 0.000207931 0.00136342
741.05 0.00362158 1 0.000197016 0.00342456
741.49 0.00167169 1 0.000186641 0.00148505
741.93 0.000721681 1 0.000176782 0.0005449
742.37 0.00277155 1 0.000167413 0.00260414
742.81 0.0028213 1 0.000158511 0.00266279
743.26 0.00187206 1 0.000149869 0.00172219
743.7 0.00292157 1 0.000141847 0.00277973
744.14 0.00497097 1 0.00013423 0.00483674
744.58 0.00102025 1 0.000126997 0.000893256
745.02 0.00106942 1 0.000120132 0.00094929
745.46 0.00211848 1 0.000113616 0.00200486
745.9 0.000167422 1 0.000107432 5.99898e-05
746.34 0.00421625 1 0.000101565 0.00411469
746.78 0.00526498 1 9.60001e-05 0.00516898
747.22 0.00331359 1 9.0722e-05 0.00322287
747.66 0.0013621 1 8.57172e-05 0.00127638
748.1 0.0024105 1 8.09724e-05 0.00232953
748.54 0.0034588 1 7.64751e-05 0.00338232
748.98 0.00150699 1 7.22131e-05 0.00143477
749.42 0.00255507 1 6.8175e-05 0.0024869
749.86 0.00360306 1 6.43497e-05 0.00353871
750.29 0.00364985 1 6.0807e-05 0.00358904
750.73 0.00469764 1 5.73723e-05 0.00464026
751.17 0.00374532 1 5.41206e-05 0.0036912
751.61 0.00379291 1 5.10429e-05 0.00374187
752.05 0.000840397 1 4.81304e-05 0.000792267
752.49 0.00288779 1 4.53748e-05 0.00284242
752.93 0.00193509 1 4.27683e-05 0.00189232
753.37 0.00198229 1 4.03033e-05 0.00194199
753.81 0.0010294 1 3.79726e-05 0.000991428
754.25 0.00307642 1 3.57694e-05 0.00304065
754.69 0.00612334 1 3.36871e-05 0.00608966
755.13 0.00417018 1 3.17195e-05 0.00413846
755.57 0.00321693 1 2.98607e-05 0.00318707
756.01 0.000263587 1 2.8105e-05 0.000235482
756.45 0.000310159 1 2.64472e-05 0.000283712
756.89 0.00135664 1 2.4882e-05 0.00133176
757.33 0.00340305 1 2.34047e-05 0.00337964
757.77 0.00344936 1 2.20105e-05 0.00342735
758.21 0.0024956 1 2.06951e-05 0.0024749
758.64 0.0015407 1 1.94817e-05 0.00152122
759.08 0.000586772 1 1.831e-05 0.000568462
759.52 -0.000367235 1 1.72052e-05 -0.00038444
759.96 0.00167868 1 1.61637e-05 0.00166252
760.4 0.00172451 1 1.51822e-05 0.00170933
760.84 -0.00122973 1 1.42573e-05 -0.00124398
761.28 -0.00118404 1 1.3386e-05 -0.00119743
761.72 0.00286157 1 1.25653e-05 0.002849
762.16 -9.28993e-05 1 1.17925e-05 -0.000104692
762.6 0.00195256 1 1.1065e-05 0.0019415
763.03 0.00199692 1 1.03953e-05 0.00198653
763.47 0.00204224 1 9.74998e-06 0.00203249
763.91 -0.000912504 1 9.14283e-06 -0.000921647
764.35 0.000132679 1 8.57172e-06 0.000124107
764.79 0.000177794 1 8.03463e-06 0.00016976
765.23 0.000222843 1 7.52963e-06 0.000215314
765.67 -0.000732173 1 7.05492e-06 -0.000739228
766.11 0.00131275 1 6.60877e-06 0.00130614
766.54 0.000356582 1 6.1988e-06 0.000350383
766.98 0.000401377 1 5.80442e-06 0.000395572
767.42 0.00344611 1 5.434e-06 0.00344068
767.86 0.00149078 1 5.08618e-06 0.0014857
768.3 -0.0014646 1 4.75963e-06 -0.00146936
768.74 0.00257995 1 4.45313e-06 0.0025755
769.17 0.00262344 1 4.17184e-06 0.00261927
769.61 0.00066788 1 3.9016e-06 0.000663978
770.05 0.00171227 1 3.64811e-06 0.00170862
770.49 0.0037566 1 3.41038e-06 0.00375319
770.93 -0.000199121 1 3.18749e-06 -0.000202308
771.37 0.00184511 1 2.97854e-06 0.00184213
771.8 -0.00011172 1 2.78703e-06 -0.000114507
772.24 -0.00106759 1 2.60328e-06 -0.0010702
772.68 0.00297649 1 2.43113e-06 0.00297405
773.12 2.05157e-05 1 2.2699e-06 1.82458e-05
773.56 0.0030645 1 2.11893e-06 0.00306238
774 0.00110844 1 1.97759e-06 0.00110646
774.43 0.00315133 1 1.8482e-06 0.00314948
774.87 -0.00080482 1 1.72421e-06 -0.000806545
775.31 0.00123899 1 1.60821e-06 0.00123738
775.75 -0.00171725 1 1.4997e-06 -0.00171875
776.19 0.00332647 1 1.39823e-06 0.00332507
776.62 0.00236916 1 1.30543e-06 0.00236786
777.06 0.000412809 1 1.21661e-06 0.000411593
777.5 0.00345642 1 1.13359e-06 0.00345528
777.94 -0.00150001 1 1.05602e-06 -0.00150107
778.37 0.00354253 1 9.85142e-07 0.00354155
778.81 0.00158603 1 9.17353e-07 0.00158512
779.25 0.0016295 1 8.54053e-07 0.00162865
779.69 0.00167294 1 7.94956e-07 0.00167214
780.13 0.00171634 1 7.39796e-07 0.0017156
780.56 -0.000241276 1 6.89451e-07 -0.000241965
781 0.000802067 1 6.41349e-07 0.000801426
781.44 0.00284538 1 5.9648e-07 0.00284479
781.88 0.000888668 1 5.54635e-07 0.000888114
782.31 -0.00106905 1 5.16476e-07 -0.00106957
782.75 -0.00102582 1 4.80048e-07 -0.0010263
783.19 0.00101739 1 4.46096e-07 0.00101695
783.63 0.00206058 1 4.14461e-07 0.00206016
784.06 0.00110276 1 3.85636e-07 0.00110238
784.5 0.000145906 1 3.58141e-07 0.000145548
784.94 0.00418903 1 3.32538e-07 0.0041887
785.37 0.00223115 1 3.09225e-07 0.00223084
785.81 0.00127424 1 2.87002e-07 0.00127395
786.25 0.00231731 1 2.6632e-07 0.00231704
786.69 0.00136036 1 2.47078e-07 0.00136011
787.12 0.00440242 1 2.29572e-07 0.00440219
787.56 0.00344544 1 2.12898e-07 0.00344523
788 0.00448845 1 1.97394e-07 0.00448825
788.43 0.000530471 1 1.83298e-07 0.000530288
788.87 0.00257346 1 1.6988e-07 0.00257329
789.31 0.00261643 1 1.57412e-07 0.00261628
789.75 0.0026594 1 1.45829e-07 0.00265925
790.18 0.000701382 1 1.35306e-07 0.000701247
790.62 0.00274433 1 1.25299e-07 0.00274421
791.06 0.00178728 1 1.16007e-07 0.00178716
791.49 0.00582924 1 1.07572e-07 0.00582914
791.93 0.000872181 1 9.95541e-08 0.000872081
792.37 0.00291511 1 9.21151e-08 0.00291502
792.8 0.00395707 1 8.53654e-08 0.00395698
793.24 0 1 7.89544e-08 -7.89544e-08
793.68 0.00204293 1 7.30097e-08 0.00204286
794.11 0.00408489 1 6.76193e-08 0.00408482
794.55 0.00312782 1 6.25025e-08 0.00312776
794.99 0.00417076 1 5.7761e-08 0.0041707
795.42 0.00421272 1 5.34642e-08 0.00421267
795.86 0.00325567 1 4.93882e-08 0.00325562
796.3 0.00129862 1 4.56134e-08 0.00129857
796.73 0.0013406 1 4.2195e-08 0.00134056
797.17 0.00138357 1 3.89541e-08 0.00138353
797.61 0.00342654 1 3.59547e-08 0.00342651
798.04 0.00246855 1 3.32401e-08 0.00246852
798.48 0.00251155 1 3.06681e-08 0.00251152
798.91 0.00455358 1 2.83413e-08 0.00455355
799.35 0.0035966 1 2.61377e-08 0.00359658
799.79 0.00063964 1 2.41005e-08 0.000639616
800.22 0.00268171 1 2.22586e-08 0.00268169
800.66 0.000724782 1 2.05153e-08 0.000724761
801.1 0.00376787 1 1.89046e-08 0.00376785
