500.34 -0.00133999 1 9.13976e-05 -0.00143139
500.8 -0.000290967 1 9.69368e-05 -0.000387904
501.25 -0.000243007 1 0.000102659 -0.000345666
501.71 -0.00019398 1 0.000108835 -0.000302815
502.17 -0.000144952 1 0.000115357 -0.00026031
502.62 0.00090301 1 0.000122091 0.000780918
503.08 -0.00304796 1 0.000129354 -0.00317732
503.53 0 1 0.000136848 -0.000136848
503.99 0.00104903 1 0.000144927 0.000904101
504.44 -0.00090301 1 0.000153261 -0.00105627
504.9 0.000146018 1 0.00016224 -1.62222e-05
505.36 0.00219505 1 0.00017171 0.00202334
505.81 0.00224301 1 0.00018147 0.00206154
506.27 -0.000707967 1 0.000191981 -0.000899948
506.72 -0.000660008 1 0.00020281 -0.000862818
507.18 -0.00161098 1 0.000214467 -0.00182545
507.63 -0.000563027 1 0.000226471 -0.000789497
508.09 0.001486 1 0.000239386 0.00124661
508.54 -0.00046605 1 0.00025268 -0.000718731
509 0.00158297 1 0.000266978 0.00131599
509.45 0.00263092 1 0.000281688 0.00234923
509.91 -0.000320066 1 0.000297501 -0.000617567
510.36 -0.000272118 1 0.000313764 -0.000585883
510.82 0.00177689 1 0.000331238 0.00144565
511.27 -0.000175164 1 0.000349202 -0.000524366
511.73 0.000873841 1 0.000368494 0.000505348
512.19 0.000922845 1 0.000388769 0.000534076
512.64 -0.00102922 1 0.000409597 -0.00143882
513.1 0.00201978 1 0.000431952 0.00158783
513.55 6.77069e-05 1 0.000454906 -0.000387199
514.01 0.0031167 1 0.000479531 0.00263717
514.46 0.00116462 1 0.000504806 0.000659816
514.92 0.00121361 1 0.000531907 0.000681698
515.37 0.00126152 1 0.000559712 0.00070181
515.83 0.000310499 1 0.000589512 -0.000279014
516.28 0.00235841 1 0.000620072 0.00173834
516.73 0.00140631 1 0.000652083 0.000754229
517.19 0.00245528 1 0.000686369 0.00176891
517.64 0.00150317 1 0.000721504 0.000781668
518.1 0.00255213 1 0.00075912 0.00179301
518.55 0.00160002 1 0.000797651 0.000802365
519.01 0.00264896 1 0.000838883 0.00181008
519.46 0.000696839 1 0.000881098 -0.000184259
519.92 0.00274578 1 0.000926253 0.00181952
520.37 0.000793643 1 0.000972464 -0.000178821
520.83 0.00384257 1 0.00102187 0.0028207
521.28 0.000890426 1 0.00107241 -0.000181983
521.74 0.00193934 1 0.00112642 0.000812923
522.19 0.00298719 1 0.00118164 0.00180555
522.65 0.00303609 1 0.00124063 0.00179546
523.1 0.00208392 1 0.00130091 0.000783013
523.55 0.00213175 1 0.00136384 0.000767905
524.01 0.00518063 1 0.00143102 0.00374961
524.46 0.00322845 1 0.00149963 0.00172881
524.92 0.00127732 1 0.00157284 -0.00029552
525.37 0.00532512 1 0.00164757 0.00367755
525.83 0.00237398 1 0.00172727 0.00064671
526.28 0.00242177 1 0.00180859 0.000613177
526.73 0.00246955 1 0.00189335 0.000576194
527.19 0.00351838 1 0.00198369 0.00153469
527.64 0.00456615 1 0.0020758 0.00249035
528.1 0.00461497 1 0.00217393 0.00244104
528.55 0.00566272 1 0.00227394 0.00338878
529.01 0.00571152 1 0.00238042 0.0033311
529.46 0.00575926 1 0.0024889 0.00327035
529.91 0.00380698 1 0.0026018 0.00120519
530.37 0.00385576 1 0.00272192 0.00113384
530.82 0.00490347 1 0.00284421 0.00205926
531.28 0.00595224 1 0.00297427 0.00297796
531.73 0.00499993 1 0.00310662 0.00189331
532.18 0.00904761 1 0.00324419 0.00580342
532.64 0.00609635 1 0.0033904 0.00270595
533.09 0.00914401 1 0.00353908 0.00560493
533.54 0.00519167 1 0.00369353 0.00149814
534 0.0102404 1 0.00385756 0.00638282
534.45 0.00828802 1 0.00402424 0.00426377
534.91 0.0093367 1 0.00420119 0.00513551
535.36 0.00838432 1 0.00438092 0.00400341
535.81 0.00843193 1 0.0045674 0.00386453
536.27 0.00948059 1 0.00476522 0.00471536
536.72 0.0105282 1 0.00496601 0.00556216
537.17 0.0115758 1 0.00517421 0.00640155
537.63 0.00862438 1 0.00539491 0.00322946
538.08 0.0126719 1 0.00561877 0.00705316
538.54 0.0127205 1 0.00585597 0.00686457
538.99 0.0127681 1 0.00609644 0.00667163
539.44 0.0098156 1 0.0063455 0.0034701
539.9 0.0148642 1 0.00660921 0.00825496
540.35 0.0139117 1 0.00687637 0.0070353
540.8 0.0129592 1 0.00715288 0.00580628
541.26 0.0140077 1 0.00744545 0.00656224
541.71 0.0170552 1 0.00774164 0.00931352
542.16 0.0151026 1 0.00804797 0.00705464
542.62 0.0201511 1 0.00837188 0.0117792
543.07 0.0181985 1 0.00869956 0.00949899
543.52 0.017246 1 0.00903822 0.00820774
543.98 0.0162944 1 0.00939605 0.00689837
544.43 0.0163418 1 0.0097578 0.00658401
544.88 0.0183892 1 0.0101314 0.00825778
545.34 0.0204376 1 0.0105259 0.00991172
545.79 0.019485 1 0.0109244 0.00856057
546.24 0.0225323 1 0.0113357 0.0111966
546.69 0.0195796 1 0.0117601 0.00781958
547.15 0.021628 1 0.0122077 0.0094203
547.6 0.0236753 1 0.0126595 0.0110158
548.05 0.0237226 1 0.0131253 0.0105973
548.51 0.0237709 1 0.0136164 0.0101546
548.96 0.0248182 1 0.0141116 0.0107066
549.41 0.0248654 1 0.0146218 0.0102436
549.86 0.0259126 1 0.0151474 0.0107652
550.32 0.0279609 1 0.0157009 0.01226
550.77 0.0270081 1 0.0162586 0.0107495
551.22 0.0270553 1 0.0168327 0.0102226
551.68 0.0281035 1 0.0174368 0.0106668
552.13 0.0301507 1 0.018045 0.0121057
552.58 0.0301978 1 0.0186706 0.0115272
553.03 0.0312449 1 0.019314 0.011931
553.49 0.0302931 1 0.0199903 0.0103028
553.94 0.0313402 1 0.0206706 0.0106696
554.39 0.0333873 1 0.0213697 0.0120175
554.84 0.0334343 1 0.022088 0.0113464
555.3 0.0344824 1 0.0228423 0.0116401
555.75 0.0365295 1 0.0236003 0.0129291
556.2 0.0365765 1 0.0243785 0.012198
556.65 0.0386235 1 0.0251772 0.0134463
557.11 0.0386715 1 0.0260152 0.0126563
557.56 0.0397185 1 0.0268565 0.012862
558.01 0.0427654 1 0.0277192 0.0150462
558.46 0.0398124 1 0.0286039 0.0112085
558.92 0.0418603 1 0.0295312 0.0123291
559.37 0.0429072 1 0.0304611 0.0124461
559.82 0.0439541 1 0.0314139 0.0125402
560.27 0.047001 1 0.0323899 0.0146111
560.72 0.0450478 1 0.0333894 0.0116584
561.18 0.0460957 1 0.0344358 0.0116599
561.63 0.0471425 1 0.0354837 0.0116587
562.08 0.0481893 1 0.0365562 0.0116331
562.53 0.0472361 1 0.0376533 0.00958272
562.99 0.0502838 1 0.0388007 0.0114831
563.44 0.0513306 1 0.0399488 0.0113818
563.89 0.0523773 1 0.0411224 0.0112549
564.34 0.053424 1 0.0423218 0.0111022
564.79 0.0564707 1 0.0435474 0.0129233
565.25 0.0555184 1 0.0448274 0.010691
565.7 0.056565 1 0.0461065 0.0104585
566.15 0.0586116 1 0.0474124 0.0111992
566.6 0.0596582 1 0.0487454 0.0109129
567.05 0.0617048 1 0.0501056 0.0115993
567.5 0.0617514 1 0.0514932 0.0102582
567.96 0.061799 1 0.0529403 0.00885868
568.41 0.0638455 1 0.054384 0.00946149
568.86 0.065892 1 0.0558557 0.0100363
569.31 0.0669385 1 0.0573555 0.00958297
569.76 0.0649849 1 0.0588836 0.00610136
570.21 0.0690314 1 0.06044 0.00859135
570.67 0.0680788 1 0.0620605 0.00601832
571.12 0.0721252 1 0.0636747 0.00845057
571.57 0.0701716 1 0.0653175 0.00485414
572.02 0.074218 1 0.066989 0.00722897
572.47 0.0742643 1 0.0686893 0.00557503
572.92 0.0753106 1 0.0704184 0.00489227
573.37 0.0793569 1 0.0721762 0.0071807
573.83 0.0784042 1 0.0740029 0.00440131
574.28 0.0814505 1 0.075819 0.00563149
574.73 0.0794967 1 0.0776638 0.00183294
575.18 0.0815429 1 0.0795372 0.0020057
575.63 0.0805891 1 0.0814392 -0.000850134
576.08 0.0836353 1 0.0833697 0.000265537
576.53 0.0836814 1 0.0853286 -0.00164717
576.98 0.0877275 1 0.0873156 0.000411899
577.44 0.0897746 1 0.0893758 0.000398823
577.89 0.0888207 1 0.0914194 -0.00259868
578.34 0.0938668 1 0.0934906 0.00037614
578.79 0.0919128 1 0.0955893 -0.00367648
579.24 0.0939588 1 0.0977151 -0.0037563
579.69 0.0950048 1 0.0998678 -0.00486305
580.14 0.0980507 1 0.102047 -0.00399642
580.59 0.102097 1 0.104253 -0.0021561
581.04 0.100143 1 0.106484 -0.00634175
581.49 0.102188 1 0.108741 -0.006553
581.95 0.105235 1 0.111075 -0.00583945
582.4 0.107281 1 0.113382 -0.00610127
582.85 0.110327 1 0.115714 -0.00538744
583.3 0.112373 1 0.11807 -0.00569751
583.75 0.115419 1 0.12045 -0.005031
584.2 0.116464 1 0.122852 -0.00638739
584.65 0.11851 1 0.125276 -0.00676615
585.1 0.120556 1 0.127722 -0.00716672
585.55 0.120601 1 0.13019 -0.00958852
586 0.123647 1 0.132678 -0.00903094
586.45 0.126693 1 0.135186 -0.00849336
586.9 0.130738 1 0.137713 -0.00697512
587.35 0.131784 1 0.140259 -0.00847554
587.8 0.133829 1 0.142823 -0.00899391
588.25 0.136875 1 0.145404 -0.00852952
588.71 0.139921 1 0.14806 -0.00813849
589.16 0.142967 1 0.150673 -0.00770662
589.61 0.144012 1 0.153302 -0.00928963
590.06 0.148057 1 0.155944 -0.00788671
590.51 0.150103 1 0.1586 -0.00849701
590.96 0.154148 1 0.161268 -0.00711967
591.41 0.154194 1 0.163947 -0.0097538
591.86 0.158239 1 0.166637 -0.00839848
592.31 0.163284 1 0.169337 -0.00605279
592.76 0.165329 1 0.172045 -0.00671578
593.21 0.166375 1 0.174761 -0.00838647
593.66 0.17242 1 0.177484 -0.00506387
594.11 0.171465 1 0.180212 -0.00874696
594.56 0.17651 1 0.182945 -0.00643473
595.01 0.178555 1 0.185681 -0.00712612
595.46 0.1816 1 0.18842 -0.00682006
595.91 0.185645 1 0.191161 -0.00551548
596.36 0.18869 1 0.193901 -0.00521128
596.81 0.193735 1 0.196642 -0.00290635
597.26 0.19478 1 0.19938 -0.00459955
597.71 0.198825 1 0.202115 -0.00328975
598.16 0.20187 1 0.204846 -0.00297581
598.61 0.204915 1 0.207571 -0.00265655
599.06 0.20796 1 0.21029 -0.0023308
599.51 0.210004 1 0.213002 -0.00299739
599.96 0.214049 1 0.215704 -0.00165512
600.41 0.215094 1 0.218397 -0.00330279
600.86 0.220139 1 0.221078 -0.000939205
601.31 0.221183 1 0.223747 -0.00256316
601.76 0.226228 1 0.226401 -0.000173434
602.21 0.230273 1 0.229042 0.00123117
602.65 0.232316 1 0.231607 0.000709006
603.1 0.236361 1 0.234214 0.00214661
603.55 0.238405 1 0.236803 0.0016027
604 0.24445 1 0.239371 0.00507847
604.45 0.244494 1 0.241919 0.00257511
604.9 0.248539 1 0.244445 0.00409381
605.35 0.252583 1 0.246947 0.00563575
605.8 0.251628 1 0.249426 0.00220208
606.25 0.253672 1 0.251878 0.00179394
606.7 0.258716 1 0.254304 0.00441247
607.15 0.261761 1 0.256702 0.00505878
607.6 0.263805 1 0.259071 0.00473394
608.05 0.266849 1 0.26141 0.00543902
608.5 0.268893 1 0.263718 0.00517506
608.95 0.269937 1 0.265994 0.00394304
609.39 0.27298 1 0.268188 0.00479244
609.84 0.277025 1 0.270398 0.00662642
610.29 0.278069 1 0.272574 0.00549512
610.74 0.279113 1 0.274713 0.00439939
611.19 0.280157 1 0.276817 0.00334001
611.64 0.282201 1 0.278883 0.00331774
612.09 0.285245 1 0.280911 0.00433326
612.54 0.288288 1 0.282901 0.00538722
612.99 0.286332 1 0.284852 0.00148017
613.44 0.287376 1 0.286763 0.000612615
613.88 0.290419 1 0.288594 0.00182516
614.33 0.290463 1 0.290426 3.68958e-05
614.78 0.295506 1 0.292217 0.00328916
615.23 0.29555 1 0.293968 0.00158213
615.68 0.295594 1 0.295678 -8.41027e-05
616.13 0.295637 1 0.297347 -0.00170956
616.58 0.297681 1 0.298975 -0.00129435
617.03 0.298724 1 0.300563 -0.00183871
617.47 0.299767 1 0.302077 -0.00230997
617.92 0.30081 1 0.303586 -0.00277548
618.37 0.302854 1 0.305056 -0.00220193
618.82 0.301897 1 0.306487 -0.00459005
619.27 0.302941 1 0.307881 -0.0049407
619.72 0.302984 1 0.309239 -0.00625488
620.17 0.306027 1 0.310561 -0.00453375
620.61 0.30407 1 0.311821 -0.00775132
621.06 0.305113 1 0.313077 -0.00796438
621.51 0.304156 1 0.314303 -0.0101465
621.96 0.307199 1 0.315499 -0.00829956
622.41 0.308242 1 0.316668 -0.0084255
622.86 0.309285 1 0.317812 -0.0085265
623.3 0.309328 1 0.318909 -0.00958119
623.75 0.310371 1 0.320011 -0.00964003
624.2 0.311413 1 0.321095 -0.00968156
624.65 0.311456 1 0.322165 -0.0107087
625.1 0.312499 1 0.323224 -0.0107246
625.54 0.311541 1 0.324252 -0.0127103
625.99 0.313584 1 0.325298 -0.0117141
626.44 0.315627 1 0.326344 -0.0107173
626.89 0.31667 1 0.327393 -0.0107238
627.34 0.319712 1 0.32845 -0.00873781
627.78 0.321754 1 0.329495 -0.00774072
628.23 0.321797 1 0.330579 -0.0087826
628.68 0.321839 1 0.331685 -0.00984557
629.13 0.322882 1 0.332816 -0.00993456
629.58 0.325924 1 0.333979 -0.0080547
630.02 0.327966 1 0.335151 -0.00718514
630.47 0.332008 1 0.336391 -0.00438263
630.92 0.331051 1 0.337678 -0.0066275
631.37 0.335093 1 0.339018 -0.00392548
631.81 0.339134 1 0.340386 -0.00125161
632.26 0.338177 1 0.341849 -0.00367202
632.71 0.344219 1 0.343382 0.000836698
633.16 0.345261 1 0.344993 0.000268408
633.61 0.346303 1 0.346686 -0.000383065
634.05 0.349344 1 0.348429 0.000915775
634.5 0.352387 1 0.350305 0.00208151
634.95 0.356429 1 0.352283 0.00414561
635.4 0.359471 1 0.354369 0.00510192
635.84 0.362512 1 0.356518 0.00599364
636.29 0.366554 1 0.358834 0.00771908
636.74 0.367595 1 0.361276 0.00631908
637.18 0.373636 1 0.363791 0.00984572
637.63 0.377678 1 0.366497 0.0111812
638.08 0.38172 1 0.369345 0.0123752
638.53 0.382762 1 0.372339 0.0104227
638.97 0.387802 1 0.375413 0.0123898
639.42 0.392844 1 0.378709 0.0141345
639.87 0.397886 1 0.382165 0.0157201
640.32 0.402927 1 0.385784 0.0171433
640.76 0.404968 1 0.389481 0.0154862
641.21 0.411009 1 0.393429 0.01758
641.66 0.413051 1 0.397546 0.0155041
642.1 0.420091 1 0.401737 0.0183535
642.55 0.423132 1 0.406194 0.0169388
643 0.431174 1 0.410821 0.0203524
643.44 0.431214 1 0.415512 0.0157024
643.89 0.441255 1 0.420476 0.0207789
644.34 0.444296 1 0.425609 0.0186876
644.79 0.448337 1 0.430906 0.0174315
645.23 0.454378 1 0.436241 0.0181362
645.68 0.459419 1 0.441853 0.0175654
646.13 0.46646 1 0.447616 0.0188431
646.57 0.4705 1 0.453392 0.0171072
647.02 0.475541 1 0.459437 0.0161039
647.47 0.482581 1 0.465612 0.0169698
647.91 0.484621 1 0.471767 0.0128539
648.36 0.491662 1 0.478174 0.0134877
648.81 0.495703 1 0.484684 0.0110192
649.25 0.500743 1 0.491136 0.00960648
649.7 0.507783 1 0.497813 0.00996989
650.15 0.515824 1 0.504557 0.0112672
650.59 0.519863 1 0.511201 0.00866272
651.04 0.524904 1 0.518033 0.00687054
651.48 0.528943 1 0.524736 0.00420705
651.93 0.532984 1 0.531599 0.00138502
652.38 0.540024 1 0.538452 0.00157229
652.82 0.544064 1 0.545127 -0.00106355
653.27 0.549104 1 0.551911 -0.00280669
653.72 0.553144 1 0.558632 -0.00548772
654.16 0.557183 1 0.565126 -0.00794229
654.61 0.562224 1 0.571669 -0.00944509
655.06 0.563264 1 0.578093 -0.0148291
655.5 0.572303 1 0.58424 -0.0119376
655.95 0.575343 1 0.590372 -0.0150289
656.39 0.576382 1 0.596195 -0.0198133
656.84 0.582422 1 0.601956 -0.0195343
657.29 0.586462 1 0.6075 -0.0210388
657.73 0.5895 1 0.612693 -0.0231927
658.18 0.59454 1 0.617752 -0.0232113
658.62 0.602579 1 0.622433 -0.0198536
659.07 0.609619 1 0.626931 -0.0173123
659.52 0.610658 1 0.631119 -0.0204607
659.96 0.611697 1 0.634897 -0.0232001
660.41 0.616737 1 0.638421 -0.021684
660.85 0.619775 1 0.641517 -0.0217421
661.3 0.624815 1 0.644313 -0.0194986
661.74 0.624853 1 0.64667 -0.0218171
662.19 0.627892 1 0.648682 -0.02079
662.64 0.630932 1 0.650279 -0.0193476
663.08 0.63197 1 0.651428 -0.0194584
663.53 0.637009 1 0.652172 -0.0151628
663.97 0.637047 1 0.652468 -0.0154209
664.42 0.634087 1 0.652324 -0.018237
664.86 0.638125 1 0.651738 -0.013613
665.31 0.639164 1 0.650679 -0.0115155
665.75 0.646202 1 0.649192 -0.00298977
666.2 0.642241 1 0.647205 -0.00496399
666.65 0.644279 1 0.644746 -0.000466604
667.09 0.645317 1 0.641886 0.00343095
667.54 0.639356 1 0.638497 0.00085867
667.98 0.640394 1 0.634733 0.00566121
668.43 0.637433 1 0.630426 0.007007
668.87 0.63347 1 0.625773 0.0076973
669.32 0.626509 1 0.620571 0.00593823
669.76 0.625546 1 0.615058 0.0104888
670.21 0.620585 1 0.608993 0.0115917
670.65 0.617622 1 0.602657 0.0149652
671.1 0.609661 1 0.595774 0.0138871
671.54 0.609698 1 0.588661 0.0210372
671.99 0.602736 1 0.58101 0.0217263
672.43 0.592774 1 0.573175 0.0195982
672.88 0.585812 1 0.564817 0.0209947
673.32 0.578849 1 0.556323 0.0225263
673.77 0.569887 1 0.547324 0.0225634
674.21 0.558924 1 0.538238 0.0206864
674.66 0.550962 1 0.528671 0.0222913
675.1 0.540999 1 0.519067 0.0219324
675.55 0.530037 1 0.509009 0.021028
675.99 0.520074 1 0.498964 0.0211099
676.44 0.509111 1 0.488496 0.0206157
676.88 0.498148 1 0.47809 0.0200586
677.33 0.483186 1 0.467294 0.0158923
677.77 0.470223 1 0.456608 0.0136151
678.22 0.46226 1 0.445567 0.0166936
678.66 0.449297 1 0.434681 0.0146153
679.11 0.436334 1 0.423478 0.012856
679.55 0.422371 1 0.412474 0.00989669
679.99 0.409407 1 0.40144 0.00796731
680.44 0.395444 1 0.390143 0.00530114
680.88 0.383481 1 0.379105 0.00437595
681.33 0.372518 1 0.367841 0.00467658
681.77 0.357554 1 0.356871 0.000683317
682.22 0.344591 1 0.345712 -0.0011209
682.66 0.334627 1 0.334877 -0.000249867
683.11 0.320664 1 0.323889 -0.00322544
683.55 0.3087 1 0.313252 -0.00455238
683.99 0.297736 1 0.302734 -0.00499839
684.44 0.287773 1 0.292114 -0.00434128
684.88 0.276809 1 0.281876 -0.00506716
685.33 0.263845 1 0.271566 -0.00772102
685.77 0.249881 1 0.261654 -0.0117735
686.21 0.241917 1 0.251919 -0.0100027
686.66 0.229953 1 0.242155 -0.0122019
687.1 0.219989 1 0.232804 -0.012815
687.55 0.210025 1 0.223448 -0.013423
687.99 0.20006 1 0.21451 -0.01445
688.44 0.192097 1 0.205591 -0.0134941
688.88 0.182132 1 0.19709 -0.0149582
689.32 0.174167 1 0.188812 -0.0146451
689.77 0.166203 1 0.18058 -0.014377
690.21 0.159239 1 0.172762 -0.0135239
690.65 0.148274 1 0.165175 -0.0169016
691.1 0.14131 1 0.157656 -0.016346
691.54 0.135345 1 0.150538 -0.0151935
691.99 0.12838 1 0.143499 -0.015119
692.43 0.120415 1 0.136852 -0.0164362
692.87 0.11545 1 0.130434 -0.0149842
693.32 0.108486 1 0.124108 -0.0156223
693.76 0.104521 1 0.118152 -0.0136313
694.2 0.0985552 1 0.112419 -0.0138643
694.65 0.0935906 1 0.106785 -0.0131948
695.09 0.0876252 1 0.101497 -0.0138713
695.53 0.0816597 1 0.0964213 -0.0147615
695.98 0.077695 1 0.0914472 -0.0137523
696.42 0.0777294 1 0.0867911 -0.0090617
696.86 0.0707637 1 0.0823352 -0.0115715
697.31 0.0677988 1 0.07798 -0.0101812
697.75 0.061833 1 0.073914 -0.012081
698.19 0.0608672 1 0.0700329 -0.00916573
698.64 0.0559021 1 0.0662493 -0.0103472
699.08 0.0539362 1 0.0627256 -0.00878944
699.52 0.0519702 1 0.0593703 -0.0074001
699.97 0.0470049 1 0.0561069 -0.00910204
700.41 0.0450387 1 0.0530748 -0.00803607
700.85 0.0410726 1 0.050194 -0.00912142
701.3 0.0391071 1 0.0473982 -0.00829114
701.74 0.0361408 1 0.0448061 -0.0086653
702.18 0.0331745 1 0.0423483 -0.00917379
702.63 0.0322088 1 0.0399677 -0.00775887
703.07 0.0282423 1 0.0377646 -0.00952231
703.51 0.0282758 1 0.0356795 -0.00740367
703.96 0.02731 1 0.0336634 -0.0063534
704.4 0.0253433 1 0.0318007 -0.00645739
704.84 0.0213766 1 0.0300404 -0.00866382
705.28 0.0204098 1 0.0283777 -0.00796782
705.73 0.0204438 1 0.026773 -0.00632926
706.17 0.0174769 1 0.0252932 -0.00781628
706.61 0.0205099 1 0.0238969 -0.00338699
707.06 0.0155437 1 0.022551 -0.00700731
707.5 0.0145766 1 0.0213109 -0.00673434
707.94 0.0166095 1 0.020142 -0.00353255
708.38 0.0116423 1 0.0190404 -0.00739811
708.83 0.0126758 1 0.0179795 -0.00530371
709.27 0.0127084 1 0.0170029 -0.00429442
709.71 0.0117411 1 0.0160829 -0.00434184
710.15 0.00877363 1 0.0152164 -0.00644275
710.6 0.00980687 1 0.0143822 -0.00457536
711.04 0.00783931 1 0.0136146 -0.00577526
711.48 0.00787168 1 0.0128915 -0.00501983
711.92 0.006904 1 0.0122104 -0.00530644
712.37 0.00493698 1 0.0115547 -0.00661772
712.81 0.00696917 1 0.010951 -0.00398186
713.25 0.0070013 1 0.0103822 -0.00338088
713.69 0.00403337 1 0.00984604 -0.00581267
714.13 0.00506537 1 0.00934061 -0.00427524
714.58 0.00509804 1 0.0088535 -0.00375546
715.02 0.00112992 1 0.00840454 -0.00727463
715.46 0.00216173 1 0.00798094 -0.00581921
715.9 0.00119348 1 0.00758111 -0.00638763
716.35 0.000225892 1 0.00719526 -0.00696937
716.79 0.00325752 1 0.00683912 -0.00358161
717.23 0.00228908 1 0.00650259 -0.00421351
717.67 0.00132058 1 0.00618444 -0.00486386
718.11 0.000352012 1 0.00588354 -0.00553153
718.56 0.0033841 1 0.00559254 -0.00220844
719 0.0024154 1 0.00532335 -0.00290795
719.44 -0.000553355 1 0.00506841 -0.00562176
719.88 0.00247782 1 0.00482683 -0.00234901
720.32 0.00150894 1 0.00459783 -0.00308889
720.76 -0.00146001 1 0.00438062 -0.00584063
721.21 0.00257168 1 0.00416996 -0.00159828
721.65 -0.0013974 1 0.00397453 -0.00537193
722.09 -0.00136655 1 0.00378891 -0.00515545
722.53 0.000664244 1 0.00361253 -0.00294828
722.97 0.00069497 1 0.00344485 -0.00274988
723.41 -0.00127437 1 0.00328538 -0.00455975
723.86 -0.000243078 1 0.0031303 -0.00337337
724.3 -0.00121255 1 0.00298604 -0.00419859
724.74 0.00181791 1 0.00284867 -0.00103076
725.18 -0.00215169 1 0.00271782 -0.00486951
725.62 -0.00212135 1 0.00259313 -0.00471449
726.06 -9.10874e-05 1 0.00247428 -0.00256537
726.5 -6.08864e-05 1 0.00236095 -0.00242184
726.95 -3.00673e-05 1 0.00225046 -0.00228052
727.39 0 1 0.00214744 -0.00214744
727.83 -0.000969999 1 0.00204913 -0.00301913
728.27 5.99364e-05 1 0.00195529 -0.00189535
728.71 0.00108981 1 0.0018657 -0.00077589
729.15 -0.00188039 1 0.00178015 -0.00366053
729.59 -0.00185065 1 0.00169844 -0.00354909
730.03 0.00117903 1 0.00162039 -0.000441363
730.48 0.000209313 1 0.00154417 -0.00133486
730.92 0.000238861 1 0.00147301 -0.00123415
731.36 -0.000731654 1 0.00140501 -0.00213666
731.8 0.00129777 1 0.00134003 -4.22578e-05
732.24 0.00332713 1 0.00127793 0.0020492
732.68 0.000356431 1 0.00121858 -0.000862148
733.12 0.000385669 1 0.00116186 -0.000776189
733.56 -0.00158515 1 0.00110765 -0.0026928
734 0.00244397 1 0.00105584 0.00138813
734.44 0.000473025 1 0.00100633 -0.000533301
734.89 0.00350268 1 0.000957955 0.00254473
735.33 0.000531622 1 0.000912781 -0.000381159
735.77 0.0045605 1 0.000869614 0.00369089
736.21 0.00258933 1 0.000828368 0.00176096
736.65 0.00161809 1 0.000788959 0.000829133
737.09 0.0046468 1 0.00075131 0.00389549
737.53 0.00367545 1 0.000715345 0.00296011
737.97 0.00270405 1 0.000680993 0.00202306
738.41 0.00073259 1 0.000648185 8.44055e-05
738.85 0.00376108 1 0.000616855 0.00314422
739.29 0.00178951 1 0.000586941 0.00120257
739.73 0.00181788 1 0.000558382 0.0012595
740.17 0.00184621 1 0.000531121 0.00131508
740.61 -0.000125526 1 0.000505103 -0.000630629
741.05 0.00390269 1 0.000480275 0.00342242
741.49 0.00293085 1 0.000456586 0.00247427
741.93 0.00195897 1 0.000433987 0.00152498
742.37 0.00298703 1 0.000412433 0.00257459
742.81 0.00401503 1 0.000391877 0.00362316
743.26 0.00404363 1 0.000371843 0.00367178
743.7 0.00407153 1 0.00035318 0.00371835
744.14 0.00309939 1 0.00033539 0.002764
744.58 0.0041272 1 0.000318438 0.00380876
745.02 0.00215495 1 0.000302285 0.00185267
745.46 0.00318266 1 0.000286898 0.00289577
745.9 0.00221033 1 0.000272243 0.00193808
746.34 0.00123794 1 0.000258288 0.000979651
746.78 0.00526551 1 0.000245002 0.0050205
747.22 0.00429303 1 0.000232354 0.00406067
747.66 0.0013205 1 0.000220318 0.00110018
748.1 0.00334793 1 0.000208865 0.00313906
748.54 0.00137531 1 0.00019797 0.00117734
748.98 0.00340265 1 0.000187607 0.00321504
749.42 0.00542994 1 0.000177752 0.00525219
749.86 0.00245719 1 0.000168382 0.00228881
750.29 0.00348377 1 0.000159673 0.0033241
750.73 0.00351094 1 0.000151199 0.00335974
751.17 0.00353806 1 0.000143147 0.00339491
751.61 0.00556513 1 0.000135497 0.00542964
752.05 0.00159217 1 0.000128231 0.00146394
752.49 0.00261916 1 0.000121332 0.00249783
752.93 0.00164612 1 0.000114781 0.00153134
753.37 0.00467303 1 0.000108563 0.00456447
753.81 0.0026999 1 0.000102662 0.00259724
754.25 0.00272673 1 9.7063e-05 0.00262967
754.69 0.00575353 1 9.17514e-05 0.00566178
755.13 0.00478028 1 8.67135e-05 0.00469357
755.57 0.001807 1 8.19364e-05 0.00172506
756.01 -0.000166322 1 7.74074e-05 -0.00024373
756.45 0.000860318 1 7.31145e-05 0.000787204
756.89 0.00188692 1 6.90462e-05 0.00181788
757.33 0.000913489 1 6.51916e-05 0.000848298
757.77 0.00294002 1 6.15402e-05 0.00287848
758.21 0.00496652 1 5.8082e-05 0.00490843
758.64 0.000992375 1 5.48799e-05 0.000937495
759.08 1.88012e-05 1 5.1776e-05 -3.29748e-05
759.52 0.00204519 1 4.88382e-05 0.00199635
759.96 0.00407155 1 4.6058e-05 0.00402549
760.4 0.00309787 1 4.34277e-05 0.00305445
760.84 0.000124166 1 4.09396e-05 8.32266e-05
761.28 0.00115042 1 3.85865e-05 0.00111184
761.72 0.00417665 1 3.63616e-05 0.00414029
762.16 0.00120285 1 3.42583e-05 0.00116859
762.6 0.00422901 1 3.22704e-05 0.00419674
763.03 0.00425455 1 3.04334e-05 0.00422411
763.47 0.00328065 1 2.86564e-05 0.00325199
763.91 0.00230672 1 2.69778e-05 0.00227975
764.35 0.000332767 1 2.53927e-05 0.000307375
764.79 0.00335878 1 2.3896e-05 0.00333489
765.23 0.000384767 1 2.24831e-05 0.000362284
765.67 -0.000589275 1 2.11497e-05 -0.000610425
766.11 0.00443665 1 1.98914e-05 0.00441676
766.54 0.00146197 1 1.87306e-05 0.00144324
766.98 0.000487845 1 1.76095e-05 0.000470235
767.42 0.00151369 1 1.65523e-05 0.00149714
767.86 0.00553952 1 1.55555e-05 0.00552396
768.3 0.00156532 1 1.46159e-05 0.0015507
768.74 0.00359109 1 1.37303e-05 0.00357736
769.17 0.00261625 1 1.29143e-05 0.00260334
769.61 0.00364198 1 1.21272e-05 0.00362985
770.05 0.00466768 1 1.13858e-05 0.00465629
770.49 0.00669336 1 1.06877e-05 0.00668267
770.93 0.00171901 1 1.00304e-05 0.00170898
771.37 0.00274464 1 9.41171e-06 0.00273523
771.8 0.00376967 1 8.84229e-06 0.00376083
772.24 -0.00220474 1 8.29368e-06 -0.00221303
772.68 0.00382083 1 7.77759e-06 0.00381305
773.12 0.00184638 1 7.29219e-06 0.00183908
773.56 0.0038719 1 6.83575e-06 0.00386507
774 0.00289741 1 6.40663e-06 0.002891
774.43 0.00392232 1 6.01217e-06 0.00391631
774.87 0.000947788 1 5.63258e-06 0.000942155
775.31 0.00297324 1 5.27593e-06 0.00296796
775.75 0.00199867 1 4.94089e-06 0.00199373
776.19 0.00202409 1 4.62623e-06 0.00201946
776.62 0.00204891 1 4.33728e-06 0.00204457
777.06 0.00207429 1 4.05949e-06 0.00207023
777.5 0.00609965 1 3.79875e-06 0.00609586
777.94 0.002125 1 3.55407e-06 0.00212145
778.37 0.00414976 1 3.32956e-06 0.00414643
778.81 0.00417508 1 3.1139e-06 0.00417197
779.25 -0.000799612 1 2.91163e-06 -0.000802524
779.69 0.00122568 1 2.72198e-06 0.00122296
780.13 0.00225096 1 2.54418e-06 0.00224841
780.56 -0.00172435 1 2.3812e-06 -0.00172674
781 0.0033009 1 2.22481e-06 0.00329867
781.44 0.00132614 1 2.07828e-06 0.00132406
781.88 0.00235136 1 1.94102e-06 0.00234942
782.31 -0.00162399 1 1.8153e-06 -0.00162581
782.75 -0.000598788 1 1.69476e-06 -0.000600482
783.19 0.00142641 1 1.58191e-06 0.00142483
783.63 0.00345159 1 1.47629e-06 0.00345012
784.06 0.00147619 1 1.37963e-06 0.00147481
784.5 0.00050136 1 1.28702e-06 0.000500073
784.94 0.00252652 1 1.20039e-06 0.00252532
785.37 0.000551095 1 1.12115e-06 0.000549974
785.81 0.000576236 1 1.04528e-06 0.00057519
786.25 -0.000398631 1 9.74361e-07 -0.000399605
786.69 0.0026265 1 9.08072e-07 0.00262559
787.12 0.00265104 1 8.47489e-07 0.0026502
787.56 0.00267616 1 7.89528e-07 0.00267537
788 0.00470127 1 7.35386e-07 0.00470053
788.43 0.0017258 1 6.85935e-07 0.00172511
788.87 0.0047509 1 6.38651e-07 0.00475026
789.31 0.00277599 1 5.94511e-07 0.0027754
789.75 0.000801081 1 5.53313e-07 0.000800527
790.18 0.0018256 1 5.15715e-07 0.00182508
790.62 0.00185068 1 4.79792e-07 0.0018502
791.06 0.000875761 1 4.46285e-07 0.000875314
791.49 0.00390027 1 4.15723e-07 0.00389985
791.93 0.000925346 1 3.86541e-07 0.000924959
792.37 -4.95787e-05 1 3.59338e-07 -4.99381e-05
792.8 0.00197493 1 3.3454e-07 0.00197459
793.24 0 1 3.10876e-07 -3.10876e-07
793.68 0.00402507 1 2.8883e-07 0.00402479
794.11 0.00504958 1 2.68746e-07 0.00504931
794.55 0.00207465 1 2.49591e-07 0.0020744
794.99 -0.00190027 1 2.31756e-07 -0.0019005
795.42 0.00412424 1 2.15518e-07 0.00412402
795.86 0.00214932 1 2.00041e-07 0.00214912
796.3 0.0011744 1 1.85639e-07 0.00117422
796.73 0.00219892 1 1.72534e-07 0.00219875
797.17 -0.000775991 1 1.60051e-07 -0.000776151
797.61 0.0032491 1 1.48442e-07 0.00324895
798.04 0.00327363 1 1.37884e-07 0.00327349
798.48 0.00229873 1 1.27834e-07 0.00229861
798.91 0.00332327 1 1.18698e-07 0.00332315
799.35 0.00434838 1 1.10003e-07 0.00434827
799.79 0.0013735 1 1.01926e-07 0.0013734
800.22 0.00239806 1 9.45873e-08 0.00239797
800.66 -0.000576807 1 8.7608e-08 -0.000576895
801.1 0.00544833 1 8.11278e-08 0.00544825
