500.34 -0.00185256 1 6.6577e-05 -0.00191914
500.8 0.000270367 1 7.06005e-05 0.000199767
501.25 0.00039063 1 7.47563e-05 0.000315874
501.71 -0.000486431 1 7.92408e-05 -0.000565672
502.17 -0.00236349 1 8.39764e-05 -0.00244747
502.62 0.00175678 1 8.88645e-05 0.00166792
503.08 -0.00212027 1 9.41357e-05 -0.00221441
503.53 0 1 9.95741e-05 -9.95741e-05
503.99 0.000122946 1 0.000105436 1.75098e-05
504.44 0.00224322 1 0.000111481 0.00213174
504.9 -0.00163384 1 0.000117995 -0.00175183
505.36 -0.000510896 1 0.000124862 -0.000635758
505.81 -0.00039063 1 0.000131939 -0.00052257
506.27 0.000732305 1 0.00013956 0.000592745
506.72 -0.00114744 1 0.000147409 -0.00129485
507.18 0.00097549 1 0.000155857 0.000819632
507.63 -0.00190426 1 0.000164556 -0.00206882
508.09 0.00121865 1 0.000173913 0.00104474
508.54 -0.000661113 1 0.000183544 -0.000844657
509 0.000461786 1 0.000193899 0.000267887
509.45 -0.000417995 1 0.000204553 -0.000622547
509.91 -0.00129511 1 0.000216003 -0.00151112
510.36 -0.000174912 1 0.000227776 -0.000402689
510.82 0.00294795 1 0.000240425 0.00270752
511.27 -0.000931872 1 0.000253426 -0.0011853
511.73 0.00219097 1 0.000267386 0.00192358
512.19 0.00231379 1 0.000282055 0.00203174
512.64 -0.000566067 1 0.000297123 -0.00086319
513.1 0.00155673 1 0.000313292 0.00124344
513.55 -0.00132316 1 0.000329892 -0.00165305
514.01 0.00179961 1 0.000347698 0.00145191
514.46 0.00291969 1 0.00036597 0.00255372
514.92 0.00204243 1 0.000385561 0.00165687
515.37 0.00316248 1 0.000405656 0.00275682
515.83 0.00128517 1 0.000427192 0.000857982
516.28 0.000405186 1 0.000449272 -4.40858e-05
516.73 0.000525179 1 0.000472397 5.27819e-05
517.19 -0.00135218 1 0.000497162 -0.00184934
517.64 0.00176777 1 0.000522538 0.00124523
518.1 0.00289037 1 0.0005497 0.00234067
518.55 0.00201028 1 0.000577519 0.00143276
519.01 0.00313283 1 0.000607284 0.00252554
519.46 0.00125269 1 0.000637754 0.000614934
519.92 0.00237519 1 0.000670341 0.00170485
520.37 0.002495 1 0.000703685 0.00179132
520.83 0.00361745 1 0.00073933 0.00287812
521.28 0.00173722 1 0.000775787 0.000961429
521.74 0.000859612 1 0.00081474 4.48712e-05
522.19 0.00197932 1 0.000854563 0.00112476
522.65 0.00310166 1 0.000897095 0.00220456
523.1 0.000221308 1 0.000940556 -0.000719248
523.55 0.00234093 1 0.000985922 0.00135501
524.01 0.000463177 1 0.00103434 -0.000571163
524.46 0.00258274 1 0.00108378 0.00149895
524.92 0.000704921 1 0.00113653 -0.000431608
525.37 0.00482442 1 0.00119037 0.00363405
525.83 0.00494653 1 0.00124777 0.00369876
526.28 0.00206596 1 0.00130634 0.00075962
526.73 0.00518536 1 0.00136738 0.00381798
527.19 0.00130737 1 0.00143243 -0.000125056
527.64 0.00342669 1 0.00149874 0.00192795
528.1 0.00454863 1 0.00156937 0.00297926
528.55 0.00266788 1 0.00164135 0.00102653
529.01 0.00478974 1 0.00171797 0.00307177
529.46 0.00590891 1 0.00179603 0.00411289
529.91 0.00402805 1 0.00187724 0.0021508
530.37 0.00414979 1 0.00196365 0.00218614
530.82 0.00426884 1 0.0020516 0.00221724
531.28 0.0053905 1 0.00214513 0.00324537
531.73 0.00450947 1 0.00224029 0.00226918
532.18 0.0066284 1 0.00233919 0.00428921
532.64 0.00474993 1 0.00244429 0.00230564
533.09 0.00686877 1 0.00255115 0.00431762
533.54 0.00398756 1 0.00266214 0.00132543
534 0.00610895 1 0.00278 0.00332896
534.45 0.00722766 1 0.00289974 0.00432792
534.91 0.00534895 1 0.00302685 0.0023221
535.36 0.00746757 1 0.00315593 0.00431163
535.81 0.00758613 1 0.00328985 0.00429628
536.27 0.00670728 1 0.0034319 0.00327538
536.72 0.00482574 1 0.00357605 0.00124969
537.17 0.00894415 1 0.0037255 0.00521866
537.63 0.00806515 1 0.00388391 0.00418124
538.08 0.00818346 1 0.00404456 0.0041389
538.54 0.00730435 1 0.00421477 0.00308958
538.99 0.00842256 1 0.00438729 0.00403526
539.44 0.00754071 1 0.00456596 0.00297475
539.9 0.00966143 1 0.00475511 0.00490632
540.35 0.0107795 1 0.00494671 0.00583277
540.8 0.00689747 1 0.00514499 0.00175248
541.26 0.00901802 1 0.00535476 0.00366326
541.71 0.0131359 1 0.00556709 0.0075688
542.16 0.0132537 1 0.00578667 0.00746704
542.62 0.0143741 1 0.00601882 0.00835527
543.07 0.00949179 1 0.00625364 0.00323815
543.52 0.0116094 1 0.0064963 0.00511313
543.98 0.0117296 1 0.00675266 0.00497696
544.43 0.0118471 1 0.0070118 0.00483535
544.88 0.0119646 1 0.00727939 0.00468521
545.34 0.0140846 1 0.0075619 0.00652271
545.79 0.0152019 1 0.00784726 0.00735468
546.24 0.0153192 1 0.00814172 0.00717748
546.69 0.0164364 1 0.00844552 0.00799089
547.15 0.0155562 1 0.00876595 0.00679021
547.6 0.0166732 1 0.00908929 0.00758394
548.05 0.0177902 1 0.00942265 0.00836759
548.51 0.0169098 1 0.00977399 0.00713578
548.96 0.0170266 1 0.0101283 0.00689836
549.41 0.0171434 1 0.0104933 0.00665016
549.86 0.0162602 1 0.0108692 0.00539096
550.32 0.0193794 1 0.0112651 0.00811437
550.77 0.017496 1 0.0116639 0.00583218
551.22 0.0196126 1 0.0120743 0.00753826
551.68 0.0217316 1 0.0125062 0.00922543
552.13 0.020848 1 0.0129409 0.00790705
552.58 0.0219643 1 0.0133881 0.00857622
553.03 0.0220805 1 0.0138478 0.00823268
553.49 0.0201992 1 0.0143311 0.00586812
553.94 0.0233153 1 0.0148172 0.00849814
554.39 0.0244313 1 0.0153166 0.00911473
554.84 0.0255473 1 0.0158296 0.00971763
555.3 0.0256657 1 0.0163684 0.0092973
555.75 0.0257815 1 0.0169097 0.00887178
556.2 0.0248972 1 0.0174653 0.00743184
556.65 0.0270128 1 0.0180355 0.00897723
557.11 0.0281309 1 0.0186338 0.00949711
557.56 0.0282463 1 0.0192342 0.00901212
558.01 0.0293617 1 0.01985 0.00951173
558.46 0.028477 1 0.0204813 0.00799573
558.92 0.0305948 1 0.0211429 0.00945187
559.37 0.0317099 1 0.0218063 0.00990355
559.82 0.0318249 1 0.022486 0.00933892
560.27 0.0319399 1 0.0231821 0.00875774
560.72 0.0320548 1 0.023895 0.00815979
561.18 0.0331721 1 0.0246411 0.00853099
561.63 0.0352868 1 0.0253883 0.00989846
562.08 0.0354014 1 0.0261529 0.00924852
562.53 0.0345159 1 0.026935 0.00758094
562.99 0.0366329 1 0.0277528 0.0088801
563.44 0.0367473 1 0.028571 0.00817627
563.89 0.0388615 1 0.0294073 0.00945422
564.34 0.0389757 1 0.0302619 0.00871376
564.79 0.0400897 1 0.031135 0.00895471
565.25 0.0392063 1 0.0320469 0.0071594
565.7 0.0403201 1 0.0329579 0.00736224
566.15 0.0404339 1 0.0338879 0.00654599
566.6 0.0445476 1 0.0348371 0.0097105
567.05 0.0436612 1 0.0358056 0.00785562
567.5 0.0437747 1 0.0367935 0.00698121
567.96 0.0448907 1 0.0378236 0.00706705
568.41 0.046004 1 0.0388512 0.00715277
568.86 0.0461172 1 0.0398986 0.0062186
569.31 0.0452303 1 0.0409659 0.00426444
569.76 0.0483434 1 0.0420532 0.00629019
570.21 0.0484563 1 0.0431605 0.00529578
570.67 0.0465716 1 0.0443133 0.00225835
571.12 0.0526843 1 0.0454614 0.00722295
571.57 0.0527969 1 0.0466297 0.0061672
572.02 0.0529095 1 0.0478184 0.00509105
572.47 0.0520219 1 0.0490274 0.00299449
572.92 0.0521342 1 0.0502567 0.00187749
573.37 0.0572464 1 0.0515063 0.00574006
573.83 0.053361 1 0.0528048 0.00055623
574.28 0.057473 1 0.0540955 0.00337751
574.73 0.0565849 1 0.0554065 0.00117841
575.18 0.0566966 1 0.0567377 -4.10113e-05
575.63 0.0588083 1 0.058089 0.000719308
576.08 0.0589199 1 0.0594604 -0.000540557
576.53 0.0600313 1 0.0608519 -0.000820517
576.98 0.0611427 1 0.0622632 -0.00112047
577.44 0.0622564 1 0.0637262 -0.00146984
577.89 0.0623675 1 0.0651774 -0.00280983
578.34 0.0664785 1 0.0666479 -0.000169401
578.79 0.0675894 1 0.0681378 -0.00054839
579.24 0.0677002 1 0.0696468 -0.00194661
579.69 0.0688109 1 0.0711748 -0.00236387
580.14 0.0709215 1 0.0727214 -0.00179996
580.59 0.0700319 1 0.0742866 -0.00425464
581.04 0.0721422 1 0.0758699 -0.00372767
581.49 0.0732525 1 0.0774713 -0.00421879
581.95 0.076365 1 0.0791265 -0.00276145
582.4 0.077475 1 0.0807633 -0.00328827
582.85 0.0795848 1 0.0824171 -0.00283229
583.3 0.0796946 1 0.0840878 -0.00439317
583.75 0.0818042 1 0.0857748 -0.00397057
584.2 0.0829137 1 0.0874778 -0.00456412
584.65 0.0850231 1 0.0891965 -0.00417343
585.1 0.0881323 1 0.0909305 -0.00279813
585.55 0.0872415 1 0.0926793 -0.00543777
586 0.0873505 1 0.0944424 -0.00709195
586.45 0.0914594 1 0.0962196 -0.00476019
586.9 0.0945682 1 0.0980102 -0.00344205
587.35 0.0936768 1 0.0998138 -0.00613703
587.8 0.0957853 1 0.10163 -0.00584463
588.25 0.0988937 1 0.103458 -0.00456433
588.71 0.0990044 1 0.105339 -0.00633421
589.16 0.104112 1 0.107189 -0.00307675
589.61 0.102221 1 0.10905 -0.00682973
590.06 0.106328 1 0.110921 -0.00459256
590.51 0.107436 1 0.112801 -0.00536466
590.96 0.109544 1 0.114689 -0.0051454
591.41 0.113651 1 0.116585 -0.00293415
591.86 0.115759 1 0.118489 -0.00273027
592.31 0.114866 1 0.120399 -0.0055331
592.76 0.116973 1 0.122315 -0.00534196
593.21 0.11808 1 0.124236 -0.00615617
593.66 0.121187 1 0.126162 -0.00497502
594.11 0.124293 1 0.128091 -0.0037978
594.56 0.1274 1 0.130024 -0.00262378
595.01 0.129506 1 0.131959 -0.00245222
595.46 0.130613 1 0.133895 -0.00328237
595.91 0.132719 1 0.135832 -0.00311347
596.36 0.133825 1 0.137769 -0.00394474
596.81 0.138931 1 0.139706 -0.0007754
597.26 0.137036 1 0.141641 -0.00460466
597.71 0.141142 1 0.143574 -0.00243171
598.16 0.145247 1 0.145503 -0.000255745
598.61 0.145353 1 0.147429 -0.00207595
599.06 0.148458 1 0.149349 -0.000891507
599.51 0.149563 1 0.151264 -0.00170158
599.96 0.152668 1 0.153173 -0.000505342
600.41 0.151772 1 0.155074 -0.00330195
600.86 0.156877 1 0.156968 -9.05724e-05
601.31 0.156981 1 0.158852 -0.00187036
601.76 0.162086 1 0.160726 0.00135952
602.21 0.16119 1 0.16259 -0.00140009
602.65 0.165291 1 0.164401 0.000890382
603.1 0.166395 1 0.166241 0.000154038
603.55 0.169499 1 0.168068 0.0014307
604 0.171603 1 0.169881 0.00172119
604.45 0.173706 1 0.17168 0.00202632
604.9 0.173809 1 0.173462 0.000346924
605.35 0.177912 1 0.175229 0.00268379
605.8 0.176015 1 0.176978 -0.000962298
606.25 0.179118 1 0.178709 0.000409448
606.7 0.181221 1 0.180421 0.000799784
607.15 0.183323 1 0.182114 0.00120946
607.6 0.185425 1 0.183786 0.00163919
608.05 0.186528 1 0.185438 0.00108969
608.5 0.18763 1 0.187068 0.000561637
608.95 0.190731 1 0.188676 0.00205569
609.39 0.192831 1 0.190226 0.00260518
609.84 0.192932 1 0.191788 0.00114477
610.29 0.194034 1 0.193326 0.000708248
610.74 0.197135 1 0.194839 0.00229614
611.19 0.197236 1 0.196327 0.000908945
611.64 0.199337 1 0.19779 0.00154711
612.09 0.200438 1 0.199227 0.00121105
612.54 0.201538 1 0.200637 0.000901133
612.99 0.203639 1 0.202021 0.00161766
613.44 0.201739 1 0.203378 -0.0016391
613.88 0.203837 1 0.204679 -0.000841904
614.33 0.204937 1 0.205982 -0.00104529
614.78 0.208037 1 0.207258 0.00077847
615.23 0.209136 1 0.208507 0.000629388
615.68 0.209236 1 0.209728 -0.000492587
616.13 0.208335 1 0.210922 -0.00258758
616.58 0.210434 1 0.21209 -0.0016558
617.03 0.211533 1 0.21323 -0.00169752
617.47 0.212629 1 0.21432 -0.00169083
617.92 0.212728 1 0.215409 -0.00268133
618.37 0.211826 1 0.216473 -0.0046467
618.82 0.213925 1 0.217512 -0.00358758
619.27 0.213023 1 0.218527 -0.00550472
619.72 0.212121 1 0.21952 -0.00739897
620.17 0.216218 1 0.22049 -0.00427127
620.61 0.217314 1 0.221418 -0.00410399
621.06 0.216411 1 0.222347 -0.00593613
621.51 0.215508 1 0.223258 -0.00774982
621.96 0.218605 1 0.224152 -0.00554648
622.41 0.218702 1 0.22503 -0.00632764
622.86 0.219799 1 0.225894 -0.00609494
623.3 0.220893 1 0.226727 -0.0058335
623.75 0.221989 1 0.227568 -0.00557876
624.2 0.222085 1 0.228401 -0.00631584
624.65 0.223181 1 0.229228 -0.00604689
625.1 0.224277 1 0.230051 -0.00577421
625.54 0.222371 1 0.230855 -0.00848407
625.99 0.222466 1 0.231677 -0.00921124
626.44 0.229561 1 0.232504 -0.00294225
626.89 0.228656 1 0.233336 -0.00467988
627.34 0.227751 1 0.234178 -0.00642707
627.78 0.229844 1 0.235014 -0.00516979
628.23 0.232938 1 0.235883 -0.00294489
628.68 0.232032 1 0.236771 -0.0047389
629.13 0.233127 1 0.237682 -0.00455517
629.58 0.236221 1 0.238618 -0.00239715
630.02 0.237312 1 0.239561 -0.00224869
630.47 0.239406 1 0.240558 -0.00115203
630.92 0.239499 1 0.241591 -0.00209186
631.37 0.245592 1 0.242664 0.00292809
631.81 0.244683 1 0.243756 0.000927279
632.26 0.244776 1 0.244919 -0.000143542
632.71 0.246869 1 0.246135 0.000734018
633.16 0.249961 1 0.247405 0.0025561
633.61 0.252053 1 0.248734 0.00331885
634.05 0.252143 1 0.250095 0.00204806
634.5 0.254235 1 0.251553 0.00268225
634.95 0.258327 1 0.253081 0.00524585
635.4 0.261418 1 0.254683 0.00673522
635.84 0.262507 1 0.256324 0.00618298
636.29 0.266598 1 0.258083 0.0085152
636.74 0.267689 1 0.259926 0.00776301
637.18 0.270778 1 0.261813 0.00896511
637.63 0.272868 1 0.263831 0.0090369
638.08 0.275958 1 0.265943 0.0100155
638.53 0.276048 1 0.26815 0.00789843
638.97 0.280136 1 0.270403 0.0097337
639.42 0.282226 1 0.272805 0.00942097
639.87 0.285315 1 0.275309 0.0100067
640.32 0.288405 1 0.277915 0.0104894
640.76 0.290492 1 0.280564 0.00992752
641.21 0.29658 1 0.283376 0.0132039
641.66 0.297669 1 0.286294 0.0113755
642.1 0.301755 1 0.289247 0.0125085
642.55 0.304844 1 0.29237 0.0124733
643 0.308932 1 0.295597 0.0133349
643.44 0.312018 1 0.29885 0.0131677
643.89 0.315105 1 0.302275 0.0128298
644.34 0.318192 1 0.305798 0.0123943
644.79 0.31928 1 0.309415 0.00986428
645.23 0.323365 1 0.31304 0.0103245
645.68 0.327451 1 0.316833 0.010618
646.13 0.331538 1 0.320709 0.0108287
646.57 0.334622 1 0.324574 0.0100483
647.02 0.337708 1 0.328598 0.00911037
647.47 0.343794 1 0.332688 0.0111062
647.91 0.344878 1 0.336745 0.0081331
648.36 0.346964 1 0.340946 0.00601759
648.81 0.352049 1 0.345192 0.00685691
649.25 0.352132 1 0.349379 0.00275281
649.7 0.356217 1 0.35369 0.00252718
650.15 0.362301 1 0.358019 0.00428198
650.59 0.365384 1 0.362263 0.00312132
651.04 0.369468 1 0.366602 0.00286583
651.48 0.37255 1 0.370836 0.00171449
651.93 0.374634 1 0.375145 -0.000510897
652.38 0.376717 1 0.379422 -0.00270482
652.82 0.381799 1 0.383563 -0.00176424
653.27 0.379882 1 0.387744 -0.0078623
653.72 0.385965 1 0.391859 -0.00589441
654.16 0.388046 1 0.395807 -0.00776163
654.61 0.394128 1 0.399756 -0.00562782
655.06 0.39521 1 0.403602 -0.00839194
655.5 0.39729 1 0.407252 -0.00996193
655.95 0.396372 1 0.41086 -0.014488
656.39 0.397452 1 0.414253 -0.0168018
656.84 0.404533 1 0.417575 -0.013042
657.29 0.410614 1 0.420734 -0.0101196
657.73 0.410693 1 0.423653 -0.0129605
658.18 0.413774 1 0.426456 -0.0126823
658.62 0.413852 1 0.429005 -0.0151534
659.07 0.417932 1 0.431407 -0.0134753
659.52 0.417012 1 0.433591 -0.0165791
659.96 0.42209 1 0.435506 -0.0134158
660.41 0.425169 1 0.437229 -0.0120592
660.85 0.424247 1 0.438675 -0.0144278
661.3 0.428326 1 0.439901 -0.0115755
661.74 0.429403 1 0.440847 -0.0114438
662.19 0.429481 1 0.441546 -0.012065
662.64 0.431559 1 0.441969 -0.0104099
663.08 0.428636 1 0.44211 -0.0134746
663.53 0.430714 1 0.44197 -0.0112569
663.97 0.432789 1 0.441552 -0.00876248
664.42 0.428867 1 0.440832 -0.0119655
664.86 0.429942 1 0.439841 -0.0098988
665.31 0.434019 1 0.438531 -0.00451214
665.75 0.435094 1 0.43696 -0.00186621
666.2 0.43117 1 0.435056 -0.00388607
666.65 0.432246 1 0.432853 -0.000606511
667.09 0.43232 1 0.43041 0.00191039
667.54 0.426396 1 0.427619 -0.00122336
667.98 0.42447 1 0.424608 -0.000138237
668.43 0.426545 1 0.421243 0.00530196
668.87 0.423618 1 0.417678 0.00593967
669.32 0.421693 1 0.413758 0.00793467
669.76 0.417765 1 0.409662 0.00810326
670.21 0.41584 1 0.405212 0.0106279
670.65 0.408912 1 0.400612 0.00829986
671.1 0.408986 1 0.395662 0.0133232
671.54 0.404057 1 0.390591 0.0134659
671.99 0.401131 1 0.385178 0.0159521
672.43 0.393202 1 0.379674 0.0135281
672.88 0.388274 1 0.373838 0.0144366
673.32 0.381345 1 0.367941 0.0134043
673.77 0.378417 1 0.361727 0.0166909
674.21 0.371488 1 0.355482 0.0160054
674.66 0.363559 1 0.348937 0.0146227
675.1 0.357629 1 0.342393 0.0152365
675.55 0.3507 1 0.335566 0.0151348
675.99 0.34277 1 0.328771 0.0139984
676.44 0.33684 1 0.321714 0.0151263
676.88 0.326909 1 0.31472 0.0121892
677.33 0.320979 1 0.307484 0.0134949
677.77 0.312048 1 0.300342 0.011706
678.22 0.302117 1 0.29298 0.00913737
678.66 0.294185 1 0.285739 0.00844624
679.11 0.287254 1 0.278302 0.00895211
679.55 0.278321 1 0.271012 0.00730926
679.99 0.272388 1 0.263716 0.0086725
680.44 0.260457 1 0.256259 0.00419752
680.88 0.252523 1 0.248985 0.00353853
681.33 0.244591 1 0.241573 0.00301791
681.77 0.235657 1 0.234364 0.00129263
682.22 0.225724 1 0.227042 -0.00131719
682.66 0.22079 1 0.21994 0.000850224
683.11 0.211857 1 0.212746 -0.000888997
683.55 0.204922 1 0.205788 -0.000866447
683.99 0.195986 1 0.198915 -0.00292824
684.44 0.188052 1 0.19198 -0.0039277
684.88 0.181116 1 0.1853 -0.0041834
685.33 0.171182 1 0.178578 -0.0073959
685.77 0.165245 1 0.172119 -0.00687328
686.21 0.160309 1 0.165778 -0.00546926
686.66 0.152373 1 0.159421 -0.00704784
687.1 0.144436 1 0.153336 -0.00889929
687.55 0.1355 1 0.147249 -0.0117486
687.99 0.128563 1 0.141436 -0.0128729
688.44 0.126626 1 0.135635 -0.00900864
688.88 0.116688 1 0.130107 -0.0134192
689.32 0.11375 1 0.124725 -0.0109751
689.77 0.107812 1 0.119372 -0.0115594
690.21 0.102873 1 0.114288 -0.0114142
690.65 0.0969341 1 0.109353 -0.0124187
691.1 0.092996 1 0.104461 -0.0114648
691.54 0.0890562 1 0.0998292 -0.010773
691.99 0.0841175 1 0.0952474 -0.0111299
692.43 0.0811771 1 0.0909183 -0.0097412
692.87 0.0772365 1 0.0867376 -0.00950114
693.32 0.072297 1 0.0826142 -0.0103172
693.76 0.0673558 1 0.0787297 -0.0113739
694.2 0.0644144 1 0.0749891 -0.0105747
694.65 0.060474 1 0.0713101 -0.0108361
695.09 0.056532 1 0.0678541 -0.0113221
695.53 0.0545897 1 0.0645351 -0.00994539
695.98 0.0526485 1 0.0612798 -0.00863126
696.42 0.0497057 1 0.0582298 -0.00852409
696.86 0.0467626 1 0.0553083 -0.00854573
697.31 0.0448205 1 0.0524502 -0.00762968
697.75 0.0398769 1 0.0497791 -0.00990225
698.19 0.0399329 1 0.0472268 -0.0072939
698.64 0.03599 1 0.0447359 -0.00874588
699.08 0.0360455 1 0.0424134 -0.00636791
699.52 0.0331007 1 0.0401993 -0.00709855
699.97 0.0321569 1 0.0380432 -0.00588626
700.41 0.0302116 1 0.0360373 -0.00582573
700.85 0.0282659 1 0.034129 -0.00586306
701.3 0.0233213 1 0.0322745 -0.00895328
701.74 0.0253751 1 0.0305527 -0.00517766
702.18 0.0204286 1 0.0289178 -0.0084892
702.63 0.020483 1 0.0273319 -0.00684888
703.07 0.019536 1 0.0258621 -0.00632613
703.51 0.0205886 1 0.0244688 -0.00388018
703.96 0.0186422 1 0.0231195 -0.00447736
704.4 0.0176942 1 0.021871 -0.00417671
704.84 0.015746 1 0.0206891 -0.00494308
705.28 0.0137975 1 0.0195709 -0.00577338
705.73 0.0158499 1 0.01849 -0.0026401
706.17 0.00990082 1 0.0174915 -0.00759064
706.61 0.0129514 1 0.0165477 -0.0035963
707.06 0.0120029 1 0.0156365 -0.00363354
707.5 0.0100529 1 0.0147954 -0.00474246
707.94 0.0101027 1 0.0140012 -0.00389855
708.38 0.00815214 1 0.0132515 -0.00509934
708.83 0.00820241 1 0.0125282 -0.00432578
709.27 0.00725127 1 0.0118612 -0.00460993
709.71 0.00629983 1 0.0112318 -0.00493199
710.15 0.0043481 1 0.010638 -0.00628988
710.6 0.00639716 1 0.0100653 -0.00366818
711.04 0.00444482 1 0.00953744 -0.00509262
711.48 0.00549219 1 0.00903939 -0.0035472
711.92 0.00353927 1 0.00856948 -0.00503022
712.37 0.0025871 1 0.00811632 -0.00552922
712.81 0.00463357 1 0.00769846 -0.0030649
713.25 0.00267973 1 0.0073041 -0.00462437
713.69 0.0027256 1 0.00693185 -0.00420625
714.13 0.00277117 1 0.0065804 -0.00380923
714.58 0.00181746 1 0.0062412 -0.00442374
715.02 -0.000137585 1 0.00592813 -0.00606572
715.46 -9.29315e-05 1 0.00563235 -0.00572528
715.9 0.000951418 1 0.00535281 -0.00440139
716.35 0.000996461 1 0.0050827 -0.00408624
716.79 0.00304019 1 0.0048331 -0.00179291
717.23 0.00108362 1 0.00459697 -0.00351335
717.67 0.00312674 1 0.00437351 -0.00124677
718.11 -0.00083044 1 0.00416196 -0.0049924
718.56 0.00321303 1 0.00395716 -0.000744133
719 0.000255224 1 0.00376756 -0.00351233
719.44 0.00129711 1 0.00358784 -0.00229073
719.88 0.00133868 1 0.00341741 -0.00207873
720.32 0.00137995 1 0.00325574 -0.00187579
720.76 -0.0025791 1 0.00310231 -0.00568141
721.21 0.00146247 1 0.00295341 -0.00149094
721.65 0.000502794 1 0.0028152 -0.00231241
722.09 -0.000457194 1 0.00268387 -0.00314107
722.53 -0.000417494 1 0.00255903 -0.00297653
722.97 -0.00137811 1 0.00244031 -0.00381842
723.41 0.000660963 1 0.00232736 -0.0016664
723.86 0.000700597 1 0.00221748 -0.00151688
724.3 -0.000260969 1 0.00211526 -0.00237622
724.74 0.00177715 1 0.0020179 -0.000240747
725.18 0.00081495 1 0.00192514 -0.00111019
725.62 -0.00114757 1 0.00183674 -0.00298431
726.06 -0.000110401 1 0.00175247 -0.00186287
726.5 0.00292645 1 0.00167212 0.00125433
726.95 0.0029638 1 0.00159377 0.00137003
727.39 0 1 0.00152073 -0.00152073
727.83 3.588e-05 1 0.00145102 -0.00141514
728.27 0.00207144 1 0.00138448 0.000686959
728.71 0.00110669 1 0.00132096 -0.000214277
729.15 0.00114162 1 0.00126031 -0.000118695
729.59 -0.00182376 1 0.00120239 -0.00302616
730.03 0.00121055 1 0.00114707 6.34752e-05
730.48 0.00224532 1 0.00109305 0.00115226
730.92 0.00427901 1 0.00104262 0.00323639
731.36 0.00131239 1 0.000994433 0.000317957
731.8 0.000345474 1 0.000948392 -0.000602918
732.24 0.00437826 1 0.000904398 0.00347386
732.68 0.00141075 1 0.000862358 0.000548389
733.12 0.00244294 1 0.000822184 0.00162076
733.56 0.00347484 1 0.000783793 0.00269105
734 0.00550645 1 0.000747105 0.00475935
734.44 0.00353777 1 0.000712047 0.00282572
734.89 0.00256951 1 0.000677802 0.00189171
735.33 0.000600253 1 0.000645823 -4.55704e-05
735.77 0.00463072 1 0.000615269 0.00401545
736.21 0.0026609 1 0.000586076 0.00207482
736.65 0.0016908 1 0.000558186 0.00113262
737.09 0.00472043 1 0.000531544 0.00418889
737.53 0.00274979 1 0.000506095 0.00224369
737.97 0.00377887 1 0.00048179 0.00329708
738.41 0.00280769 1 0.000458578 0.00234911
738.85 0.00483624 1 0.000436414 0.00439982
739.29 0.00486452 1 0.000415252 0.00444927
739.73 0.00589254 1 0.00039505 0.00549749
740.17 0.0019203 1 0.000375768 0.00154454
740.61 0.00494781 1 0.000357365 0.00459044
741.05 0.00797505 1 0.000339804 0.00763525
741.49 0.00300204 1 0.00032305 0.00267899
741.93 0.00302878 1 0.000307067 0.00272172
742.37 0.00305527 1 0.000291823 0.00276345
742.81 0.00408152 1 0.000277285 0.00380423
743.26 0.0051081 1 0.000263117 0.00484499
743.7 0.00313385 1 0.000249918 0.00288393
744.14 0.00515936 1 0.000237337 0.00492202
744.58 0.00418462 1 0.000225348 0.00395928
745.02 0.00220966 1 0.000213925 0.00199573
745.46 0.00223445 1 0.000203043 0.00203141
745.9 0.00225902 1 0.000192678 0.00206634
746.34 0.00228335 1 0.000182809 0.00210054
746.78 0.00530745 1 0.000173412 0.00513404
747.22 0.00333133 1 0.000164467 0.00316686
747.66 0.00135499 1 0.000155954 0.00119903
748.1 0.00337842 1 0.000147853 0.00323056
748.54 0.00340163 1 0.000140147 0.00326148
748.98 0.00242463 1 0.000132817 0.00229181
749.42 0.00544741 1 0.000125846 0.00532156
749.86 0.00446997 1 0.000119218 0.00435075
750.29 0.00249182 1 0.000113057 0.00237876
750.73 0.00351397 1 0.000107062 0.00340691
751.17 0.00353591 1 0.000101366 0.00343455
751.61 0.00655765 1 9.59537e-05 0.0064617
752.05 0.00257919 1 9.08131e-05 0.00248838
752.49 0.00160053 1 8.59314e-05 0.00151459
752.93 0.00362166 1 8.12964e-05 0.00354037
753.37 0.0026426 1 7.68965e-05 0.00256571
753.81 0.00266335 1 7.27207e-05 0.00259063
754.25 0.0026839 1 6.87583e-05 0.00261515
754.69 0.00370427 1 6.49992e-05 0.00363927
755.13 0.00672445 1 6.14337e-05 0.00666301
755.57 0.00274444 1 5.80526e-05 0.00268639
756.01 0.000764247 1 5.48469e-05 0.0007094
756.45 0.00178387 1 5.18081e-05 0.00173207
756.89 0.00380332 1 4.89282e-05 0.00375439
757.33 0.00382259 1 4.61995e-05 0.00377639
757.77 0.00184169 1 4.36144e-05 0.00179807
758.21 0.00286061 1 4.1166e-05 0.00281945
758.64 0.00087894 1 3.88988e-05 0.000840041
759.08 -0.000102472 1 3.6701e-05 -0.000139173
759.52 0.00191595 1 3.46206e-05 0.00188133
759.96 0.00293421 1 3.26518e-05 0.00290156
760.4 0.0029523 1 3.0789e-05 0.00292151
760.84 0.00197024 1 2.90268e-05 0.00194121
761.28 0.00298802 1 2.73602e-05 0.00296066
761.72 0.00300564 1 2.57842e-05 0.00297986
762.16 2.31085e-05 1 2.42943e-05 -1.18581e-06
762.6 -0.000959574 1 2.2886e-05 -0.00098246
763.03 0.00105721 1 2.15846e-05 0.00103562
763.47 0.00107423 1 2.03256e-05 0.00105391
763.91 0.00109111 1 1.91363e-05 0.00107197
764.35 0.000107847 1 1.8013e-05 8.98342e-05
764.79 0.000124444 1 1.69524e-05 0.000107491
765.23 0.0041409 1 1.59512e-05 0.00412495
765.67 -0.000842777 1 1.50061e-05 -0.000857783
766.11 0.00217341 1 1.41143e-05 0.0021593
766.54 0.000189101 1 1.32915e-05 0.00017581
766.98 -0.00179497 1 1.24968e-05 -0.00180747
767.42 0.00222083 1 1.17473e-05 0.00220908
767.86 0.0032365 1 1.10407e-05 0.00322546
768.3 0.00125205 1 1.03745e-05 0.00124168
768.74 0.00126748 1 9.74658e-06 0.00125774
769.17 0.00128245 1 9.16796e-06 0.00127328
769.61 0.00329764 1 8.60978e-06 0.00328903
770.05 0.00131272 1 8.08401e-06 0.00130464
770.49 0.00432769 1 7.58886e-06 0.0043201
770.93 -0.00165745 1 7.12266e-06 -0.00166457
771.37 0.0013573 1 6.68379e-06 0.00135061
771.8 0.000371607 1 6.27986e-06 0.000365327
772.24 0.000386147 1 5.89066e-06 0.000380256
772.68 0.00140058 1 5.5245e-06 0.00139506
773.12 -0.000585078 1 5.1801e-06 -0.000590258
773.56 0.00342916 1 4.85622e-06 0.00342431
774 0.00244331 1 4.5517e-06 0.00243875
774.43 0.00145704 1 4.27176e-06 0.00145277
774.87 -0.003529 1 4.00235e-06 -0.003533
775.31 0.000484869 1 3.7492e-06 0.000481119
775.75 0.000498652 1 3.51138e-06 0.000495141
776.19 0.000512351 1 3.28801e-06 0.000509063
776.62 0.00152566 1 3.08287e-06 0.00152258
777.06 0.00153919 1 2.88564e-06 0.00153631
777.5 0.000552652 1 2.70051e-06 0.000549952
777.94 0.00156603 1 2.52676e-06 0.00156351
778.37 0.00257904 1 2.36732e-06 0.00257667
778.81 0.00259227 1 2.21416e-06 0.00259006
779.25 -0.00039456 1 2.0705e-06 -0.00039663
779.69 -0.000381462 1 1.93579e-06 -0.000383398
780.13 -0.000368431 1 1.80948e-06 -0.00037024
780.56 -0.00135576 1 1.6937e-06 -0.00135745
781 0.00365715 1 1.58259e-06 0.00365557
781.44 0.00167 1 1.47847e-06 0.00166852
781.88 -0.000317211 1 1.38094e-06 -0.000318592
782.31 0.000695235 1 1.2916e-06 0.000693943
782.75 -0.00129208 1 1.20593e-06 -0.00129329
783.19 -0.00027945 1 1.12572e-06 -0.000280576
783.63 -0.000266867 1 1.05065e-06 -0.000267918
784.06 0.00174538 1 9.81932e-07 0.0017444
784.5 -0.000242123 1 9.16092e-07 -0.000243039
784.94 0.00277033 1 8.54501e-07 0.00276947
785.37 0.000782456 1 7.98162e-07 0.000781657
785.81 0.00179483 1 7.44213e-07 0.00179408
786.25 0.00180716 1 6.93776e-07 0.00180647
786.69 0.00181947 1 6.46631e-07 0.00181882
787.12 0.000831458 1 6.0354e-07 0.000830854
787.56 0.000843699 1 5.6231e-07 0.000843136
788 0.00185591 1 5.23795e-07 0.00185539
788.43 0.00186782 1 4.88613e-07 0.00186733
788.87 0.000879988 1 4.54971e-07 0.000879533
789.31 0.00289213 1 4.23562e-07 0.00289171
789.75 -0.00209574 1 3.94245e-07 -0.00209614
790.18 -0.00108391 1 3.67487e-07 -0.00108428
790.62 0.00192818 1 3.41919e-07 0.00192784
791.06 0.00194026 1 3.18069e-07 0.00193994
791.49 0.00395206 1 2.96313e-07 0.00395176
791.93 -0.00203588 1 2.75537e-07 -0.00203616
792.37 -0.00202383 1 2.56169e-07 -0.00202408
792.8 0.00398795 1 2.38511e-07 0.00398771
793.24 0 1 2.2166e-07 -2.2166e-07
793.68 1.20487e-05 1 2.05959e-07 1.18428e-05
794.11 0.00302383 1 1.91654e-07 0.00302363
794.55 0.00403588 1 1.7801e-07 0.0040357
794.99 -0.000952058 1 1.65306e-07 -0.000952223
795.42 0.00105974 1 1.53737e-07 0.00105958
795.86 0.00407182 1 1.4271e-07 0.00407168
796.3 0.00108391 1 1.32448e-07 0.00108378
796.73 9.57435e-05 1 1.23109e-07 9.56204e-05
797.17 0.000107868 1 1.14212e-07 0.000107754
797.61 0.00112001 1 1.05938e-07 0.00111991
798.04 -0.0008681 1 9.84127e-08 -0.000868198
798.48 0.00214409 1 9.12478e-08 0.002144
798.91 0.00315602 1 8.47341e-08 0.00315594
799.35 0.00316826 1 7.85349e-08 0.00316819
799.79 -0.00381947 1 7.2775e-08 -0.00381954
800.22 -0.000807444 1 6.75418e-08 -0.000807511
800.66 -0.000795109 1 6.25641e-08 -0.000795171
801.1 0.00221726 1 5.79419e-08 0.0022172
