500.34 0.000346022 1 4.91049e-05 0.000296917
500.8 0.000440319 1 5.21295e-05 0.000388189
501.25 0.00153257 1 5.52569e-05 0.00147731
501.71 -0.000373128 1 5.86352e-05 -0.000431763
502.17 0.000721177 1 6.22066e-05 0.000658971
502.62 0.00181343 1 6.58967e-05 0.00174754
503.08 -9.22583e-05 1 6.98802e-05 -0.000162138
503.53 0 1 7.39944e-05 -7.39944e-05
503.99 9.43085e-05 1 7.84335e-05 1.58749e-05
504.44 0.00118657 1 8.30163e-05 0.00110355
504.9 0.000280873 1 8.79588e-05 0.000192914
505.36 0.00137518 1 9.31753e-05 0.001282
505.81 0.00146743 1 9.85569e-05 0.00136887
506.27 0.000561731 1 0.000104357 0.000457374
506.72 -0.000346022 1 0.000110338 -0.00045636
507.18 0.000748271 1 0.000116781 0.00063149
507.63 0.00184051 1 0.000123422 0.00171709
508.09 0.000934793 1 0.000130572 0.000804221
508.54 2.70213e-05 1 0.000137939 -0.000110918
509 0.00312129 1 0.000145868 0.00297542
509.45 0.00121351 1 0.000154033 0.00105948
509.91 0.00130777 1 0.000162817 0.00114495
510.36 0.00139997 1 0.000171859 0.00122811
510.82 0.00549421 1 0.000181581 0.00531263
511.27 0.00258639 1 0.000191584 0.00239481
511.73 0.000680617 1 0.000202334 0.000478283
512.19 0.00277483 1 0.000213642 0.00256119
512.64 0.000866986 1 0.000225268 0.000641718
513.1 0.000961177 1 0.000237755 0.000723422
513.55 0.00205331 1 0.000250587 0.00180272
514.01 0.00314748 1 0.000264363 0.00288311
514.46 0.00423959 1 0.000278514 0.00396107
514.92 0.00333373 1 0.000293699 0.00304003
515.37 0.00442581 1 0.00030929 0.00411652
515.83 0.00351992 1 0.000326013 0.00319391
516.28 0.00261197 1 0.000343174 0.0022688
516.73 0.00270401 1 0.000361164 0.00234285
517.19 0.00179808 1 0.000380446 0.00141763
517.64 0.00289008 1 0.000400221 0.00248986
518.1 0.00298412 1 0.000421407 0.00256271
518.55 0.00307609 1 0.000443124 0.00263297
519.01 0.00317009 1 0.00046638 0.00270371
519.46 0.00326202 1 0.000490208 0.00277181
519.92 0.000355979 1 0.000515713 -0.000159733
520.37 0.00144788 1 0.000541832 0.000906044
520.83 0.00354179 1 0.000569778 0.00297202
521.28 0.00163365 1 0.000598384 0.00103527
521.74 0.00372752 1 0.000628975 0.00309855
522.19 0.000819338 1 0.000660274 0.000159063
522.65 0.000913168 1 0.000693731 0.000219437
523.1 0.00200494 1 0.000727946 0.00127699
523.55 0.00409668 1 0.000763689 0.00333299
524.01 0.00319044 1 0.000801869 0.00238857
524.46 0.00328214 1 0.000840888 0.00244125
524.92 0.000375844 1 0.000882546 -0.000506702
525.37 0.00246749 1 0.000925101 0.00154239
525.83 0.00156115 1 0.000970514 0.000590632
526.28 0.00165274 1 0.00101688 0.000635858
526.73 0.0027443 1 0.00106524 0.00167906
527.19 0.00183788 1 0.00111681 0.000721063
527.64 0.00392939 1 0.00116943 0.00275995
528.1 0.0030229 1 0.00122552 0.00179738
528.55 0.00111435 1 0.00128273 -0.00016837
529.01 0.00420781 1 0.00134367 0.00286414
529.46 0.0032992 1 0.00140579 0.00189341
529.91 0.00439056 1 0.00147048 0.00292008
530.37 0.00448392 1 0.00153935 0.00294457
530.82 0.00457522 1 0.00160951 0.00296571
531.28 0.00366851 1 0.00168417 0.00198434
531.73 0.00575975 1 0.00176018 0.00399956
532.18 0.00685094 1 0.00183925 0.0050117
532.64 0.00394414 1 0.00192332 0.00202081
533.09 0.00403527 1 0.00200886 0.0020264
533.54 0.00612636 1 0.00209777 0.00402859
534 0.00621944 1 0.00219226 0.00402719
534.45 0.00631047 1 0.00228832 0.00402215
534.91 0.00540347 1 0.00239035 0.00301312
535.36 0.00649442 1 0.00249404 0.00400038
535.81 0.00658533 1 0.00260169 0.00398364
536.27 0.00467823 1 0.00271595 0.00196228
536.72 0.00476906 1 0.00283198 0.00193708
537.17 0.00585985 1 0.00295235 0.0029075
537.63 0.00695263 1 0.00308003 0.0038726
538.08 0.00804334 1 0.00320959 0.00483375
538.54 0.00813603 1 0.00334694 0.00478908
538.99 0.0102267 1 0.00348627 0.00674039
539.44 0.00531725 1 0.00363063 0.00168662
539.9 0.0074098 1 0.00378357 0.00362624
540.35 0.00750031 1 0.00393858 0.00356173
540.8 0.00559077 1 0.00409909 0.00149167
541.26 0.00868319 1 0.00426901 0.00441418
541.71 0.0117736 1 0.00444112 0.00733244
542.16 0.0108639 1 0.0046192 0.00624468
542.62 0.00995617 1 0.00480758 0.00514858
543.07 0.0110464 1 0.00499825 0.00604815
543.52 0.0111366 1 0.0051954 0.00594119
543.98 0.0102287 1 0.0054038 0.00482492
544.43 0.00731881 1 0.00561458 0.00170424
544.88 0.0104089 1 0.00583236 0.0045765
545.34 0.0115008 1 0.00606241 0.00543844
545.79 0.0125908 1 0.00629491 0.00629588
546.24 0.0116807 1 0.00653496 0.00514572
546.69 0.0137705 1 0.00678276 0.00698777
547.15 0.0128623 1 0.00704425 0.00581805
547.6 0.014952 1 0.00730828 0.00764377
548.05 0.0130417 1 0.00758062 0.00546111
548.51 0.0151334 1 0.00786781 0.00726555
548.96 0.0152229 1 0.00815756 0.00706538
549.41 0.0143125 1 0.00845622 0.00585624
549.86 0.0154019 1 0.00876399 0.00663794
550.32 0.0174933 1 0.00908821 0.00840512
550.77 0.0165827 1 0.00941502 0.00716768
551.22 0.015672 1 0.00975153 0.00592046
551.68 0.0187632 1 0.0101058 0.00865744
552.13 0.0158524 1 0.0104626 0.00538983
552.58 0.0179416 1 0.0108297 0.00711182
553.03 0.0180306 1 0.0112074 0.00682321
553.49 0.0181216 1 0.0116046 0.00651701
553.94 0.0172106 1 0.0120043 0.00520632
554.39 0.0202995 1 0.0124151 0.00788439
554.84 0.0203883 1 0.0128373 0.00755102
555.3 0.0214791 1 0.0132809 0.00819819
555.75 0.0205678 1 0.0137267 0.00684104
556.2 0.0196564 1 0.0141846 0.00547182
556.65 0.022745 1 0.0146547 0.00809031
557.11 0.0238355 1 0.0151481 0.00868742
557.56 0.019924 1 0.0156435 0.00428045
558.01 0.0240124 1 0.0161518 0.00786058
558.46 0.0231007 1 0.0166731 0.00642761
558.92 0.0251909 1 0.0172197 0.00797126
559.37 0.0282791 1 0.017768 0.0105112
559.82 0.0263673 1 0.0183299 0.0080374
560.27 0.0254553 1 0.0189056 0.00654972
560.72 0.0275433 1 0.0194954 0.00804795
561.18 0.0266332 1 0.020113 0.00652027
561.63 0.0297211 1 0.0207317 0.00898944
562.08 0.0278089 1 0.0213649 0.00644397
562.53 0.0278966 1 0.022013 0.00588367
562.99 0.0279862 1 0.0226908 0.00529541
563.44 0.0300738 1 0.0233692 0.0067046
563.89 0.0301613 1 0.0240629 0.00609846
564.34 0.0322488 1 0.024772 0.00747682
564.79 0.0333362 1 0.0254966 0.00783953
565.25 0.0334254 1 0.0262537 0.00717174
565.7 0.0345126 1 0.0270103 0.00750234
566.15 0.0325998 1 0.0277829 0.00481685
566.6 0.0366869 1 0.0285717 0.00811514
567.05 0.0347739 1 0.0293768 0.00539709
567.5 0.0368608 1 0.0301982 0.00666257
567.96 0.0389496 1 0.031055 0.0078946
568.41 0.0370364 1 0.0319099 0.00512645
568.86 0.0371231 1 0.0327815 0.00434153
569.31 0.0392097 1 0.03367 0.00553974
569.76 0.0382962 1 0.0345752 0.003721
570.21 0.0393827 1 0.0354975 0.00388524
570.67 0.039471 1 0.0364578 0.00301325
571.12 0.0415573 1 0.0374144 0.00414289
571.57 0.0426435 1 0.0383882 0.00425535
572.02 0.0437297 1 0.0393791 0.0043506
572.47 0.0428158 1 0.0403872 0.0024286
572.92 0.0439017 1 0.0414124 0.00248935
573.37 0.0459877 1 0.0424548 0.00353284
573.83 0.0470754 1 0.0435381 0.00353725
574.28 0.0461611 1 0.0446152 0.00154587
574.73 0.0472468 1 0.0457095 0.00153729
575.18 0.0483323 1 0.0468208 0.00151155
575.63 0.0484178 1 0.0479491 0.000468699
576.08 0.0495032 1 0.0490944 0.000408805
576.53 0.0495885 1 0.0502566 -0.000668055
576.98 0.0516738 1 0.0514356 0.000238209
577.44 0.0537608 1 0.052658 0.00110283
577.89 0.0528459 1 0.0538706 -0.0010247
578.34 0.0559308 1 0.0550996 0.000831234
578.79 0.0530157 1 0.0563449 -0.00332921
579.24 0.0561005 1 0.0576064 -0.00150588
579.69 0.0561852 1 0.0588838 -0.00269861
580.14 0.0592698 1 0.060177 -0.000907218
580.59 0.0593543 1 0.0614858 -0.0021315
581.04 0.0604387 1 0.06281 -0.00237124
581.49 0.0585231 1 0.0641493 -0.00562623
581.95 0.0616092 1 0.0655338 -0.0039246
582.4 0.0636933 1 0.066903 -0.00320965
582.85 0.0667774 1 0.0682866 -0.00150916
583.3 0.0668614 1 0.0696842 -0.00282286
583.75 0.0699452 1 0.0710957 -0.00115044
584.2 0.069029 1 0.0725206 -0.00349159
584.65 0.0701127 1 0.0739587 -0.00384598
585.1 0.0731963 1 0.0754095 -0.00221327
585.55 0.0742797 1 0.0768728 -0.00259309
586 0.0723631 1 0.0783482 -0.00598508
586.45 0.0764464 1 0.0798353 -0.00338884
586.9 0.0755296 1 0.0813336 -0.00580398
587.35 0.0776127 1 0.0828428 -0.00523007
587.8 0.0806957 1 0.0843624 -0.00366669
588.25 0.0797786 1 0.085892 -0.00611339
588.71 0.0838632 1 0.0874654 -0.00360216
589.16 0.0859459 1 0.0890138 -0.00306782
589.61 0.0840285 1 0.0905706 -0.00654211
590.06 0.089111 1 0.0921356 -0.00302454
590.51 0.0911934 1 0.093708 -0.0025146
590.96 0.0902757 1 0.0952874 -0.00501175
591.41 0.0923579 1 0.0968733 -0.00451544
591.86 0.09544 1 0.0984651 -0.00302514
592.31 0.0955219 1 0.100062 -0.00454026
592.76 0.0976038 1 0.101664 -0.00406023
593.21 0.0986856 1 0.10327 -0.00458445
593.66 0.103767 1 0.10488 -0.00111232
594.11 0.102849 1 0.106492 -0.00364323
594.56 0.10593 1 0.108107 -0.00217655
595.01 0.107012 1 0.109723 -0.00271165
595.46 0.108093 1 0.111341 -0.00324788
595.91 0.111174 1 0.112959 -0.00178458
596.36 0.111255 1 0.114576 -0.0033211
596.81 0.112336 1 0.116193 -0.00385677
597.26 0.114417 1 0.117808 -0.00339091
597.71 0.117497 1 0.11942 -0.00192282
598.16 0.120578 1 0.12103 -0.000451833
598.61 0.122658 1 0.122636 2.27612e-05
599.06 0.122739 1 0.124237 -0.00149834
599.51 0.123819 1 0.125833 -0.00201443
599.96 0.124899 1 0.127424 -0.00252481
600.41 0.125979 1 0.129008 -0.00302877
600.86 0.128059 1 0.130585 -0.00252558
601.31 0.131139 1 0.132153 -0.00101456
601.76 0.135218 1 0.133713 0.00150503
602.21 0.135298 1 0.135264 3.38704e-05
602.65 0.137376 1 0.136771 0.000605041
603.1 0.138455 1 0.138301 0.000154278
603.55 0.140534 1 0.139819 0.000714863
604 0.143613 1 0.141326 0.00228749
604.45 0.144692 1 0.142819 0.00187283
604.9 0.143771 1 0.1443 -0.000528444
605.35 0.14885 1 0.145765 0.00308433
605.8 0.146928 1 0.147217 -0.000288188
606.25 0.147007 1 0.148652 -0.00164538
606.7 0.152085 1 0.150072 0.00201338
607.15 0.152163 1 0.151475 0.000688697
607.6 0.153242 1 0.15286 0.000381146
608.05 0.15532 1 0.154228 0.00109129
608.5 0.157397 1 0.155578 0.00181967
608.95 0.157475 1 0.156908 0.000566796
609.39 0.160551 1 0.158191 0.00236036
609.84 0.161629 1 0.159483 0.00214597
610.29 0.162706 1 0.160754 0.00195169
610.74 0.161783 1 0.162005 -0.000222097
611.19 0.16286 1 0.163235 -0.000375024
611.64 0.164937 1 0.164444 0.000493224
612.09 0.167014 1 0.165631 0.00138292
612.54 0.166091 1 0.166797 -0.000705697
612.99 0.169168 1 0.16794 0.00122755
613.44 0.169244 1 0.169061 0.000182809
613.88 0.169319 1 0.170136 -0.00081736
614.33 0.168395 1 0.171213 -0.00281838
614.78 0.171471 1 0.172268 -0.000797315
615.23 0.173547 1 0.173301 0.000245761
615.68 0.172623 1 0.174312 -0.00168931
616.13 0.171699 1 0.175301 -0.00360274
616.58 0.174774 1 0.176269 -0.00149482
617.03 0.17485 1 0.177215 -0.0023659
617.47 0.174923 1 0.178121 -0.00319775
617.92 0.175998 1 0.179027 -0.00302868
618.37 0.178073 1 0.179914 -0.00184014
618.82 0.180148 1 0.180781 -0.000632816
619.27 0.176223 1 0.181631 -0.00540747
619.72 0.176298 1 0.182463 -0.00616495
620.17 0.178372 1 0.183278 -0.00490619
620.61 0.181445 1 0.184061 -0.00261628
621.06 0.180519 1 0.184848 -0.00432857
621.51 0.180593 1 0.185621 -0.00502802
621.96 0.179667 1 0.186383 -0.00671593
622.41 0.180741 1 0.187135 -0.00639374
622.86 0.183815 1 0.187878 -0.00406298
623.3 0.185886 1 0.188597 -0.00271063
623.75 0.18296 1 0.189328 -0.00636783
624.2 0.185033 1 0.190055 -0.00502162
624.65 0.186106 1 0.19078 -0.00467394
625.1 0.186179 1 0.191506 -0.00532683
625.54 0.18725 1 0.192218 -0.00496782
625.99 0.185323 1 0.192951 -0.00762823
626.44 0.190395 1 0.193691 -0.00329587
626.89 0.188468 1 0.194441 -0.00597316
627.34 0.19154 1 0.195203 -0.00366262
627.78 0.193611 1 0.195962 -0.00235101
628.23 0.195683 1 0.196755 -0.00107226
628.68 0.194754 1 0.197568 -0.00281363
629.13 0.195826 1 0.198404 -0.00257796
629.58 0.196897 1 0.199266 -0.00236813
630.02 0.197967 1 0.200136 -0.00216853
630.47 0.201038 1 0.201057 -1.84739e-05
630.92 0.20211 1 0.202013 9.6884e-05
631.37 0.20518 1 0.203006 0.0021745
631.81 0.20625 1 0.204016 0.00223319
632.26 0.20632 1 0.205093 0.00122716
632.71 0.206391 1 0.206216 0.000174282
633.16 0.210461 1 0.207389 0.00307153
633.61 0.210531 1 0.208615 0.00191589
634.05 0.2156 1 0.209868 0.00573197
634.5 0.215669 1 0.211206 0.00446313
634.95 0.215739 1 0.212606 0.00313282
635.4 0.220809 1 0.21407 0.00673832
635.84 0.219876 1 0.215566 0.00431026
636.29 0.223946 1 0.217164 0.00678128
636.74 0.225015 1 0.218834 0.00618075
637.18 0.228082 1 0.220538 0.00754452
637.63 0.230151 1 0.222355 0.00779626
638.08 0.23222 1 0.224249 0.00797052
638.53 0.233288 1 0.226222 0.00706572
638.97 0.237355 1 0.228229 0.00912551
639.42 0.241423 1 0.230362 0.0110606
639.87 0.242491 1 0.232577 0.00991337
640.32 0.245559 1 0.234875 0.0106832
640.76 0.246625 1 0.237202 0.0094223
641.21 0.248692 1 0.239664 0.0090278
641.66 0.25076 1 0.242209 0.00855061
642.1 0.255825 1 0.244776 0.0110492
642.55 0.257892 1 0.247481 0.010411
643 0.258959 1 0.250266 0.00869334
643.44 0.262024 1 0.253063 0.00896104
643.89 0.268091 1 0.255999 0.0120921
644.34 0.268157 1 0.259007 0.00915032
644.79 0.270223 1 0.262084 0.00813881
645.23 0.275288 1 0.265158 0.0101301
645.68 0.277354 1 0.268363 0.00899113
646.13 0.279419 1 0.271625 0.00779391
646.57 0.283483 1 0.274868 0.00861588
647.02 0.286549 1 0.278231 0.00831758
647.47 0.288614 1 0.281638 0.00697616
647.91 0.290678 1 0.285005 0.00567296
648.36 0.293742 1 0.288478 0.005264
648.81 0.297807 1 0.291976 0.00583064
649.25 0.29787 1 0.295413 0.00245674
649.7 0.300934 1 0.298938 0.00199618
650.15 0.304999 1 0.302465 0.0025332
650.59 0.306061 1 0.305909 0.000152552
651.04 0.310125 1 0.309416 0.000708755
651.48 0.310187 1 0.312824 -0.00263694
651.93 0.315251 1 0.316279 -0.00102793
652.38 0.318314 1 0.319693 -0.00137883
652.82 0.321376 1 0.322983 -0.00160761
653.27 0.318439 1 0.32629 -0.00785181
653.72 0.324501 1 0.329529 -0.00502792
654.16 0.326563 1 0.332621 -0.00605838
654.61 0.330625 1 0.335696 -0.00507142
655.06 0.328687 1 0.338675 -0.00998757
655.5 0.329748 1 0.341484 -0.0117359
655.95 0.32781 1 0.344242 -0.016432
656.39 0.33087 1 0.346817 -0.0159468
656.84 0.342932 1 0.349317 -0.00638538
657.29 0.345993 1 0.351673 -0.00568002
657.73 0.345053 1 0.353829 -0.00877576
658.18 0.343114 1 0.355873 -0.0127592
658.62 0.344173 1 0.357708 -0.0135342
659.07 0.347234 1 0.359407 -0.0121733
659.52 0.350294 1 0.360921 -0.0106265
659.96 0.352353 1 0.362214 -0.00986042
660.41 0.352413 1 0.363338 -0.0109244
660.85 0.353472 1 0.364237 -0.0107648
661.3 0.352532 1 0.364946 -0.0124139
661.74 0.35559 1 0.365428 -0.00983761
662.19 0.358649 1 0.3657 -0.00705029
662.64 0.355708 1 0.365744 -0.0100354
663.08 0.352766 1 0.365563 -0.0127972
663.53 0.354825 1 0.365146 -0.0103215
663.97 0.355882 1 0.364509 -0.00862714
664.42 0.354941 1 0.363621 -0.00868056
664.86 0.357998 1 0.36252 -0.00452257
665.31 0.356056 1 0.361155 -0.00509989
665.75 0.357112 1 0.359588 -0.00247575
666.2 0.35517 1 0.357747 -0.00257697
666.65 0.355227 1 0.355666 -0.000439111
667.09 0.354283 1 0.353403 0.000880496
667.54 0.35234 1 0.350856 0.0014847
667.98 0.347396 1 0.348141 -0.000745374
668.43 0.348453 1 0.34514 0.00331234
668.87 0.347508 1 0.34199 0.00551764
669.32 0.346564 1 0.338553 0.00801119
669.76 0.342619 1 0.334987 0.0076323
670.21 0.341675 1 0.331136 0.0105394
670.65 0.33473 1 0.327177 0.0075525
671.1 0.332785 1 0.322938 0.00984676
671.54 0.329839 1 0.318615 0.011224
671.99 0.327894 1 0.314019 0.0138752
672.43 0.320948 1 0.309363 0.0115854
672.88 0.315003 1 0.304443 0.01056
673.32 0.312056 1 0.299487 0.012569
673.77 0.307111 1 0.29428 0.0128307
674.21 0.305164 1 0.289062 0.016102
674.66 0.296217 1 0.283605 0.0126125
675.1 0.29227 1 0.278162 0.0141076
675.55 0.286324 1 0.272497 0.0138269
675.99 0.276376 1 0.266869 0.00950631
676.44 0.272429 1 0.261035 0.0113935
676.88 0.265481 1 0.255264 0.0102169
677.33 0.260533 1 0.249303 0.0112307
677.77 0.252585 1 0.243427 0.00915773
678.22 0.247637 1 0.23738 0.0102571
678.66 0.240688 1 0.23144 0.00924799
679.11 0.23274 1 0.225347 0.00739268
679.55 0.225791 1 0.219382 0.0064086
679.99 0.221841 1 0.213418 0.00842302
680.44 0.211892 1 0.207329 0.00456331
680.88 0.204942 1 0.201395 0.00354776
681.33 0.199993 1 0.195354 0.00463959
681.77 0.192043 1 0.189483 0.00255982
682.22 0.183093 1 0.183524 -0.000430595
682.66 0.179143 1 0.177749 0.00139367
683.11 0.169193 1 0.171903 -0.0027101
683.55 0.166241 1 0.166252 -1.08055e-05
683.99 0.15729 1 0.160673 -0.00338309
684.44 0.153339 1 0.155047 -0.00170774
684.88 0.147388 1 0.14963 -0.0022427
685.33 0.139437 1 0.144182 -0.00474501
685.77 0.131484 1 0.138948 -0.00746392
686.21 0.128532 1 0.133813 -0.00528064
686.66 0.12058 1 0.128665 -0.00808489
687.1 0.114627 1 0.123739 -0.00911129
687.55 0.110675 1 0.118812 -0.00813714
687.99 0.106722 1 0.114108 -0.00738641
688.44 0.0997696 1 0.109415 -0.00964572
688.88 0.0918159 1 0.104944 -0.0131279
689.32 0.0908619 1 0.10059 -0.00972798
689.77 0.0869088 1 0.0962602 -0.00935144
690.21 0.0829544 1 0.0921483 -0.00919384
690.65 0.0779999 1 0.0881571 -0.0101572
691.1 0.0730461 1 0.0842005 -0.0111544
691.54 0.0710911 1 0.0804545 -0.00936336
691.99 0.0671369 1 0.0767484 -0.00961151
692.43 0.0641815 1 0.0732466 -0.0090651
692.87 0.0622258 1 0.0698644 -0.00763862
693.32 0.058271 1 0.0665282 -0.00825726
693.76 0.0533149 1 0.0633849 -0.01007
694.2 0.0493586 1 0.0603577 -0.0109991
694.65 0.0494031 1 0.0573798 -0.00797676
695.09 0.0444464 1 0.054582 -0.0101356
695.53 0.0424894 1 0.0518946 -0.00940523
695.98 0.0405332 1 0.0492583 -0.00872509
696.42 0.0385758 1 0.0467878 -0.00821201
696.86 0.0366182 1 0.0444211 -0.00780282
697.31 0.0346614 1 0.0421051 -0.00744374
697.75 0.0307033 1 0.0399403 -0.009237
698.19 0.0317451 1 0.0378715 -0.00612638
698.64 0.0287875 1 0.0358519 -0.00706438
699.08 0.0258288 1 0.0339687 -0.00813983
699.52 0.0248699 1 0.032173 -0.00730306
699.97 0.0229117 1 0.0304241 -0.00751239
700.41 0.0229523 1 0.0287968 -0.00584451
700.85 0.0239927 1 0.0272485 -0.00325583
701.3 0.0180338 1 0.0257438 -0.00771
701.74 0.0170738 1 0.0243466 -0.00727285
702.18 0.0161135 1 0.0230198 -0.00690636
702.63 0.0171539 1 0.0217329 -0.004579
703.07 0.0111932 1 0.0205401 -0.00934698
703.51 0.0142322 1 0.0194096 -0.00517734
703.96 0.0122719 1 0.0183148 -0.00604288
704.4 0.0133105 1 0.0173019 -0.00399138
704.84 0.0103489 1 0.0163433 -0.00599442
705.28 0.010387 1 0.0154366 -0.00504953
705.73 0.0114258 1 0.0145603 -0.0031345
706.17 0.00646348 1 0.0137511 -0.00728761
706.61 0.00750093 1 0.0129866 -0.00548571
707.06 0.00753899 1 0.0122488 -0.00470981
707.5 0.00757598 1 0.0115682 -0.00399223
707.94 0.00861273 1 0.0109259 -0.00231321
708.38 0.00564926 1 0.01032 -0.00467075
708.83 0.00468638 1 0.00973592 -0.00504954
709.27 0.00472244 1 0.00919776 -0.00447532
709.71 0.00375826 1 0.00869041 -0.00493215
710.15 0.00179386 1 0.00821219 -0.00641834
710.6 0.00583002 1 0.00775157 -0.00192155
711.04 0.000865138 1 0.00732745 -0.00646231
711.48 0.00190003 1 0.00692782 -0.0050278
711.92 0.00193468 1 0.0065513 -0.00461662
712.37 0.000969875 1 0.00618873 -0.00521885
712.81 0.00200405 1 0.00585494 -0.00385089
713.25 0.00303799 1 0.00554045 -0.00250246
713.69 0.0010717 1 0.00524412 -0.00417242
714.13 0.00110516 1 0.00496487 -0.0038597
714.58 0.000139145 1 0.00469588 -0.00455674
715.02 -0.00182787 1 0.00444813 -0.006276
715.46 -0.00179512 1 0.00421457 -0.00600969
715.9 -0.00176261 1 0.00399432 -0.00575693
716.35 -0.00272962 1 0.00378201 -0.00651162
716.79 -0.000697592 1 0.00358629 -0.00428389
717.23 -0.00166581 1 0.0034016 -0.00506741
717.67 0.000365731 1 0.00322727 -0.00286154
718.11 -0.00260297 1 0.00306266 -0.00566563
718.56 -0.00157121 1 0.00290375 -0.00447495
719 0.000459601 1 0.00275703 -0.00229743
719.44 0.000490168 1 0.00261835 -0.00212819
719.88 0.00052049 1 0.00248723 -0.00196674
720.32 0.00255057 1 0.00236321 0.000187362
720.76 -0.0034196 1 0.00224585 -0.00566545
721.21 -0.000389338 1 0.0021323 -0.00252164
721.65 -0.00036 1 0.00202723 -0.00238723
722.09 -0.00133091 1 0.00192769 -0.0032586
722.53 -0.000302063 1 0.00183336 -0.00213542
722.97 -0.000273465 1 0.00174393 -0.00201739
723.41 0.000754886 1 0.0016591 -0.000904215
723.86 0.000783624 1 0.00157684 -0.000793214
724.3 -0.00118853 1 0.00150054 -0.00268907
724.74 0.00183907 1 0.00142809 0.000410978
725.18 -0.00113358 1 0.00135928 -0.00249286
725.62 -0.00210648 1 0.0012939 -0.00340038
726.06 -0.00207963 1 0.00123176 -0.00331139
726.5 0.000946969 1 0.00117268 -0.000225707
726.95 0.000973911 1 0.00111524 -0.000141329
727.39 0 1 0.00106184 -0.00106184
727.83 2.58366e-05 1 0.00101103 -0.000985198
728.27 5.14223e-05 1 0.000962673 -0.00091125
728.71 -0.000923241 1 0.00091663 -0.00183987
729.15 0.000101848 1 0.000872785 -0.000770937
729.59 -0.000873309 1 0.000831025 -0.00170433
730.03 0.00115129 1 0.000791244 0.000360046
730.48 -0.0018238 1 0.000752501 -0.0025763
730.92 0.00220031 1 0.000716422 0.00148389
731.36 0.00022418 1 0.000682036 -0.000457856
731.8 -0.000752186 1 0.00064926 -0.00140145
732.24 0.00327121 1 0.000618017 0.0026532
732.68 0.00229438 1 0.000588231 0.00170615
733.12 0.00131731 1 0.000559833 0.000757477
733.56 0.00234001 1 0.000532756 0.00180726
734 0.00436248 1 0.000506939 0.00385555
734.44 0.00238473 1 0.000482321 0.00190241
734.89 0.00240725 1 0.000458327 0.00194892
735.33 0.00142904 1 0.000435969 0.00099307
735.77 0.00445061 1 0.000414649 0.00403596
736.21 0.00147196 1 0.000394322 0.00107763
736.65 0.00249309 1 0.000374941 0.00211815
737.09 0.004514 1 0.000356463 0.00415754
737.53 0.0055347 1 0.000338848 0.00519585
737.97 0.00355518 1 0.000322055 0.00323313
738.41 0.00257545 1 0.000306049 0.0022694
738.85 0.00559552 1 0.000290793 0.00530472
739.29 0.00161537 1 0.000276255 0.00133911
739.73 0.00463501 1 0.000262401 0.00437261
740.17 0.000654456 1 0.0002492 0.000405255
740.61 0.000673693 1 0.000236625 0.000437068
741.05 0.00569273 1 0.000224646 0.00546808
741.49 0.00171156 1 0.000213237 0.00149833
741.93 0.0057302 1 0.000202372 0.00552783
742.37 0.00274864 1 0.000192027 0.00255661
742.81 0.00176689 1 0.000182179 0.00158471
743.26 0.00378535 1 0.000172597 0.00361275
743.7 0.0038032 1 0.000163685 0.00363952
744.14 0.00482087 1 0.000155205 0.00466566
744.58 0.000838344 1 0.000147137 0.000691207
745.02 0.00185564 1 0.000139463 0.00171617
745.46 0.00487274 1 0.000132165 0.00474058
745.9 0.00188966 1 0.000125224 0.00176444
746.34 0.0029064 1 0.000118626 0.00278778
746.78 0.00392297 1 0.000112355 0.00381061
747.22 0.00393935 1 0.000106394 0.00383295
747.66 0.000955554 1 0.000100731 0.000854824
748.1 0.00297159 1 9.53506e-05 0.00287624
748.54 0.00298744 1 9.02403e-05 0.0028972
748.98 0.00400313 1 8.53874e-05 0.00391774
749.42 0.00301865 1 8.07798e-05 0.00293787
749.86 0.004034 1 7.6406e-05 0.00395759
750.29 0.00404884 1 7.23469e-05 0.00397649
750.73 0.00406386 1 6.84033e-05 0.00399546
751.17 0.00507872 1 6.46621e-05 0.00501406
751.61 0.00609342 1 6.11135e-05 0.0060323
752.05 0.00310795 1 5.77483e-05 0.00305021
752.49 0.00212233 1 5.45576e-05 0.00206778
752.93 0.00313656 1 5.15332e-05 0.00308502
753.37 0.00515063 1 4.86668e-05 0.00510196
753.81 0.00316454 1 4.59507e-05 0.00311859
754.25 0.00217831 1 4.33777e-05 0.00213493
754.69 0.00719192 1 4.09407e-05 0.00715098
755.13 0.00520539 1 3.86329e-05 0.00516676
755.57 0.00121871 1 3.6448e-05 0.00118226
756.01 0.00123189 1 3.43799e-05 0.00119751
756.45 0.00224492 1 3.24227e-05 0.0022125
756.89 0.00325781 1 3.05708e-05 0.00322724
757.33 0.00227057 1 2.8819e-05 0.00224175
757.77 0.00128318 1 2.71622e-05 0.00125602
758.21 0.00529566 1 2.55955e-05 0.00527007
758.64 -0.00169227 1 2.41472e-05 -0.00171642
759.08 0.000319945 1 2.27455e-05 0.0002972
759.52 0.00333203 1 2.14209e-05 0.00331061
759.96 0.00234399 1 2.01695e-05 0.00232382
760.4 0.00235581 1 1.89874e-05 0.00233683
760.84 0.00136751 1 1.7871e-05 0.00134964
761.28 -0.000620908 1 1.68169e-05 -0.000637725
761.72 0.00239055 1 1.58218e-05 0.00237473
762.16 0.00140188 1 1.48827e-05 0.001387
762.6 0.0014131 1 1.39965e-05 0.0013991
763.03 0.00442394 1 1.31789e-05 0.00441076
763.47 -0.000565073 1 1.23893e-05 -0.000577463
763.91 0.000445797 1 1.16446e-05 0.000434152
764.35 0.00145655 1 1.09426e-05 0.00144561
764.79 0.0014672 1 1.02808e-05 0.00145692
765.23 0.00347774 1 9.65713e-06 0.00346808
765.67 -0.000511831 1 9.06949e-06 -0.000520901
766.11 0.00349849 1 8.5159e-06 0.00348998
766.54 0.00250848 1 8.00602e-06 0.00250048
766.98 0.0015186 1 7.51439e-06 0.00151109
767.42 0.000528622 1 7.05154e-06 0.000521571
767.86 0.00353854 1 6.61588e-06 0.00353193
768.3 0.000548366 1 6.20591e-06 0.00054216
768.74 0.000558093 1 5.82017e-06 0.000552273
769.17 0.00256751 1 5.46533e-06 0.00256204
769.61 0.000577053 1 5.12361e-06 0.000571929
770.05 0.00358651 1 4.8023e-06 0.0035817
770.49 0.00359587 1 4.50025e-06 0.00359137
770.93 -0.000394854 1 4.21635e-06 -0.000399071
771.37 0.00361434 1 3.94957e-06 0.00361039
771.8 0.000623238 1 3.70446e-06 0.000619533
772.24 -0.00136774 1 3.46871e-06 -0.0013712
772.68 0.00164121 1 3.24731e-06 0.00163796
773.12 0.000650078 1 3.03944e-06 0.000647039
773.56 0.00365887 1 2.8443e-06 0.00365602
774 0.00266758 1 2.66117e-06 0.00266492
774.43 0.00167603 1 2.49311e-06 0.00167354
774.87 -0.0013154 1 2.33167e-06 -0.00131773
775.31 0.0026931 1 2.18025e-06 0.00269092
775.75 -0.000298469 1 2.03825e-06 -0.000300508
776.19 0.00170989 1 1.90513e-06 0.00170799
776.62 0.00371801 1 1.78309e-06 0.00371622
777.06 0.000726242 1 1.66597e-06 0.000724576
777.5 0.00173442 1 1.55624e-06 0.00173286
777.94 0.000742531 1 1.45344e-06 0.000741077
778.37 0.000750404 1 1.35928e-06 0.000749044
778.81 0.0037584 1 1.26899e-06 0.00375713
779.25 -0.000233652 1 1.18447e-06 -0.000234837
779.69 -0.000225761 1 1.10535e-06 -0.000226867
780.13 0.000782077 1 1.03132e-06 0.000781046
780.56 -0.00421031 1 9.6357e-07 -0.00421127
781 -0.00020257 1 8.98676e-07 -0.000203468
781.44 0.00480512 1 8.37985e-07 0.00480429
781.88 -0.000187227 1 7.81237e-07 -0.000188008
782.31 -0.000179794 1 7.29353e-07 -0.000180523
782.75 -0.00017223 1 6.79694e-07 -0.00017291
783.19 0.000835294 1 6.3329e-07 0.000834661
783.63 0.00184278 1 5.89936e-07 0.00184219
784.06 -0.00214994 1 5.5033e-07 -0.00215049
784.5 -0.00114253 1 5.12454e-07 -0.00114304
784.94 0.00286485 1 4.77089e-07 0.00286438
785.37 -0.000127963 1 4.44802e-07 -0.000128408
785.81 -0.00112064 1 4.13943e-07 -0.00112106
786.25 0.000886647 1 3.85148e-07 0.000886262
786.69 0.00289391 1 3.58284e-07 0.00289355
787.12 0.00190099 1 3.33779e-07 0.00190065
787.56 0.0019082 1 3.10376e-07 0.00190789
788 0.0029154 1 2.88557e-07 0.00291511
788.43 0.00192241 1 2.68664e-07 0.00192214
788.87 0.00392956 1 2.49679e-07 0.00392931
789.31 0.0019367 1 2.31989e-07 0.00193647
789.75 0.00194383 1 2.15509e-07 0.00194361
790.18 -0.00204922 1 2.00497e-07 -0.00204942
790.62 0.00195788 1 1.86181e-07 0.00195769
791.06 0.00196497 1 1.72853e-07 0.00196479
791.49 0.00197189 1 1.60719e-07 0.00197173
791.93 0.00097896 1 1.49155e-07 0.000978811
792.37 -0.00201397 1 1.38395e-07 -0.00201411
792.8 0.00199294 1 1.28606e-07 0.00199281
793.24 0 1 1.19281e-07 -1.19281e-07
793.68 0.00200706 1 1.10611e-07 0.00200695
794.11 0.00601397 1 1.02727e-07 0.00601387
794.55 -0.00097896 1 9.52226e-08 -0.000979056
794.99 0.00102811 1 8.82487e-08 0.00102803
795.42 0.00203503 1 8.19112e-08 0.00203495
795.86 0.00504212 1 7.58823e-08 0.00504205
796.3 4.92234e-05 1 7.02831e-08 4.91531e-05
796.73 -0.000943827 1 6.5198e-08 -0.000943892
797.17 6.32972e-05 1 6.03634e-08 6.32368e-05
797.61 0.00307044 1 5.58762e-08 0.00307038
798.04 0.00107743 1 5.18034e-08 0.00107738
798.48 8.46041e-05 1 4.79336e-08 8.45561e-05
798.91 9.16346e-05 1 4.44227e-08 9.15902e-05
799.35 0.00309885 1 4.1088e-08 0.00309881
799.79 0.00110609 1 3.79961e-08 0.00110605
800.22 0.00211319 1 3.51927e-08 0.00211315
800.66 -0.000879522 1 3.25316e-08 -0.000879554
801.1 0.0041278 1 3.00657e-08 0.00412777
