500.34 0.00336786 1 6.09356e-05 0.00330692
500.8 0.00245901 1 6.45586e-05 0.00239445
501.25 0.00254818 1 6.82973e-05 0.00247988
501.71 0.00263933 1 7.23279e-05 0.002567
502.17 0.00273049 1 7.65803e-05 0.00265391
502.62 0.00181966 1 8.09656e-05 0.0017387
503.08 0.00191082 1 8.56903e-05 0.00182513
503.53 0 1 9.05604e-05 -9.05604e-05
503.99 0.00109116 1 9.58051e-05 0.000995355
504.44 0.00418034 1 0.000101209 0.00407913
504.9 0.0012715 1 0.000107026 0.00116447
505.36 0.00236265 1 0.000113153 0.0022495
505.81 0.00445182 1 0.000119462 0.00433236
506.27 0.00154297 1 0.000126249 0.00141672
506.72 0.00163214 1 0.000133235 0.0014989
507.18 0.00172328 1 0.000140746 0.00158254
507.63 0.00281244 1 0.000148473 0.00266397
508.09 0.00190357 1 0.000156777 0.00174679
508.54 0.00199271 1 0.000165317 0.0018274
509 0.00308383 1 0.000174492 0.00290934
509.45 0.00317296 1 0.000183922 0.00298904
509.91 0.00226406 1 0.000194048 0.00207002
510.36 0.00335318 1 0.000204452 0.00314873
510.82 0.00544426 1 0.000215618 0.00522864
511.27 0.00153336 1 0.000227086 0.00130627
511.73 0.00362442 1 0.00023939 0.00338503
512.19 0.00371547 1 0.000252307 0.00346317
512.64 0.00380453 1 0.000265564 0.00353897
513.1 0.00489556 1 0.000279777 0.00461578
513.55 0.0019846 1 0.000294357 0.00169024
514.01 0.0040756 1 0.000309983 0.00376561
514.46 0.0041646 1 0.000326004 0.0038386
514.92 0.00525557 1 0.000343167 0.00491241
515.37 0.00534455 1 0.000360757 0.0049838
515.83 0.00343549 1 0.000379592 0.0030559
516.28 0.00452444 1 0.000398887 0.00412555
516.73 0.00361336 1 0.000419078 0.00319429
517.19 0.00270425 1 0.000440684 0.00226357
517.64 0.00279314 1 0.000462803 0.00233034
518.1 0.00188399 1 0.000486461 0.00139753
518.55 0.00297284 1 0.00051067 0.00246217
519.01 0.00406365 1 0.000536551 0.0035271
519.46 0.00315246 1 0.000563024 0.00258943
519.92 0.00324322 1 0.000591313 0.00265191
520.37 0.00233199 1 0.000620236 0.00171175
520.83 0.00442271 1 0.000651129 0.00377158
521.28 0.000511428 1 0.000682699 -0.000171272
521.74 0.0036021 1 0.000716406 0.00288569
522.19 0.00369077 1 0.000750836 0.00293993
522.65 0.00278139 1 0.000787579 0.00199381
523.1 0.00387001 1 0.000825094 0.00304491
523.55 0.0029586 1 0.000864223 0.00209438
524.01 0.00404914 1 0.000905952 0.00314319
524.46 0.00413768 1 0.000948529 0.00318915
524.92 0.00622816 1 0.000993916 0.00523424
525.37 0.00431664 1 0.0010402 0.00327644
525.83 0.00440706 1 0.00108952 0.00331754
526.28 0.00449549 1 0.0011398 0.00335568
526.73 0.00458388 1 0.00119216 0.00339172
527.19 0.0036742 1 0.00124791 0.00242629
527.64 0.00476253 1 0.0013047 0.00345783
528.1 0.00485279 1 0.00136515 0.00348764
528.55 0.00594106 1 0.0014267 0.00451436
529.01 0.00503125 1 0.00149217 0.00353907
529.46 0.00611944 1 0.00155882 0.00456063
529.91 0.0042076 1 0.00162811 0.0025795
530.37 0.00429769 1 0.00170177 0.00259592
530.82 0.00638577 1 0.00177669 0.00460908
531.28 0.00447578 1 0.0018563 0.00261948
531.73 0.0075638 1 0.00193724 0.00562655
532.18 0.00765177 1 0.00202131 0.00563047
532.64 0.00574166 1 0.00211057 0.0036311
533.09 0.00782956 1 0.00220126 0.00562831
533.54 0.00491742 1 0.00229538 0.00262204
534 0.00700719 1 0.00239526 0.00461193
534.45 0.00709497 1 0.00249666 0.00459831
534.91 0.00518465 1 0.00260421 0.00258044
535.36 0.00727234 1 0.00271336 0.00455898
535.81 0.00735999 1 0.00282651 0.00453348
536.27 0.00544955 1 0.00294644 0.0025031
536.72 0.00653711 1 0.00306807 0.00346904
537.17 0.00662462 1 0.00319407 0.00343056
537.63 0.00771404 1 0.00332753 0.00438651
538.08 0.00980146 1 0.00346278 0.00633869
538.54 0.00989079 1 0.00360597 0.00628482
538.99 0.00797812 1 0.00375101 0.00422711
539.44 0.0100654 1 0.0039011 0.0061643
539.9 0.00915457 1 0.00405989 0.00509468
540.35 0.00824176 1 0.00422063 0.00402113
540.8 0.0083289 1 0.00438684 0.00394206
541.26 0.00941792 1 0.00456257 0.00485535
541.71 0.011505 1 0.00474032 0.00676463
542.16 0.00959194 1 0.00492401 0.00466792
542.62 0.0126808 1 0.00511808 0.00756272
543.07 0.0117677 1 0.00531425 0.00645343
543.52 0.0108545 1 0.00551682 0.00533768
543.98 0.0109432 1 0.00573069 0.00521251
544.43 0.0130299 1 0.00594673 0.0070832
544.88 0.0101166 1 0.00616966 0.00394692
545.34 0.0132051 1 0.00640486 0.00680025
545.79 0.0122917 1 0.00664227 0.00564939
546.24 0.0123782 1 0.00688709 0.00549106
546.69 0.0124646 1 0.00713951 0.00532509
547.15 0.0125529 1 0.00740555 0.00514734
547.6 0.0136392 1 0.00767385 0.00596536
548.05 0.0147255 1 0.00795026 0.0067752
548.51 0.0168136 1 0.0082414 0.00857218
548.96 0.0158997 1 0.00853479 0.00736493
549.41 0.0149858 1 0.00883684 0.00614895
549.86 0.0150718 1 0.00914775 0.00592406
550.32 0.0161597 1 0.0094749 0.00668477
550.77 0.0162456 1 0.00980427 0.00644129
551.22 0.0163314 1 0.010143 0.00618834
551.68 0.0164191 1 0.0104993 0.00591978
552.13 0.0185048 1 0.0108577 0.0076471
552.58 0.0175904 1 0.011226 0.00636438
553.03 0.018676 1 0.0116045 0.00707143
553.49 0.0187634 1 0.0120022 0.0067612
553.94 0.0188488 1 0.0124018 0.00644699
554.39 0.0209341 1 0.0128122 0.00812198
554.84 0.0200194 1 0.0132335 0.00678599
555.3 0.0201066 1 0.0136756 0.00643097
555.75 0.0221917 1 0.0141195 0.00807219
556.2 0.0212768 1 0.014575 0.00670185
556.65 0.0233618 1 0.015042 0.00831978
557.11 0.0234487 1 0.0155318 0.0079169
557.56 0.0245335 1 0.016023 0.00851054
558.01 0.0246183 1 0.0165264 0.00809189
558.46 0.023703 1 0.0170423 0.00666077
558.92 0.0257896 1 0.0175826 0.00820701
559.37 0.0278742 1 0.018124 0.00975016
559.82 0.0259587 1 0.0186784 0.00728031
560.27 0.0260431 1 0.0192458 0.0067973
560.72 0.0271274 1 0.0198265 0.00730096
561.18 0.0282136 1 0.0204339 0.00777965
561.63 0.0282978 1 0.0210419 0.00725586
562.08 0.0283819 1 0.0216636 0.00671827
562.53 0.0264659 1 0.0222992 0.00416671
562.99 0.0305518 1 0.0229635 0.0075883
563.44 0.0296356 1 0.0236276 0.00600806
563.89 0.0307194 1 0.024306 0.00641341
564.34 0.0318032 1 0.0249989 0.00680422
564.79 0.0328868 1 0.0257064 0.00718038
565.25 0.0319722 1 0.0264448 0.00552738
565.7 0.0340557 1 0.0271822 0.00687349
566.15 0.0321391 1 0.0279345 0.00420459
566.6 0.0362224 1 0.0287018 0.00752055
567.05 0.0343056 1 0.0294843 0.00482128
567.5 0.0363887 1 0.030282 0.00610667
567.96 0.0354736 1 0.0311133 0.00436026
568.41 0.0375566 1 0.0319422 0.00561439
568.86 0.0386394 1 0.0327865 0.00585296
569.31 0.0387222 1 0.0336463 0.00507588
569.76 0.0388049 1 0.0345218 0.00428311
570.21 0.0398875 1 0.0354129 0.00447459
570.67 0.0389719 1 0.0363401 0.00263178
571.12 0.0430543 1 0.037263 0.0057913
571.57 0.0421366 1 0.0382017 0.00393497
572.02 0.0422189 1 0.0391561 0.00306278
572.47 0.042301 1 0.0401263 0.00217471
572.92 0.0433831 1 0.0411123 0.00227078
573.37 0.0454651 1 0.0421141 0.003351
573.83 0.0455488 1 0.0431543 0.00239442
574.28 0.0466305 1 0.0441879 0.00244266
574.73 0.0447122 1 0.0452371 -0.000524848
575.18 0.0467938 1 0.0463019 0.000491944
575.63 0.0488753 1 0.0473822 0.00149311
576.08 0.0479567 1 0.048478 -0.000521289
576.53 0.048038 1 0.0495891 -0.00155115
576.98 0.0501192 1 0.0507156 -0.000596383
577.44 0.0512021 1 0.0518827 -0.000680612
577.89 0.0512831 1 0.0530397 -0.00175657
578.34 0.055364 1 0.0542115 0.00115247
578.79 0.0544448 1 0.0553981 -0.000953345
579.24 0.0535255 1 0.0565994 -0.00307385
579.69 0.0546061 1 0.057815 -0.00320888
580.14 0.0546866 1 0.0590448 -0.00435825
580.59 0.056767 1 0.0602888 -0.00352176
581.04 0.0578473 1 0.0615465 -0.0036992
581.49 0.0589275 1 0.0628178 -0.00389036
581.95 0.0610093 1 0.0641312 -0.00312191
582.4 0.0620893 1 0.0654294 -0.00334006
582.85 0.0631692 1 0.0667404 -0.00357118
583.3 0.062249 1 0.0680639 -0.00581499
583.75 0.0673286 1 0.0693998 -0.00207119
584.2 0.0664082 1 0.0707477 -0.0043395
584.65 0.0674876 1 0.0721072 -0.0046196
585.1 0.0695669 1 0.0734781 -0.00391116
585.55 0.0716462 1 0.07486 -0.00321385
586 0.0717253 1 0.0762526 -0.0045273
586.45 0.0728043 1 0.0776554 -0.00485116
586.9 0.0758832 1 0.0790682 -0.00318505
587.35 0.075962 1 0.0804905 -0.00452856
587.8 0.0770406 1 0.0819219 -0.00488131
588.25 0.0781192 1 0.0833621 -0.00524288
588.71 0.0801994 1 0.0848427 -0.00464336
589.16 0.0832777 1 0.0862991 -0.00302142
589.61 0.0833559 1 0.0877629 -0.00440696
590.06 0.086434 1 0.0892335 -0.00279951
590.51 0.088512 1 0.0907106 -0.00219859
590.96 0.0875898 1 0.0921936 -0.00460372
591.41 0.0906676 1 0.093682 -0.00301439
591.86 0.0907452 1 0.0951753 -0.00443009
592.31 0.0928227 1 0.096673 -0.0038503
592.76 0.0949001 1 0.0981746 -0.00327448
593.21 0.0939774 1 0.0996795 -0.0057021
593.66 0.0970545 1 0.101187 -0.00413259
594.11 0.0981316 1 0.102697 -0.0045654
594.56 0.100208 1 0.104208 -0.00399996
595.01 0.102285 1 0.105721 -0.00343568
595.46 0.103362 1 0.107234 -0.00387197
595.91 0.106438 1 0.108747 -0.00230824
596.36 0.106515 1 0.110259 -0.00374389
596.81 0.110591 1 0.11177 -0.0011783
597.26 0.111667 1 0.113278 -0.00161086
597.71 0.112743 1 0.114784 -0.00204095
598.16 0.114819 1 0.116287 -0.00146794
598.61 0.116895 1 0.117786 -0.000891206
599.06 0.116971 1 0.119281 -0.00231011
599.51 0.118046 1 0.12077 -0.00272401
599.96 0.120122 1 0.122254 -0.00213227
600.41 0.121197 1 0.123731 -0.00253425
600.86 0.124272 1 0.125201 -0.000929313
601.31 0.124347 1 0.126664 -0.00231682
601.76 0.128422 1 0.128118 0.000303879
602.21 0.129497 1 0.129563 -6.65907e-05
602.65 0.13157 1 0.130967 0.000602544
603.1 0.130644 1 0.132393 -0.00174859
603.55 0.132719 1 0.133808 -0.00108903
604 0.138793 1 0.135211 0.00358186
604.45 0.136867 1 0.136602 0.00026468
604.9 0.137941 1 0.137981 -3.99728e-05
605.35 0.141015 1 0.139346 0.00166849
605.8 0.140088 1 0.140698 -0.000609351
606.25 0.142162 1 0.142035 0.000127063
606.7 0.145235 1 0.143357 0.00187828
607.15 0.144309 1 0.144664 -0.000355163
607.6 0.147382 1 0.145955 0.00142724
608.05 0.149455 1 0.147229 0.00222599
608.5 0.149528 1 0.148486 0.00104155
608.95 0.1516 1 0.149726 0.00187438
609.39 0.150671 1 0.150921 -0.000249759
609.84 0.152744 1 0.152125 0.000618427
610.29 0.155816 1 0.153311 0.00250505
610.74 0.153888 1 0.154478 -0.000589552
611.19 0.15596 1 0.155625 0.000334918
611.64 0.156032 1 0.156753 -0.000721276
612.09 0.158104 1 0.157862 0.000242093
612.54 0.160175 1 0.15895 0.00122521
612.99 0.160247 1 0.160019 0.000228213
613.44 0.160318 1 0.161067 -0.0007488
613.88 0.162388 1 0.162072 0.000315265
614.33 0.159459 1 0.163081 -0.00362214
614.78 0.162529 1 0.164069 -0.00153957
615.23 0.1656 1 0.165037 0.000562846
615.68 0.166671 1 0.165986 0.000684946
616.13 0.164741 1 0.166915 -0.00217351
616.58 0.165811 1 0.167824 -0.00201282
617.03 0.169881 1 0.168715 0.00116666
617.47 0.16695 1 0.169568 -0.0026179
617.92 0.16802 1 0.170422 -0.00240264
618.37 0.168089 1 0.171259 -0.00317013
618.82 0.170159 1 0.17208 -0.00192101
619.27 0.170228 1 0.172884 -0.00265604
619.72 0.171297 1 0.173673 -0.00237603
620.17 0.171366 1 0.174448 -0.00308189
620.61 0.171434 1 0.175193 -0.00375937
621.06 0.170502 1 0.175943 -0.00544031
621.51 0.171571 1 0.176681 -0.00511035
621.96 0.173639 1 0.17741 -0.00377075
622.41 0.172707 1 0.17813 -0.00542288
622.86 0.173775 1 0.178844 -0.00506816
623.3 0.175842 1 0.179536 -0.00369399
623.75 0.17791 1 0.18024 -0.0023304
624.2 0.177977 1 0.180942 -0.00296485
624.65 0.176045 1 0.181644 -0.00559917
625.1 0.180112 1 0.182347 -0.00223526
625.54 0.179178 1 0.183038 -0.00386087
625.99 0.179245 1 0.183751 -0.00450649
626.44 0.182311 1 0.184471 -0.00216012
626.89 0.183378 1 0.185202 -0.00182404
627.34 0.183444 1 0.185945 -0.00250059
627.78 0.184509 1 0.186686 -0.00217664
628.23 0.185575 1 0.187461 -0.00188537
628.68 0.185641 1 0.188255 -0.00261416
629.13 0.187707 1 0.189073 -0.00136561
629.58 0.187773 1 0.189915 -0.00214241
630.02 0.191837 1 0.190766 0.00107095
630.47 0.191902 1 0.191666 0.000235981
630.92 0.190967 1 0.1926 -0.00163253
631.37 0.194032 1 0.193569 0.000462602
631.81 0.197095 1 0.194555 0.00253999
632.26 0.19616 1 0.195605 0.000554924
632.71 0.198224 1 0.196699 0.00152513
633.16 0.200289 1 0.197841 0.00244781
633.61 0.202353 1 0.199033 0.00332024
634.05 0.203415 1 0.200249 0.00316654
634.5 0.205479 1 0.201547 0.00393169
634.95 0.206543 1 0.202904 0.00363875
635.4 0.210606 1 0.204321 0.00628527
635.84 0.211668 1 0.205767 0.00590106
636.29 0.211731 1 0.20731 0.00442101
636.74 0.213794 1 0.20892 0.00487379
637.18 0.215855 1 0.210561 0.00529414
637.63 0.218918 1 0.212309 0.00660852
638.08 0.22198 1 0.214129 0.00785048
638.53 0.222042 1 0.216023 0.00601865
638.97 0.223103 1 0.217948 0.00515506
639.42 0.228164 1 0.21999 0.0081741
639.87 0.231226 1 0.222109 0.00911664
640.32 0.233287 1 0.224305 0.00898226
640.76 0.233347 1 0.226527 0.00682083
641.21 0.239408 1 0.228874 0.0105343
641.66 0.238469 1 0.231298 0.00717139
642.1 0.243529 1 0.233741 0.00978794
642.55 0.245589 1 0.236312 0.00927674
643 0.24665 1 0.238957 0.00769261
643.44 0.249708 1 0.241611 0.00809715
643.89 0.254768 1 0.244394 0.0103746
644.34 0.256828 1 0.247242 0.00958566
644.79 0.257888 1 0.250154 0.00773336
645.23 0.260946 1 0.253059 0.00788637
645.68 0.264005 1 0.256086 0.00791893
646.13 0.267064 1 0.259165 0.0078992
646.57 0.271121 1 0.262221 0.00890032
647.02 0.27118 1 0.265389 0.00579075
647.47 0.275239 1 0.268595 0.00664339
647.91 0.275296 1 0.271761 0.0035348
648.36 0.280354 1 0.275024 0.00532955
648.81 0.283411 1 0.278307 0.00510427
649.25 0.285468 1 0.28153 0.00393768
649.7 0.287525 1 0.284833 0.00269271
650.15 0.290583 1 0.288134 0.00244847
650.59 0.292638 1 0.291354 0.00128429
651.04 0.295695 1 0.294631 0.00106405
651.48 0.297751 1 0.297812 -6.14296e-05
651.93 0.300807 1 0.301033 -0.000226083
652.38 0.304864 1 0.304214 0.000649916
652.82 0.304919 1 0.307276 -0.00235704
653.27 0.303974 1 0.310349 -0.00637501
653.72 0.31003 1 0.313356 -0.00332617
654.16 0.311084 1 0.316223 -0.00513852
654.61 0.31114 1 0.319071 -0.00793104
655.06 0.313195 1 0.321825 -0.00862992
655.5 0.315249 1 0.324418 -0.00916964
655.95 0.311303 1 0.32696 -0.0156569
656.39 0.313357 1 0.329329 -0.0159726
656.84 0.323411 1 0.331625 -0.00821358
657.29 0.327465 1 0.333782 -0.00631724
657.73 0.327518 1 0.335751 -0.00823338
658.18 0.325571 1 0.337613 -0.0120411
658.62 0.324624 1 0.339276 -0.0146527
659.07 0.331677 1 0.340811 -0.00913394
659.52 0.32973 1 0.342169 -0.0124392
659.96 0.333782 1 0.343321 -0.00953885
660.41 0.333834 1 0.344311 -0.0104765
660.85 0.334886 1 0.345091 -0.0102048
661.3 0.333938 1 0.34569 -0.0117515
661.74 0.337989 1 0.346076 -0.00808745
662.19 0.338041 1 0.346264 -0.00822353
662.64 0.338092 1 0.346238 -0.00814583
663.08 0.337143 1 0.346002 -0.00885985
663.53 0.336194 1 0.345544 -0.00934979
663.97 0.338244 1 0.34488 -0.00663615
664.42 0.337294 1 0.343979 -0.00668487
664.86 0.336344 1 0.342881 -0.00653719
665.31 0.337394 1 0.341535 -0.00414049
665.75 0.336443 1 0.34 -0.00355701
666.2 0.335493 1 0.338209 -0.00271553
666.65 0.336543 1 0.336194 0.000349085
667.09 0.334591 1 0.33401 0.000581643
667.54 0.332641 1 0.331559 0.00108106
667.98 0.328689 1 0.328955 -0.000266788
668.43 0.332737 1 0.326082 0.00665492
668.87 0.327785 1 0.323073 0.0047122
669.32 0.325833 1 0.319794 0.0060392
669.76 0.32288 1 0.316397 0.00648289
670.21 0.320928 1 0.312734 0.00819397
670.65 0.317975 1 0.308974 0.00900139
671.1 0.313023 1 0.304951 0.00807148
671.54 0.313069 1 0.300852 0.0122164
671.99 0.310116 1 0.296499 0.0136169
672.43 0.304162 1 0.292092 0.0120699
672.88 0.296208 1 0.287439 0.00876941
673.32 0.297254 1 0.282755 0.0144983
673.77 0.2923 1 0.277837 0.0144628
674.21 0.284345 1 0.272911 0.0114333
674.66 0.27939 1 0.267764 0.0116268
675.1 0.276435 1 0.262632 0.0138031
675.55 0.26648 1 0.257292 0.00918815
675.99 0.262524 1 0.251991 0.0105332
676.44 0.256569 1 0.246497 0.0100717
676.88 0.251613 1 0.241065 0.010548
677.33 0.245657 1 0.235456 0.0102014
677.77 0.2377 1 0.229929 0.00777135
678.22 0.232744 1 0.224243 0.0085015
678.66 0.226787 1 0.218659 0.00812805
679.11 0.22083 1 0.212933 0.00789751
679.55 0.214872 1 0.207328 0.00754462
679.99 0.206914 1 0.201725 0.00518902
680.44 0.201957 1 0.196007 0.00595028
680.88 0.193999 1 0.190435 0.00356418
681.33 0.187041 1 0.184763 0.00227776
681.77 0.180082 1 0.179253 0.000829445
682.22 0.174124 1 0.17366 0.000464043
682.66 0.168164 1 0.16824 -7.58812e-05
683.11 0.160206 1 0.162755 -0.00254903
683.55 0.155246 1 0.157453 -0.00220736
683.99 0.148286 1 0.152219 -0.00393329
684.44 0.144327 1 0.146942 -0.00261502
684.88 0.138366 1 0.14186 -0.00349418
685.33 0.131406 1 0.136749 -0.00534303
685.77 0.126445 1 0.13184 -0.00539502
686.21 0.122484 1 0.127023 -0.00453878
686.66 0.115523 1 0.122194 -0.00667092
687.1 0.109562 1 0.117573 -0.00801118
687.55 0.106601 1 0.112951 -0.00635085
687.99 0.100638 1 0.108538 -0.00789971
688.44 0.0966768 1 0.104135 -0.00745778
688.88 0.0897141 1 0.0999385 -0.0102244
689.32 0.0877512 1 0.0958524 -0.00810123
689.77 0.0837889 1 0.0917885 -0.0079996
690.21 0.0798255 1 0.0879282 -0.00810273
690.65 0.0748619 1 0.0841807 -0.00931881
691.1 0.0698989 1 0.0804649 -0.0105661
691.54 0.0689348 1 0.0769461 -0.00801131
691.99 0.0639712 1 0.0734639 -0.00949272
692.43 0.0610066 1 0.0701728 -0.00916618
692.87 0.0590418 1 0.0669933 -0.00795148
693.32 0.0530775 1 0.0638559 -0.0107784
693.76 0.0501122 1 0.060899 -0.0107868
694.2 0.0501466 1 0.0580502 -0.00790358
694.65 0.0481816 1 0.0552468 -0.00706527
695.09 0.0432155 1 0.0526118 -0.00939632
695.53 0.0392492 1 0.0500798 -0.0108306
695.98 0.0392834 1 0.0475946 -0.00831124
696.42 0.0373166 1 0.0452647 -0.00794808
696.86 0.0373496 1 0.0430313 -0.00568177
697.31 0.034383 1 0.0408447 -0.00646172
697.75 0.0314154 1 0.0387996 -0.00738416
698.19 0.0304476 1 0.0368439 -0.00639622
698.64 0.0284803 1 0.0349335 -0.00645318
699.08 0.026512 1 0.0331508 -0.00663877
699.52 0.0255434 1 0.0314497 -0.00590624
699.97 0.0235753 1 0.0297916 -0.00621629
700.41 0.0226063 1 0.0282476 -0.00564135
700.85 0.019637 1 0.0267773 -0.00714033
701.3 0.0176681 1 0.025347 -0.00767892
701.74 0.0186983 1 0.0240176 -0.00531938
702.18 0.0167282 1 0.022754 -0.00602586
702.63 0.0167585 1 0.021527 -0.00476852
703.07 0.0137879 1 0.0203886 -0.00660068
703.51 0.0138171 1 0.0193082 -0.00549117
703.96 0.0138466 1 0.0182608 -0.00441423
704.4 0.0128752 1 0.0172905 -0.00441528
704.84 0.00990361 1 0.016371 -0.00646739
705.28 0.00993172 1 0.0155 -0.00556829
705.73 0.0119602 1 0.0146571 -0.00269688
706.17 0.0089878 1 0.0138775 -0.00488968
706.61 0.0100151 1 0.0131398 -0.0031247
707.06 0.00704282 1 0.0124267 -0.00538387
707.5 0.0100696 1 0.0117677 -0.00169813
707.94 0.0100962 1 0.0111448 -0.00104864
708.38 0.00712245 1 0.010556 -0.00343359
708.83 0.00614906 1 0.00998739 -0.00383833
709.27 0.00717481 1 0.0094624 -0.00228759
709.71 0.0042003 1 0.00896646 -0.00476616
710.15 0.00622552 1 0.00849801 -0.00227249
710.6 0.00725105 1 0.00804579 -0.000794743
711.04 0.00127574 1 0.00762845 -0.00635272
711.48 0.00230016 1 0.0072343 -0.00493414
711.92 0.00332432 1 0.00686204 -0.00353772
712.37 0.00234875 1 0.00650267 -0.00415393
712.81 0.00337236 1 0.00617099 -0.00279863
713.25 0.00239571 1 0.00585766 -0.00346195
713.69 0.00241879 1 0.00556163 -0.00314284
714.13 -0.000558397 1 0.00528191 -0.0058403
714.58 0.00246465 1 0.0050117 -0.00254704
715.02 0.000486919 1 0.0047621 -0.00427518
715.46 0.000508914 1 0.0045261 -0.00401719
715.9 -0.000469363 1 0.00430291 -0.00477227
716.35 -0.00144743 1 0.00408709 -0.00553452
716.79 0.000573746 1 0.00388753 -0.00331379
717.23 0.000594646 1 0.00369863 -0.00310398
717.67 0.00161527 1 0.00351976 -0.00190448
718.11 -0.00136438 1 0.00335032 -0.0047147
718.56 -0.00134384 1 0.00318622 -0.00453007
719 0.000675951 1 0.00303422 -0.00235827
719.44 0.00169547 1 0.00289009 -0.00119462
719.88 0.00271472 1 0.00275336 -3.86444e-05
720.32 0.00173368 1 0.00262361 -0.000889924
720.76 -0.00124763 1 0.00250042 -0.00374805
721.21 0.0017712 1 0.00238085 -0.00060965
721.65 0.00178932 1 0.00226983 -0.000480506
722.09 0.000807171 1 0.00216431 -0.00135714
722.53 -0.00117526 1 0.00206399 -0.00323925
722.97 0.00184202 1 0.00196856 -0.000126537
723.41 -0.000140969 1 0.00187776 -0.00201873
723.86 -0.00112387 1 0.00178942 -0.00291329
724.3 -0.000107432 1 0.00170722 -0.00181466
724.74 0.00190872 1 0.00162893 0.000279794
725.18 0.000924592 1 0.00155433 -0.000629736
725.62 -0.00105982 1 0.00148323 -0.00254305
726.06 0.00195548 1 0.00141544 0.000540039
726.5 0.0019705 1 0.0013508 0.000619698
726.95 0.00198556 1 0.00128777 0.000697792
727.39 0 1 0.001229 -0.001229
727.83 1.41532e-05 1 0.00117291 -0.00115876
728.27 0.00202802 1 0.00111937 0.000908648
728.71 0.00304161 1 0.00106826 0.00197335
729.15 0.00205491 1 0.00101945 0.00103546
729.59 6.79384e-05 1 0.000972833 -0.000904894
730.03 0.00108069 1 0.000928304 0.000152383
730.48 9.34416e-05 1 0.000884821 -0.000791379
730.92 0.00310564 1 0.00084422 0.00226142
731.36 0.00111756 1 0.000805424 0.000312136
731.8 0.00312921 1 0.000768351 0.00236086
732.24 0.0021406 1 0.000732921 0.00140768
732.68 0.00415172 1 0.00069906 0.00345266
733.12 0.00216258 1 0.000666697 0.00149588
733.56 0.00417318 1 0.000635766 0.00353741
734 0.00518351 1 0.000606203 0.00457731
734.44 0.00319359 1 0.000577947 0.00261564
734.89 0.00420363 1 0.000550341 0.00365329
735.33 0.000213196 1 0.000524557 -0.000311361
735.77 0.00522251 1 0.000499915 0.00472259
736.21 0.00223157 1 0.000476367 0.0017552
736.65 0.00324038 1 0.000453864 0.00278652
737.09 0.00624895 1 0.000432362 0.00581658
737.53 0.00325727 1 0.000411818 0.00284545
737.97 0.00426535 1 0.000392192 0.00387316
738.41 0.00327319 1 0.000373443 0.00289974
738.85 0.00628079 1 0.000355535 0.00592525
739.29 0.00128815 1 0.000338432 0.000949719
739.73 0.00529528 1 0.000322099 0.00497318
740.17 0.00130218 1 0.000306505 0.000995671
740.61 0.00230884 1 0.000291616 0.00201722
741.05 0.00531528 1 0.000277405 0.00503787
741.49 0.00432149 1 0.000263841 0.00405764
741.93 0.00632747 1 0.000250896 0.00607657
742.37 0.00333323 1 0.000238546 0.00309468
742.81 0.00333877 1 0.000226764 0.003112
743.26 0.00534421 1 0.000215276 0.00512893
743.7 0.0013493 1 0.000204569 0.00114473
744.14 0.00435418 1 0.00019436 0.00415982
744.58 0.00435885 1 0.000184628 0.00417422
745.02 0.00536331 1 0.000175351 0.00518796
745.46 0.00336755 1 0.000166509 0.00320105
745.9 0.00337159 1 0.000158085 0.00321351
746.34 0.00437542 1 0.000150059 0.00422537
746.78 0.00737905 1 0.000142414 0.00723664
747.22 0.00438248 1 0.000135134 0.00424735
747.66 0.0043857 1 0.000128201 0.0042575
748.1 0.00438873 1 0.000121602 0.00426713
748.54 0.00339156 1 0.000115321 0.00327624
748.98 0.0033942 1 0.000109344 0.00328485
749.42 0.00639664 1 0.000103657 0.00629298
749.86 0.0033989 1 9.82477e-05 0.00330065
750.29 0.00340091 1 9.32169e-05 0.0033077
750.73 0.0054028 1 8.83191e-05 0.00531448
751.17 0.00540449 1 8.36629e-05 0.00532083
751.61 0.00540601 1 7.9237e-05 0.00532677
752.05 0.00440734 1 7.50311e-05 0.00433231
752.49 0.00340849 1 7.10349e-05 0.00333746
752.93 0.00240947 1 6.72387e-05 0.00234223
753.37 0.00541027 1 6.36333e-05 0.00534663
753.81 0.00241089 1 6.02097e-05 0.00235068
754.25 0.00341135 1 5.69595e-05 0.00335439
754.69 0.00541163 1 5.38744e-05 0.00535776
755.13 0.00641175 1 5.09466e-05 0.00636081
755.57 0.0034117 1 4.81688e-05 0.00336354
756.01 0.00241149 1 4.55337e-05 0.00236596
756.45 0.000411118 1 4.30345e-05 0.000368083
756.89 0.00441058 1 4.06647e-05 0.00436992
757.33 0.00340989 1 3.8418e-05 0.00337147
757.77 0.00440904 1 3.62885e-05 0.00437275
758.21 0.00440804 1 3.42705e-05 0.00437377
758.64 0.00140691 1 3.24008e-05 0.00137451
759.08 0.00140561 1 3.05874e-05 0.00137502
759.52 0.00340416 1 2.88699e-05 0.00337529
759.96 0.00340256 1 2.72436e-05 0.00337532
760.4 0.00340082 1 2.5704e-05 0.00337511
760.84 0.000398931 1 2.42468e-05 0.000374684
761.28 0.0013969 1 2.28678e-05 0.00137404
761.72 0.00339474 1 2.1563e-05 0.00337318
762.16 0.00239244 1 2.03288e-05 0.00237211
762.6 -0.000610003 1 1.91616e-05 -0.000629165
763.03 0.00138749 1 1.80823e-05 0.0013694
763.47 0.00238479 1 1.70376e-05 0.00236775
763.91 0.00338196 1 1.60502e-05 0.00336591
764.35 0.001379 1 1.5117e-05 0.00136388
764.79 0.000375915 1 1.42354e-05 0.00036168
765.23 0.00237271 1 1.34027e-05 0.00235931
765.67 0.000369379 1 1.26162e-05 0.000356763
766.11 0.00536593 1 1.18736e-05 0.00535406
766.54 0.00336245 1 1.11881e-05 0.00335126
766.98 -0.000641234 1 1.05255e-05 -0.00065176
767.42 0.00235497 1 9.9003e-06 0.00234507
767.86 0.00435106 1 9.31044e-06 0.00434175
768.3 0.00134705 1 8.75404e-06 0.00133829
768.74 0.00334292 1 8.22931e-06 0.00333469
769.17 0.00233879 1 7.74546e-06 0.00233104
769.61 0.00233445 1 7.27842e-06 0.00232717
770.05 0.00133001 1 6.83823e-06 0.00132317
770.49 0.00432547 1 6.42342e-06 0.00431905
770.93 0.000320837 1 6.03262e-06 0.000314804
771.37 0.0043161 1 5.6645e-06 0.00431044
771.8 0.000311383 1 5.32547e-06 0.000306057
772.24 -0.00169354 1 4.99861e-06 -0.00169854
772.68 0.00130145 1 4.6909e-06 0.00129676
773.12 0.000296347 1 4.40129e-06 0.000291946
773.56 0.00329116 1 4.12877e-06 0.00328703
774 0.00128588 1 3.87238e-06 0.00128201
774.43 0.00328065 1 3.63653e-06 0.00327701
774.87 -0.00172479 1 3.4094e-06 -0.0017282
775.31 0.00226969 1 3.19585e-06 0.00226649
775.75 0.00226409 1 2.9951e-06 0.0022611
776.19 0.00125842 1 2.80642e-06 0.00125561
776.62 0.000252802 1 2.63303e-06 0.000250169
777.06 0.00124698 1 2.46622e-06 0.00124452
777.5 0.0052411 1 2.30954e-06 0.00523879
777.94 0.000235139 1 2.16239e-06 0.000232977
778.37 0.00222925 1 2.02728e-06 0.00222723
778.81 -0.000776833 1 1.8974e-06 -0.00077873
779.25 -0.000782982 1 1.77549e-06 -0.000784758
779.69 0.00221081 1 1.6611e-06 0.00220915
780.13 -0.000795462 1 1.55378e-06 -0.000797016
780.56 -0.00180164 1 1.45533e-06 -0.0018031
781 0.000191976 1 1.36079e-06 0.000190615
781.44 -0.000814458 1 1.27214e-06 -0.00081573
781.88 0.00117906 1 1.18905e-06 0.00117787
782.31 -0.00282733 1 1.11288e-06 -0.00282844
782.75 0.000166092 1 1.03978e-06 0.000165052
783.19 0.000159465 1 9.71307e-07 0.000158494
783.63 -0.000847205 1 9.07165e-07 -0.000848112
784.06 0.00214624 1 8.48418e-07 0.00214539
784.5 0.00113949 1 7.9209e-07 0.00113869
784.94 0.0021327 1 7.3936e-07 0.00213196
785.37 0.000126027 1 6.91093e-07 0.000125336
785.81 0.000119168 1 6.44841e-07 0.000118523
786.25 -0.00288772 1 6.01569e-07 -0.00288832
786.69 0.000105356 1 5.61093e-07 0.000104795
787.12 0.00409856 1 5.24072e-07 0.00409804
787.56 9.15885e-05 1 4.88625e-07 9.10998e-05
788 -0.00191541 1 4.55487e-07 -0.00191587
788.43 7.77244e-05 1 4.25196e-07 7.72992e-05
788.87 0.00307068 1 3.9621e-07 0.00307028
789.31 0.00206362 1 3.69128e-07 0.00206325
789.75 0.00105654 1 3.43832e-07 0.00105619
790.18 0.0020496 1 3.20726e-07 0.00204928
790.62 0.0010425 1 2.98633e-07 0.0010422
791.06 3.53766e-05 1 2.78009e-07 3.50986e-05
791.49 0.00402841 1 2.59182e-07 0.00402815
791.93 -0.00397873 1 2.4119e-07 -0.00397897
792.37 1.41312e-05 1 2.24404e-07 1.39068e-05
792.8 7.14775e-06 1 2.0909e-07 6.93865e-06
793.24 0 1 1.94465e-07 -1.94465e-07
793.68 0.000992852 1 1.80827e-07 0.000992671
794.11 0.00298587 1 1.68393e-07 0.0029857
794.55 0.00197873 1 1.56524e-07 0.00197857
794.99 0.00297159 1 1.45464e-07 0.00297144
795.42 0.000964623 1 1.35386e-07 0.000964488
795.86 0.0039575 1 1.25772e-07 0.00395738
796.3 0.0019504 1 1.16818e-07 0.00195028
796.73 -5.65379e-05 1 1.08663e-07 -5.66466e-05
797.17 -0.00106362 1 1.00889e-07 -0.00106372
797.61 0.00192932 1 9.36531e-08 0.00192923
798.04 0.000922435 1 8.7067e-08 0.000922348
798.48 -0.00208459 1 8.07915e-08 -0.00208467
798.91 0.00390857 1 7.5082e-08 0.0039085
799.35 -9.84061e-05 1 6.96439e-08 -9.84757e-05
799.79 -0.00110536 1 6.45873e-08 -0.00110542
800.22 0.00188788 1 5.99894e-08 0.00188782
800.66 0.000880988 1 5.56126e-08 0.000880933
801.1 0.00487413 1 5.15452e-08 0.00487408
