500.34 -0.000697655 1 5.88828e-05 -0.000756537
500.8 0.000402942 1 6.25308e-05 0.000340412
501.25 0.000501355 1 6.63041e-05 0.000435051
501.71 -0.000398044 1 7.03815e-05 -0.000468425
502.17 -0.00229744 1 7.46933e-05 -0.00237213
502.62 -0.000199023 1 7.91502e-05 -0.000278174
503.08 -0.00109842 1 8.39629e-05 -0.00118238
503.53 0 1 8.89353e-05 -8.89353e-05
503.99 0.000100605 1 9.43023e-05 6.30314e-06
504.44 -0.000800977 1 9.98448e-05 -0.000900821
504.9 -0.00170037 1 0.000105824 -0.0018062
505.36 0.000400231 1 0.000112138 0.000288093
505.81 0.00149865 1 0.000118653 0.00137999
506.27 0.000599244 1 0.000125677 0.000473567
506.72 0.00169765 1 0.000132923 0.00156473
507.18 0.00179825 1 0.000140732 0.00165752
507.63 -0.000103347 1 0.000148782 -0.00025213
508.09 0.00199724 1 0.000157454 0.00183979
508.54 -0.000904364 1 0.000166392 -0.00107076
509 0.00219621 1 0.000176014 0.0020202
509.45 0.000294602 1 0.000185926 0.000108676
509.91 0.000395171 1 0.000196593 0.000198578
510.36 -0.000506453 1 0.000207576 -0.000714029
510.82 0.0025941 1 0.000219391 0.00237471
511.27 -0.000307531 1 0.00023155 -0.000539081
511.73 0.00179301 1 0.000244623 0.00154839
512.19 -0.000106452 1 0.000258378 -0.00036483
512.64 -0.00100811 1 0.000272525 -0.00128063
513.1 9.24107e-05 1 0.000287724 -0.000195313
513.55 -0.000809263 1 0.000303349 -0.00111261
514.01 0.00029124 1 0.00032013 -2.88898e-05
514.46 0.00338955 1 0.000337372 0.00305218
514.92 0.00149003 1 0.000355881 0.00113415
515.37 0.00358832 1 0.00037489 0.00321343
515.83 0.000688784 1 0.000395287 0.000293497
516.28 0.000787052 1 0.000416225 0.000370827
516.73 0.00288531 1 0.000438181 0.00244713
517.19 0.00198574 1 0.000461723 0.00152402
517.64 0.00208397 1 0.000485874 0.0015981
518.1 0.00118438 1 0.000511757 0.000672619
518.55 0.00228259 1 0.000538297 0.00174429
519.01 0.000382963 1 0.000566728 -0.000183765
519.46 0.00148115 1 0.000595868 0.000885277
519.92 0.0015815 1 0.000627069 0.000954426
520.37 -0.000320351 1 0.000659032 -0.000979383
520.83 0.00177997 1 0.000693241 0.00108673
521.28 0.00187809 1 0.00072827 0.00114982
521.74 0.00297838 1 0.000765742 0.00221264
522.19 0.00307648 1 0.000804094 0.00227238
522.65 0.00217673 1 0.000845103 0.00133163
523.1 0.00227479 1 0.000887055 0.00138774
523.55 0.000372835 1 0.000930896 -0.000558061
524.01 0.00347304 1 0.00097774 0.0024953
524.46 0.00457105 1 0.00102563 0.00354542
524.92 -0.000328786 1 0.00107678 -0.00140556
525.37 0.00276918 1 0.00112904 0.00164015
525.83 0.00286931 1 0.00118483 0.00168448
526.28 0.00196725 1 0.00124181 0.000725434
526.73 0.00106516 1 0.00130126 -0.000236104
527.19 0.00316523 1 0.00136468 0.00180054
527.64 0.0022631 1 0.00142941 0.000833685
528.1 0.00236312 1 0.00149843 0.000864692
528.55 0.00446095 1 0.00156884 0.00289211
529.01 0.00356093 1 0.00164388 0.00191705
529.46 0.00265872 1 0.0017204 0.000938318
529.91 0.00175648 1 0.00180011 -4.36235e-05
530.37 0.0038564 1 0.00188499 0.0019714
530.82 0.00595411 1 0.00197149 0.00398262
531.28 0.00405398 1 0.00206357 0.00199041
531.73 0.00415164 1 0.00215735 0.0019943
532.18 0.00624929 1 0.00225492 0.00399437
532.64 0.00634908 1 0.00235871 0.00399037
533.09 0.00544667 1 0.00246434 0.00298233
533.54 0.00354424 1 0.00257417 0.00097007
534 0.00564395 1 0.00269092 0.00295303
534.45 0.00674147 1 0.00280966 0.00393181
534.91 0.00484112 1 0.00293582 0.0019053
535.36 0.00593858 1 0.00306407 0.00287451
535.81 0.00603602 1 0.00319726 0.00283876
536.27 0.00513559 1 0.00333867 0.00179692
536.72 0.00623297 1 0.00348232 0.00275065
537.17 0.00833032 1 0.00363139 0.00469893
537.63 0.0074298 1 0.00378955 0.00364024
538.08 0.00952709 1 0.00395011 0.00557698
538.54 0.00962651 1 0.00412038 0.00550613
538.99 0.00972374 1 0.00429313 0.0054306
539.44 0.0108209 1 0.0044722 0.00634873
539.9 0.00992026 1 0.00466196 0.0052583
540.35 0.0100174 1 0.00485436 0.00516304
540.8 0.0091145 1 0.00505365 0.00406086
541.26 0.0102137 1 0.00526468 0.00494905
541.71 0.0123108 1 0.00547849 0.00683227
542.16 0.0104078 1 0.0056998 0.00470797
542.62 0.0135069 1 0.00593399 0.00757291
543.07 0.0116038 1 0.00617109 0.00543275
543.52 0.0117007 1 0.00641632 0.00528443
543.98 0.0137998 1 0.00667563 0.00712413
544.43 0.0148966 1 0.00693799 0.00795861
544.88 0.0139934 1 0.00720914 0.00678426
545.34 0.0140923 1 0.00749566 0.00659665
545.79 0.015189 1 0.00778532 0.00740372
546.24 0.0132857 1 0.00808448 0.00520124
546.69 0.0163824 1 0.00839339 0.00798899
547.15 0.0154811 1 0.00871948 0.00676166
547.6 0.0175777 1 0.00904883 0.00852888
548.05 0.0166743 1 0.00938866 0.0072856
548.51 0.0177729 1 0.00974713 0.00802578
548.96 0.0168694 1 0.0101089 0.00676046
549.41 0.0179658 1 0.0104819 0.00748386
549.86 0.0190622 1 0.0108664 0.00819573
550.32 0.0211606 1 0.0112716 0.00988901
550.77 0.019257 1 0.0116802 0.00757677
551.22 0.0193532 1 0.012101 0.0072522
551.68 0.0214516 1 0.0125441 0.00890742
552.13 0.0225477 1 0.0129906 0.00955713
552.58 0.0226439 1 0.0134502 0.00919372
553.03 0.02374 1 0.013923 0.00981692
553.49 0.0208382 1 0.0144205 0.00641763
553.94 0.0249342 1 0.0149212 0.0100129
554.39 0.0270301 1 0.0154361 0.011594
554.84 0.025126 1 0.0159654 0.00916066
555.3 0.025224 1 0.0165216 0.00870241
555.75 0.0263199 1 0.0170809 0.00923894
556.2 0.0274157 1 0.0176555 0.00976018
556.65 0.0285114 1 0.0182455 0.0102659
557.11 0.0296092 1 0.018865 0.0107442
557.56 0.0297049 1 0.0194873 0.0102176
558.01 0.0308005 1 0.0201258 0.0106746
558.46 0.028896 1 0.020781 0.00811502
558.92 0.0319936 1 0.0214681 0.0105255
559.37 0.0330891 1 0.0221576 0.0109315
559.82 0.0321845 1 0.0228644 0.00932006
560.27 0.0322799 1 0.0235889 0.00869094
560.72 0.0333752 1 0.0243313 0.00904391
561.18 0.0334725 1 0.0251088 0.00836372
561.63 0.0365678 1 0.0258881 0.0106797
562.08 0.0356629 1 0.0266859 0.00897701
562.53 0.035758 1 0.0275026 0.00825543
562.99 0.0368552 1 0.0283572 0.00849805
563.44 0.0379502 1 0.0292126 0.00873756
563.89 0.0390452 1 0.0300877 0.00895751
564.34 0.0401401 1 0.0309824 0.00915766
564.79 0.0402349 1 0.0318971 0.00833782
565.25 0.0423318 1 0.0328529 0.00947888
565.7 0.0424266 1 0.0338086 0.00861799
566.15 0.0415212 1 0.0347847 0.00673651
566.6 0.0436159 1 0.0357816 0.00783428
567.05 0.0447105 1 0.0367994 0.00791111
567.5 0.046805 1 0.0378382 0.00896684
567.96 0.0459016 1 0.0389219 0.00697962
568.41 0.047996 1 0.0400038 0.00799222
568.86 0.0480903 1 0.041107 0.00698329
569.31 0.0481846 1 0.0422319 0.0059527
569.76 0.0492789 1 0.0433786 0.00590033
570.21 0.0523731 1 0.044547 0.00782608
570.67 0.0484693 1 0.0457641 0.00270524
571.12 0.0505634 1 0.0469769 0.00358646
571.57 0.0526574 1 0.0482118 0.00444556
572.02 0.0547513 1 0.0494689 0.00528247
572.47 0.0538452 1 0.0507481 0.00309715
572.92 0.0549391 1 0.0520495 0.00288956
573.37 0.0590328 1 0.0533731 0.00565969
573.83 0.0581286 1 0.0547492 0.00337946
574.28 0.0592223 1 0.0561178 0.00310452
574.73 0.0613159 1 0.0575086 0.00380733
575.18 0.0624094 1 0.0589215 0.00348792
575.63 0.0605029 1 0.0603565 0.000146339
576.08 0.0625963 1 0.0618136 0.000782661
576.53 0.0626896 1 0.0632927 -0.000603032
576.98 0.0637829 1 0.0647936 -0.00101064
577.44 0.0668782 1 0.0663503 0.000527939
577.89 0.0669714 1 0.067895 -0.000923617
578.34 0.0690645 1 0.0694611 -0.000396688
578.79 0.0681575 1 0.0710486 -0.00289111
579.24 0.0692504 1 0.0726571 -0.00340669
579.69 0.0713433 1 0.0742866 -0.00294324
580.14 0.0744362 1 0.0759367 -0.00150053
580.59 0.0735289 1 0.0776073 -0.00407832
581.04 0.0766216 1 0.079298 -0.00267637
581.49 0.0777143 1 0.0810087 -0.0032944
581.95 0.0798089 1 0.0827776 -0.00296872
582.4 0.0809014 1 0.0845276 -0.00362623
582.85 0.0819938 1 0.0862966 -0.00430278
583.3 0.0840862 1 0.0880842 -0.00399801
583.75 0.0851784 1 0.08989 -0.00471156
584.2 0.0872707 1 0.0917137 -0.00444304
584.65 0.0903628 1 0.0935549 -0.00319205
585.1 0.0914549 1 0.095413 -0.00395816
585.55 0.0925469 1 0.0972878 -0.00474092
586 0.0926388 1 0.0991787 -0.00653987
586.45 0.0957307 1 0.101085 -0.00535452
586.9 0.0988225 1 0.103007 -0.00418438
587.35 0.0989142 1 0.104943 -0.00602892
587.8 0.101006 1 0.106893 -0.0058876
588.25 0.103097 1 0.108857 -0.00575987
588.71 0.105191 1 0.110878 -0.00568717
589.16 0.109282 1 0.112868 -0.00358511
589.61 0.109374 1 0.114869 -0.00549482
590.06 0.113465 1 0.116881 -0.00341567
590.51 0.112556 1 0.118903 -0.00634702
590.96 0.115647 1 0.120936 -0.00528818
591.41 0.119738 1 0.122977 -0.00323847
591.86 0.118829 1 0.125027 -0.00619719
592.31 0.12292 1 0.127084 -0.00416362
592.76 0.124011 1 0.129148 -0.00513702
593.21 0.124102 1 0.131219 -0.00711663
593.66 0.129193 1 0.133294 -0.00410169
594.11 0.132283 1 0.135375 -0.00309141
594.56 0.132374 1 0.137459 -0.00508499
595.01 0.135464 1 0.139546 -0.00408162
595.46 0.136555 1 0.141635 -0.00508047
595.91 0.140645 1 0.143726 -0.00308071
596.36 0.140735 1 0.145817 -0.00508149
596.81 0.143825 1 0.147907 -0.00408193
597.26 0.145915 1 0.149996 -0.00408117
597.71 0.148005 1 0.152083 -0.00407832
598.16 0.153095 1 0.154168 -0.00107249
598.61 0.156185 1 0.156248 -6.27809e-05
599.06 0.155275 1 0.158323 -0.00304828
599.51 0.158364 1 0.160392 -0.00202806
599.96 0.159454 1 0.162455 -0.00300122
600.41 0.163543 1 0.16451 -0.000966819
600.86 0.165633 1 0.166557 -0.00092393
601.31 0.166722 1 0.168594 -0.00187162
601.76 0.171811 1 0.17062 0.00119104
602.21 0.1749 1 0.172635 0.002265
602.65 0.176987 1 0.174594 0.00239357
603.1 0.175076 1 0.176584 -0.0015074
603.55 0.178165 1 0.178559 -0.000394314
604 0.182254 1 0.18052 0.00173376
604.45 0.185343 1 0.182465 0.00287773
604.9 0.184431 1 0.184393 3.85091e-05
605.35 0.19052 1 0.186303 0.00421699
605.8 0.192608 1 0.188194 0.00441405
606.25 0.190697 1 0.190066 0.000630576
606.7 0.193785 1 0.191917 0.00186741
607.15 0.196873 1 0.193748 0.0031254
607.6 0.196961 1 0.195556 0.00140535
608.05 0.199049 1 0.197341 0.00170807
608.5 0.202137 1 0.199103 0.00303432
608.95 0.202225 1 0.20084 0.00138485
609.39 0.205311 1 0.202514 0.00279619
609.84 0.204398 1 0.204201 0.000196813
610.29 0.206486 1 0.205862 0.000623746
610.74 0.208573 1 0.207496 0.0010776
611.19 0.210661 1 0.209102 0.00155895
611.64 0.212748 1 0.21068 0.00206832
612.09 0.213835 1 0.212229 0.0016062
612.54 0.215922 1 0.213749 0.002173
612.99 0.216009 1 0.21524 0.000769124
613.44 0.216096 1 0.216701 -0.000605124
613.88 0.219181 1 0.218101 0.00108007
614.33 0.220268 1 0.219503 0.000765133
614.78 0.220354 1 0.220874 -0.000519587
615.23 0.220441 1 0.222215 -0.00177403
615.68 0.223527 1 0.223525 1.77825e-06
616.13 0.222614 1 0.224806 -0.00219225
616.58 0.2227 1 0.226056 -0.0033563
617.03 0.224786 1 0.227277 -0.00249065
617.47 0.22687 1 0.228441 -0.0015714
617.92 0.224956 1 0.229604 -0.00464814
618.37 0.229042 1 0.230738 -0.00169654
618.82 0.229128 1 0.231845 -0.00271724
619.27 0.228213 1 0.232924 -0.00471104
619.72 0.229299 1 0.233977 -0.00467879
620.17 0.229384 1 0.235006 -0.00562151
620.61 0.228468 1 0.235988 -0.00752015
621.06 0.229553 1 0.23697 -0.00741677
621.51 0.229638 1 0.23793 -0.00829205
621.96 0.232723 1 0.23887 -0.0061475
622.41 0.232808 1 0.239793 -0.00698474
622.86 0.232893 1 0.240698 -0.00780555
623.3 0.234976 1 0.24157 -0.00659406
623.75 0.23506 1 0.242448 -0.00738813
624.2 0.236145 1 0.243317 -0.00717185
624.65 0.236229 1 0.244177 -0.00794758
625.1 0.240313 1 0.245031 -0.00471779
625.54 0.239396 1 0.245864 -0.00646805
625.99 0.23748 1 0.246715 -0.00923519
626.44 0.240564 1 0.247569 -0.00700503
626.89 0.241648 1 0.248428 -0.00678063
627.34 0.241732 1 0.249297 -0.00756516
627.78 0.244813 1 0.250157 -0.00534407
628.23 0.247897 1 0.251053 -0.00315617
628.68 0.24698 1 0.251968 -0.00498746
629.13 0.247064 1 0.252905 -0.00584164
629.58 0.250147 1 0.25387 -0.0037225
630.02 0.253228 1 0.254842 -0.00161334
630.47 0.253311 1 0.25587 -0.00255858
630.92 0.254394 1 0.256937 -0.00254242
631.37 0.258477 1 0.258046 0.000431005
631.81 0.260558 1 0.259176 0.00138186
632.26 0.260641 1 0.260382 0.000258257
632.71 0.262723 1 0.261644 0.00107922
633.16 0.266805 1 0.262965 0.00384042
633.61 0.266888 1 0.26435 0.00253754
634.05 0.266968 1 0.265771 0.00119753
634.5 0.27005 1 0.267295 0.00275528
634.95 0.274132 1 0.268896 0.00523626
635.4 0.277214 1 0.270578 0.00663633
635.84 0.278294 1 0.272304 0.00598985
636.29 0.282375 1 0.274157 0.00821813
636.74 0.284457 1 0.276103 0.00835384
637.18 0.287536 1 0.278098 0.00943802
637.63 0.288618 1 0.280237 0.00838021
638.08 0.292699 1 0.282479 0.0102197
638.53 0.29478 1 0.284826 0.00995346
638.97 0.296859 1 0.287226 0.00963282
639.42 0.29994 1 0.28979 0.0101499
639.87 0.30302 1 0.292466 0.0105542
640.32 0.305101 1 0.295257 0.00984387
640.76 0.31018 1 0.298098 0.0120817
641.21 0.31526 1 0.301119 0.0141412
641.66 0.31634 1 0.304257 0.0120832
642.1 0.319418 1 0.307439 0.0119794
642.55 0.322498 1 0.310809 0.0116892
643 0.327578 1 0.314296 0.0132826
643.44 0.330656 1 0.317816 0.0128404
643.89 0.336736 1 0.321528 0.015208
644.34 0.337815 1 0.325351 0.0124646
644.79 0.343895 1 0.329281 0.0146134
645.23 0.346972 1 0.333225 0.0137468
645.68 0.349051 1 0.337358 0.011693
646.13 0.35113 1 0.341587 0.0095435
646.57 0.357207 1 0.345809 0.0113987
647.02 0.358286 1 0.35021 0.00807596
647.47 0.366365 1 0.35469 0.0116749
647.91 0.369442 1 0.359139 0.0103028
648.36 0.37052 1 0.363752 0.0067683
648.81 0.374598 1 0.36842 0.00617824
649.25 0.379675 1 0.37303 0.00664487
649.7 0.382753 1 0.377781 0.00497128
650.15 0.38683 1 0.382561 0.00426987
650.59 0.390907 1 0.387251 0.00365596
651.04 0.396984 1 0.392054 0.00493047
651.48 0.39906 1 0.396746 0.0023142
651.93 0.403137 1 0.401529 0.00160881
652.38 0.408215 1 0.406283 0.00193141
652.82 0.40829 1 0.410893 -0.00260302
653.27 0.407367 1 0.415555 -0.00818805
653.72 0.416444 1 0.420151 -0.00370708
654.16 0.420519 1 0.424568 -0.00404913
654.61 0.420596 1 0.428994 -0.00839837
655.06 0.424672 1 0.433314 -0.00864161
655.5 0.428747 1 0.437422 -0.00867495
655.95 0.429823 1 0.441491 -0.0116683
656.39 0.429897 1 0.445328 -0.0154311
656.84 0.433973 1 0.449095 -0.0151212
657.29 0.440049 1 0.452687 -0.0126379
657.73 0.442123 1 0.456019 -0.0138961
658.18 0.441199 1 0.45923 -0.0180311
658.62 0.445273 1 0.462164 -0.0168916
659.07 0.449348 1 0.464943 -0.0155954
659.52 0.451423 1 0.467486 -0.0160634
659.96 0.451496 1 0.469734 -0.0182375
660.41 0.456571 1 0.471777 -0.0152058
660.85 0.457644 1 0.473515 -0.0158711
661.3 0.458719 1 0.475019 -0.0162995
661.74 0.464792 1 0.476211 -0.011419
662.19 0.463866 1 0.477139 -0.0132723
662.64 0.463941 1 0.477764 -0.0138232
663.08 0.463013 1 0.478076 -0.015063
663.53 0.465087 1 0.478084 -0.0129969
663.97 0.466159 1 0.477782 -0.0116229
664.42 0.464233 1 0.477153 -0.0129199
664.86 0.467305 1 0.476221 -0.00891602
665.31 0.472378 1 0.474942 -0.00256339
665.75 0.46745 1 0.473371 -0.00592075
666.2 0.466523 1 0.471436 -0.00491295
666.65 0.470596 1 0.46917 0.00142586
667.09 0.468667 1 0.466636 0.00203139
667.54 0.46374 1 0.46372 1.97195e-05
667.98 0.460811 1 0.460556 0.000254882
668.43 0.461883 1 0.457004 0.00487976
668.87 0.458954 1 0.453226 0.00572833
669.32 0.455026 1 0.449057 0.00596962
669.76 0.451097 1 0.444688 0.00640853
670.21 0.450168 1 0.439929 0.0102393
670.65 0.445239 1 0.435 0.010239
671.1 0.44031 1 0.429684 0.0106258
671.54 0.43938 1 0.424229 0.0151509
671.99 0.433451 1 0.418397 0.0150548
672.43 0.427521 1 0.412457 0.0150643
672.88 0.421592 1 0.406151 0.015441
673.32 0.418661 1 0.399772 0.0188895
673.77 0.413732 1 0.393042 0.0206903
674.21 0.402801 1 0.386273 0.0165285
674.66 0.395871 1 0.37917 0.0167014
675.1 0.39194 1 0.372063 0.0198767
675.55 0.37901 1 0.364644 0.0143668
675.99 0.373079 1 0.357254 0.0158247
676.44 0.364149 1 0.349573 0.0145752
676.88 0.357217 1 0.341957 0.0152597
677.33 0.347286 1 0.334073 0.013213
677.77 0.337354 1 0.326287 0.0110676
678.22 0.329424 1 0.318257 0.0111661
678.66 0.321491 1 0.310356 0.0111346
679.11 0.30956 1 0.302239 0.00732133
679.55 0.301627 1 0.294279 0.00734882
679.99 0.294694 1 0.286309 0.00838568
680.44 0.284763 1 0.278161 0.00660164
680.88 0.27383 1 0.270211 0.00361893
681.33 0.266898 1 0.262109 0.00478936
681.77 0.256965 1 0.254227 0.00273795
682.22 0.246033 1 0.246218 -0.000185744
682.66 0.240099 1 0.23845 0.00164838
683.11 0.228166 1 0.230581 -0.00241434
683.55 0.220232 1 0.222969 -0.00273663
683.99 0.212298 1 0.215449 -0.00315046
684.44 0.205365 1 0.207861 -0.00249566
684.88 0.198431 1 0.200552 -0.00212074
685.33 0.187498 1 0.193196 -0.00569847
685.77 0.178563 1 0.186129 -0.0075659
686.21 0.173628 1 0.179191 -0.00556321
686.66 0.162694 1 0.172236 -0.00954187
687.1 0.153759 1 0.165578 -0.0118194
687.55 0.148825 1 0.15892 -0.0100952
687.99 0.142889 1 0.152562 -0.00967242
688.44 0.136955 1 0.146218 -0.00926303
688.88 0.127019 1 0.140174 -0.013155
689.32 0.123083 1 0.13429 -0.0112069
689.77 0.117149 1 0.12844 -0.011291
690.21 0.111212 1 0.122884 -0.011672
690.65 0.104276 1 0.117493 -0.0132176
691.1 0.0993406 1 0.112151 -0.0128103
691.54 0.0934038 1 0.107094 -0.0136906
691.99 0.0894683 1 0.102094 -0.0126255
692.43 0.0865312 1 0.0973708 -0.0108397
692.87 0.0815939 1 0.0928115 -0.0112176
693.32 0.0746579 1 0.0883163 -0.0136584
693.76 0.0727203 1 0.0840835 -0.0113632
694.2 0.0687826 1 0.0800093 -0.0112268
694.65 0.0648461 1 0.0760043 -0.0111582
695.09 0.058908 1 0.0722439 -0.0133358
695.53 0.0579698 1 0.0686345 -0.0106647
695.98 0.0540328 1 0.0650964 -0.0110635
696.42 0.0530943 1 0.0617834 -0.00868908
696.86 0.0491556 1 0.058612 -0.00945641
697.31 0.0482181 1 0.0555114 -0.00729329
697.75 0.0422791 1 0.0526158 -0.0103366
698.19 0.0403399 1 0.0498509 -0.00951091
698.64 0.037402 1 0.0471544 -0.00975245
699.08 0.0344625 1 0.0446424 -0.0101799
699.52 0.0335228 1 0.0422495 -0.00872666
699.97 0.0315844 1 0.0399213 -0.00833694
700.41 0.0306444 1 0.0377573 -0.00711292
700.85 0.0297042 1 0.0357004 -0.00599622
701.3 0.0247652 1 0.0337036 -0.00893831
701.74 0.0248248 1 0.0318514 -0.00702663
702.18 0.0208841 1 0.0300945 -0.0092104
702.63 0.0209446 1 0.0283922 -0.00744759
703.07 0.0180037 1 0.0268163 -0.00881267
703.51 0.0170625 1 0.0253242 -0.00826169
703.96 0.0171226 1 0.023881 -0.00675848
704.4 0.0161811 1 0.0225472 -0.00636617
704.84 0.0152394 1 0.0212864 -0.00604695
705.28 0.0122976 1 0.020095 -0.00779741
705.73 0.014357 1 0.018945 -0.00458807
706.17 0.0104148 1 0.0178842 -0.0074694
706.61 0.0124725 1 0.0168832 -0.00441065
707.06 0.00953134 1 0.015918 -0.00638666
707.5 0.00758869 1 0.0150287 -0.00743998
707.94 0.00964587 1 0.0141903 -0.00454441
708.38 0.00670288 1 0.0134001 -0.00669724
708.83 0.00776102 1 0.0126392 -0.00487817
709.27 0.00881769 1 0.0119388 -0.00312108
709.71 0.00587419 1 0.011279 -0.00540486
710.15 0.00493052 1 0.0106578 -0.00572724
710.6 0.00498796 1 0.0100598 -0.00507188
711.04 0.00304394 1 0.00950973 -0.00646579
711.48 0.00409976 1 0.00899179 -0.00489203
711.92 0.0031554 1 0.00850413 -0.00534872
712.37 0.00121213 1 0.00803485 -0.00682271
712.81 0.00226743 1 0.00760309 -0.00533566
713.25 0.00332255 1 0.0071965 -0.00387394
713.69 0.000377506 1 0.00681357 -0.00643606
714.13 0.000432284 1 0.00645286 -0.00602058
714.58 0.00248813 1 0.00610554 -0.00361742
715.02 0.000542553 1 0.00578574 -0.00524319
715.46 -0.000403195 1 0.00548432 -0.00588751
715.9 -0.000349117 1 0.00520013 -0.00554924
716.35 0.000706008 1 0.0049262 -0.00422019
716.79 0.000759731 1 0.0046737 -0.00391397
717.23 0.00281328 1 0.00443542 -0.00162214
717.67 0.00086665 1 0.00421047 -0.00334382
718.11 -0.00208016 1 0.00399803 -0.00607819
718.56 -0.00102594 1 0.00379291 -0.00481884
719 -0.000973099 1 0.00360347 -0.00457657
719.44 -0.00092044 1 0.00342436 -0.0043448
719.88 0.00113204 1 0.00325493 -0.00212289
720.32 0.00118434 1 0.0030946 -0.00191026
720.76 -0.00276353 1 0.00294282 -0.00570635
721.21 0.00128959 1 0.00279588 -0.00150629
721.65 -0.000658648 1 0.00265983 -0.00331848
722.09 -0.000607066 1 0.00253087 -0.00313793
722.53 -0.000555665 1 0.00240856 -0.00296423
722.97 0.00149556 1 0.00229253 -0.000796972
723.41 -0.0024534 1 0.0021824 -0.0046358
723.86 -0.00240139 1 0.00207551 -0.0044769
724.3 -0.000350718 1 0.00197629 -0.00232701
724.74 0.00169977 1 0.00188201 -0.000182238
725.18 -0.00324992 1 0.00179239 -0.00504231
725.62 -0.00119979 1 0.00170716 -0.00290695
726.06 -0.00214985 1 0.00162609 -0.00377594
726.5 0.00189991 1 0.00154895 0.000350962
726.95 -0.00104939 1 0.00147389 -0.00252328
727.39 0 1 0.00140406 -0.00140406
727.83 -0.000950797 1 0.00133755 -0.00228835
728.27 -0.000901776 1 0.0012742 -0.00217598
728.71 0.000147062 1 0.00121384 -0.00106677
729.15 0.000195719 1 0.00115631 -0.000960589
729.59 0.000244197 1 0.00110147 -0.000857276
730.03 -0.000707504 1 0.00104919 -0.0017567
730.48 -0.00165829 1 0.000998243 -0.00265653
730.92 0.00238965 1 0.00095076 0.00143889
731.36 0.00043742 1 0.000905473 -0.000468053
731.8 -0.000514985 1 0.000862277 -0.00137726
732.24 0.00353244 1 0.000821073 0.00271136
732.68 0.00157969 1 0.000781765 0.000797923
733.12 0.00162677 1 0.000744266 0.000882504
733.56 0.00167368 1 0.00070849 0.000965193
734 0.00372043 1 0.000674357 0.00304607
734.44 0.00276701 1 0.000641793 0.00212522
734.89 0.00281448 1 0.000610036 0.00220444
735.33 -0.000139275 1 0.000580429 -0.000719703
735.77 0.00390681 1 0.000552184 0.00335463
736.21 0.000952736 1 0.00052524 0.000427496
736.65 0.0019985 1 0.000499539 0.00149896
737.09 0.00804411 1 0.000475024 0.00756908
737.53 0.00508956 1 0.000451644 0.00463791
737.97 0.00113485 1 0.000429348 0.000705501
738.41 0.00317999 1 0.000408088 0.0027719
738.85 0.00522497 1 0.000387817 0.00483716
739.29 0.0022698 1 0.000368492 0.00190131
739.73 0.00331448 1 0.000350071 0.00296441
740.17 0.000359016 1 0.000332514 2.65019e-05
740.61 0.0024034 1 0.000315783 0.00208762
741.05 0.00444763 1 0.000299841 0.00414779
741.49 0.00349172 1 0.000284654 0.00320707
741.93 0.000535665 1 0.000270187 0.000265478
742.37 0.00457947 1 0.000256409 0.00432306
742.81 0.00462312 1 0.000243289 0.00437983
743.26 0.00666763 1 0.000230522 0.0064371
743.7 0.003711 1 0.000218645 0.00349235
744.14 0.00575423 1 0.000207341 0.00554689
744.58 0.00179733 1 0.000196585 0.00160074
745.02 0.00484029 1 0.000186351 0.00465394
745.46 0.00388311 1 0.000176617 0.0037065
745.9 -7.41952e-05 1 0.000167359 -0.000241554
746.34 0.00496836 1 0.000158556 0.00480981
746.78 0.00501079 1 0.000150187 0.0048606
747.22 0.00205309 1 0.000142233 0.00191085
747.66 0.00309525 1 0.000134673 0.00296058
748.1 0.0041373 1 0.000127491 0.0040098
748.54 0.00417921 1 0.000120668 0.00405854
748.98 0.003221 1 0.000114188 0.00310681
749.42 0.00526266 1 0.000108035 0.00515463
749.86 0.0043042 1 0.000102193 0.00420201
750.29 0.00534468 1 9.67714e-05 0.00524791
750.73 0.00438599 1 9.15032e-05 0.00429448
751.17 0.00442717 1 8.65047e-05 0.00434066
751.61 0.00446823 1 8.17632e-05 0.00438647
752.05 0.00150918 1 7.72663e-05 0.00143192
752.49 0.00255002 1 7.30023e-05 0.00247701
752.93 0.00259074 1 6.89599e-05 0.00252178
753.37 0.00563134 1 6.51285e-05 0.00556621
753.81 0.00167184 1 6.14977e-05 0.00161034
754.25 0.00371222 1 5.80578e-05 0.00365416
754.69 0.0047525 1 5.47995e-05 0.0046977
755.13 0.00479266 1 5.17137e-05 0.00474095
755.57 0.000832723 1 4.8792e-05 0.000783931
756.01 0.00287268 1 4.60262e-05 0.00282665
756.45 0.00291253 1 4.34086e-05 0.00286912
756.89 0.00195228 1 4.09316e-05 0.00191134
757.33 0.00199192 1 3.85884e-05 0.00195333
757.77 0.00303147 1 3.6372e-05 0.00299509
758.21 0.00507091 1 3.42761e-05 0.00503663
758.64 0.00110936 1 3.23383e-05 0.00107703
759.08 0.00314862 1 3.04628e-05 0.00311815
759.52 0.00318777 1 2.86904e-05 0.00315908
759.96 0.00622684 1 2.70157e-05 0.00619982
760.4 0.00226581 1 2.54337e-05 0.00224037
760.84 0.00330468 1 2.39395e-05 0.00328074
761.28 0.00134347 1 2.25287e-05 0.00132094
761.72 0.00338216 1 2.11967e-05 0.00336097
762.16 0.000420773 1 1.99395e-05 0.000400834
762.6 0.00445929 1 1.87532e-05 0.00444054
763.03 0.00249686 1 1.76586e-05 0.0024792
763.47 0.00253521 1 1.66014e-05 0.00251861
763.91 0.00157348 1 1.56043e-05 0.00155787
764.35 0.00361167 1 1.46643e-05 0.003597
764.79 0.00264977 1 1.37781e-05 0.00263599
765.23 0.0026878 1 1.29429e-05 0.00267486
765.67 -0.000274253 1 1.21558e-05 -0.000286409
766.11 0.00276362 1 1.14144e-05 0.0027522
766.54 0.00280055 1 1.07315e-05 0.00278982
766.98 0.00283828 1 1.00729e-05 0.0028282
767.42 0.00287592 1 9.4529e-06 0.00286647
767.86 0.0049135 1 8.86927e-06 0.00490463
768.3 0.001951 1 8.32002e-06 0.00194268
768.74 -1.15616e-05 1 7.80322e-06 -1.93648e-05
769.17 0.00502496 1 7.32779e-06 0.00501763
769.61 0.00206226 1 6.86991e-06 0.00205539
770.05 0.00209949 1 6.43936e-06 0.00209305
770.49 0.00513666 1 6.03458e-06 0.00513062
770.93 0.00217376 1 5.65412e-06 0.00216811
771.37 0.00321081 1 5.29659e-06 0.00320551
771.8 0.000246948 1 4.96808e-06 0.00024198
772.24 0.000283871 1 4.65209e-06 0.000279219
772.68 0.00132073 1 4.35533e-06 0.00131638
773.12 0.000357541 1 4.07669e-06 0.000353465
773.56 0.00239429 1 3.81511e-06 0.00239048
774 0.00443099 1 3.56961e-06 0.00442742
774.43 0.00346679 1 3.3443e-06 0.00346345
774.87 0.000503384 1 3.12786e-06 0.000500256
775.31 0.00353992 1 2.92484e-06 0.003537
775.75 0.00257641 1 2.73445e-06 0.00257367
776.19 0.00161285 1 2.55594e-06 0.00161029
776.62 0.00364841 1 2.39229e-06 0.00364602
777.06 0.00368476 1 2.23524e-06 0.00368252
777.5 0.00372106 1 2.08808e-06 0.00371897
777.94 0.00275731 1 1.95022e-06 0.00275536
778.37 0.0037927 1 1.82394e-06 0.00379088
778.81 0.00182888 1 1.70284e-06 0.00182717
779.25 -0.000134992 1 1.58947e-06 -0.000136581
779.69 0.000901101 1 1.48335e-06 0.000899618
780.13 0.00193716 1 1.38404e-06 0.00193577
780.56 -0.00202764 1 1.29316e-06 -0.00202894
781 0.00200834 1 1.2061e-06 0.00200713
781.44 0.00304429 1 1.12469e-06 0.00304316
781.88 0.0040802 1 1.04855e-06 0.00407916
782.31 0.00111527 1 9.78945e-07 0.00111429
782.75 0.00215113 1 9.12318e-07 0.00215021
783.19 0.00418695 1 8.50056e-07 0.0041861
783.63 0.00322275 1 7.91884e-07 0.00322196
784.06 0.000257706 1 7.38741e-07 0.000256967
784.5 0.00129345 1 6.87916e-07 0.00129276
784.94 0.00332917 1 6.40459e-07 0.00332853
785.37 -0.00263594 1 5.97131e-07 -0.00263654
785.81 0.00139973 1 5.55718e-07 0.00139918
786.25 0.000435386 1 5.17073e-07 0.000434869
786.69 0.00247102 1 4.8102e-07 0.00247054
787.12 0.00350583 1 4.4813e-07 0.00350538
787.56 0.00554143 1 4.1672e-07 0.00554101
788 0.00657701 1 3.87433e-07 0.00657662
788.43 0.00461177 1 3.60733e-07 0.00461141
788.87 0.000647329 1 3.35249e-07 0.000646994
789.31 0.00268287 1 3.11503e-07 0.00268256
789.75 0.00171841 1 2.89381e-07 0.00171812
790.18 0.00275312 1 2.69229e-07 0.00275285
790.62 0.00178864 1 2.5001e-07 0.00178839
791.06 0.00382414 1 2.32117e-07 0.00382391
791.49 0.00385884 1 2.15827e-07 0.00385862
791.93 0.00189433 1 2.00302e-07 0.00189413
792.37 0.00192983 1 1.85856e-07 0.00192964
792.8 0.00496451 1 1.72712e-07 0.00496434
793.24 0 1 1.60193e-07 -1.60193e-07
793.68 0.00103549 1 1.48551e-07 0.00103534
794.11 0.00407017 1 1.37965e-07 0.00407003
794.55 0.00210567 1 1.27889e-07 0.00210554
794.99 0.000141162 1 1.18524e-07 0.000141044
795.42 0.00317586 1 1.10014e-07 0.00317575
795.86 0.00721136 1 1.01918e-07 0.00721126
796.3 0.00324688 1 9.43995e-08 0.00324678
796.73 0.00228159 1 8.75708e-08 0.00228151
797.17 -0.000682873 1 8.10783e-08 -0.000682954
797.61 0.00535267 1 7.50521e-08 0.0053526
798.04 0.00438742 1 6.95825e-08 0.00438735
798.48 0.00342299 1 6.43854e-08 0.00342292
798.91 0.00345776 1 5.96701e-08 0.0034577
799.35 0.00149336 1 5.51915e-08 0.00149331
799.79 0.00152898 1 5.10389e-08 0.00152893
800.22 0.0015638 1 4.72736e-08 0.00156376
800.66 -0.000400542 1 4.36994e-08 -0.000400586
801.1 0.00563513 1 4.03874e-08 0.00563509
