500.34 -0.00194925 1 7.13071e-05 -0.00202056
500.8 -0.00181238 1 7.55796e-05 -0.00188796
501.25 -0.00167848 1 7.99904e-05 -0.00175847
501.71 -0.0045416 1 8.47478e-05 -0.00462635
502.17 -0.00240471 1 8.97693e-05 -0.00249448
502.62 -0.0042708 1 9.49499e-05 -0.00436575
503.08 -0.00413391 1 0.000100534 -0.00423445
503.53 0 1 0.000106292 -0.000106292
503.99 -0.00186311 1 0.000112497 -0.00197561
504.44 -0.0017292 1 0.000118892 -0.00184809
504.9 -0.00259231 1 0.000125779 -0.00271809
505.36 -0.00145543 1 0.000133037 -0.00158846
505.81 0.00067848 1 0.000140514 0.000537966
506.27 -0.000184644 1 0.00014856 -0.000333204
506.72 -5.07485e-05 1 0.000156845 -0.000207594
507.18 -0.00191388 1 0.000165757 -0.00207964
507.63 -0.000780002 1 0.00017493 -0.000954932
508.09 -0.00164315 1 0.000184793 -0.00182795
508.54 -0.00350929 1 0.00019494 -0.00370423
509 -0.000372456 1 0.000205845 -0.000578302
509.45 -0.00123861 1 0.00021706 -0.00145567
509.91 -0.0011018 1 0.000229107 -0.00133091
510.36 -0.000967981 1 0.00024149 -0.00120947
510.82 0.0011688 1 0.000254787 0.000914014
511.27 -0.0016974 1 0.000268448 -0.00196585
511.73 -0.00156065 1 0.000283111 -0.00184376
512.19 0.000576083 1 0.000298512 0.000277571
512.64 -0.00329017 1 0.000314325 -0.0036045
513.1 -0.000153469 1 0.000331286 -0.000484755
513.55 -0.00101976 1 0.000348693 -0.00136845
514.01 -0.000883096 1 0.000367356 -0.00125045
514.46 -0.000749425 1 0.0003865 -0.00113592
514.92 -0.0016128 1 0.000407016 -0.00201982
515.37 0.000520823 1 0.000428052 9.27708e-05
515.83 -0.0023426 1 0.000450587 -0.00279319
516.28 0.000790979 1 0.000473682 0.000317297
516.73 0.000924536 1 0.00049786 0.000426676
517.19 -0.000938965 1 0.000523743 -0.00146271
517.64 -0.00180546 1 0.000550252 -0.00235571
518.1 0.000330985 1 0.000578617 -0.000247632
518.55 0.00246443 1 0.000607656 0.00185678
519.01 -0.000399179 1 0.000638714 -0.00103789
519.46 -0.00126579 1 0.000670495 -0.00193628
519.92 -0.000129464 1 0.000704471 -0.000833935
520.37 3.86495e-06 1 0.000739223 -0.000735358
520.83 0.000140123 1 0.000776358 -0.000636234
521.28 -0.000726614 1 0.000814324 -0.00154094
521.74 -0.000590424 1 0.000854875 -0.0014453
522.19 0.00154277 1 0.000896315 0.000646455
522.65 0.00167889 1 0.000940556 0.000738329
523.1 0.000812007 1 0.000985748 -0.000173741
523.55 0.00194509 1 0.0010329 0.000912188
524.01 0.00208109 1 0.00108321 0.000997881
524.46 0.0012141 1 0.00113456 7.95321e-05
524.92 -0.000649984 1 0.00118933 -0.00183931
525.37 0.00348294 1 0.00124521 0.00223773
525.83 0.00161877 1 0.00130477 0.000314008
526.28 0.00175161 1 0.00136551 0.000386103
526.73 0.00188441 1 0.00142879 0.000455615
527.19 0.00102011 1 0.0014962 -0.000476094
527.64 0.00315281 1 0.0015649 0.00158791
528.1 0.00228842 1 0.00163805 0.000650367
528.55 0.00142103 1 0.00171257 -0.000291538
529.01 0.00355654 1 0.00179187 0.00176467
529.46 0.00368905 1 0.00187262 0.00181643
529.91 0.00182151 1 0.00195661 -0.0001351
530.37 0.00195687 1 0.00204594 -8.90735e-05
530.82 0.00308923 1 0.00213684 0.000952391
531.28 0.00522448 1 0.00223347 0.00299101
531.73 0.00235673 1 0.00233174 2.49922e-05
532.18 0.00548894 1 0.00243385 0.00305508
532.64 0.00362402 1 0.00254232 0.00108169
533.09 0.00675611 1 0.00265257 0.00410353
533.54 0.00388814 1 0.00276705 0.00112109
534 0.00702305 1 0.00288857 0.00413448
534.45 0.00715497 1 0.003012 0.00414297
534.91 0.00428975 1 0.00314297 0.00114679
535.36 0.00742155 1 0.00327593 0.00414562
535.81 0.00355328 1 0.00341383 0.000139458
536.27 0.00368788 1 0.00356005 0.000127835
536.72 0.00681949 1 0.0037084 0.0031111
537.17 0.00595104 1 0.00386214 0.0020889
537.63 0.00508545 1 0.00402506 0.00106038
538.08 0.00621686 1 0.00419023 0.00202663
538.54 0.00835113 1 0.00436516 0.00398596
538.99 0.00948241 1 0.00454244 0.00493998
539.44 0.00861363 1 0.00472595 0.00388767
539.9 0.00974769 1 0.00492019 0.0048275
540.35 0.00787876 1 0.00511688 0.00276188
540.8 0.00900976 1 0.00532036 0.0036894
541.26 0.0111436 1 0.00553558 0.00560803
541.71 0.0132745 1 0.00575336 0.0075211
542.16 0.00940525 1 0.00597851 0.00342674
542.62 0.0145389 1 0.00621647 0.0083224
543.07 0.0116695 1 0.00645711 0.0052124
543.52 0.0118001 1 0.00670571 0.00509436
543.98 0.0109335 1 0.00696828 0.00396518
544.43 0.0120639 1 0.0072336 0.00483026
544.88 0.0111942 1 0.00750752 0.00368667
545.34 0.0133273 1 0.00779662 0.00553071
545.79 0.0154575 1 0.00808856 0.00736894
546.24 0.0135876 1 0.00838974 0.00519785
546.69 0.0127176 1 0.00870037 0.00401722
547.15 0.0168504 1 0.00902792 0.00782248
547.6 0.0149802 1 0.00935837 0.00562187
548.05 0.01711 1 0.00969896 0.00741104
548.51 0.0162425 1 0.0100578 0.00618472
548.96 0.0173721 1 0.0104196 0.0069525
549.41 0.0165016 1 0.0107923 0.00570937
549.86 0.017631 1 0.011176 0.00645507
550.32 0.0177632 1 0.0115799 0.00618335
550.77 0.0198925 1 0.0119867 0.00790576
551.22 0.0200216 1 0.0124053 0.00761629
551.68 0.0201535 1 0.0128456 0.00730786
552.13 0.0232825 1 0.0132888 0.00999363
552.58 0.0204113 1 0.0137445 0.00666679
553.03 0.0215401 1 0.014213 0.0073271
553.49 0.0206716 1 0.0147053 0.00596632
553.94 0.0228002 1 0.0152003 0.00759989
554.39 0.0239287 1 0.0157088 0.00821987
554.84 0.025057 1 0.016231 0.00882601
555.3 0.0231882 1 0.0167793 0.00640885
555.75 0.0253164 1 0.0173301 0.00798627
556.2 0.0274444 1 0.0178953 0.00954913
556.65 0.0265724 1 0.0184752 0.00809718
557.11 0.0267031 1 0.0190835 0.00761962
557.56 0.0288309 1 0.0196939 0.00913699
558.01 0.0299586 1 0.0203198 0.00963883
558.46 0.0280862 1 0.0209613 0.00712491
558.92 0.0312165 1 0.0216334 0.00958302
559.37 0.0333438 1 0.0223073 0.0110365
559.82 0.0314711 1 0.0229975 0.00847354
560.27 0.0315982 1 0.0237043 0.00789389
560.72 0.0327252 1 0.0244279 0.00829733
561.18 0.033855 1 0.0251852 0.00866982
561.63 0.0349818 1 0.0259434 0.00903842
562.08 0.0341085 1 0.026719 0.00738948
562.53 0.0342351 1 0.0275123 0.00672278
562.99 0.0363644 1 0.0283417 0.0080227
563.44 0.0374907 1 0.0291712 0.0083195
563.89 0.038617 1 0.030019 0.00859795
564.34 0.0397431 1 0.0308852 0.00885787
564.79 0.0408691 1 0.03177 0.0090991
565.25 0.0409978 1 0.0326939 0.00830395
565.7 0.0411236 1 0.0336168 0.00750684
566.15 0.0412493 1 0.0345588 0.00669052
566.6 0.0443748 1 0.03552 0.00885486
567.05 0.0445002 1 0.0365005 0.0079997
567.5 0.0446255 1 0.0375006 0.00712492
567.96 0.0457535 1 0.0385432 0.00721027
568.41 0.0438785 1 0.0395831 0.00429542
568.86 0.0440035 1 0.0406429 0.00336058
569.31 0.0461283 1 0.0417226 0.00440566
569.76 0.047253 1 0.0428224 0.00443057
570.21 0.0493775 1 0.0439423 0.00543522
570.67 0.0505047 1 0.0451079 0.00539675
571.12 0.050629 1 0.0462687 0.00436025
571.57 0.0527531 1 0.0474498 0.00530332
572.02 0.0538772 1 0.0486513 0.00522592
572.47 0.0530011 1 0.0498731 0.00312802
572.92 0.0541249 1 0.0511152 0.00300963
573.37 0.0562485 1 0.0523778 0.00387072
573.83 0.0563747 1 0.0536894 0.00268532
574.28 0.0584981 1 0.0549931 0.003505
574.73 0.0566214 1 0.0563171 0.000304242
575.18 0.0607444 1 0.0576613 0.0030831
575.63 0.0588674 1 0.0590258 -0.000158355
576.08 0.0619902 1 0.0604103 0.00157995
576.53 0.0621129 1 0.0618148 0.000298106
576.98 0.0632355 1 0.0632392 -3.77635e-06
577.44 0.0643606 1 0.0647158 -0.000355175
577.89 0.0634829 1 0.06618 -0.00269719
578.34 0.066605 1 0.0676638 -0.00105884
578.79 0.065727 1 0.0691669 -0.00343994
579.24 0.0678488 1 0.0706891 -0.00284032
579.69 0.0709705 1 0.0722303 -0.00125978
580.14 0.070092 1 0.0737901 -0.0036981
580.59 0.0722134 1 0.0753685 -0.00315505
581.04 0.0743347 1 0.0769651 -0.00263039
581.49 0.0744558 1 0.0785796 -0.00412384
581.95 0.0775794 1 0.0802483 -0.00266893
582.4 0.0777002 1 0.0818984 -0.00419816
582.85 0.0798209 1 0.0835655 -0.00374461
583.3 0.0819414 1 0.0852493 -0.00330796
583.75 0.0830617 1 0.0869496 -0.00388785
584.2 0.0841819 1 0.0886658 -0.00448392
584.65 0.0853019 1 0.0903977 -0.00509579
585.1 0.0894218 1 0.0921449 -0.00272307
585.55 0.0895416 1 0.0939069 -0.00436533
586 0.0896611 1 0.0956833 -0.00602214
586.45 0.0937805 1 0.0974736 -0.00369305
586.9 0.0948998 1 0.0992774 -0.00437761
587.35 0.0960189 1 0.101094 -0.00507531
587.8 0.0961378 1 0.102924 -0.00678567
588.25 0.0992566 1 0.104765 -0.00550817
588.71 0.101378 1 0.106659 -0.00528093
589.16 0.103496 1 0.108523 -0.00502632
589.61 0.103615 1 0.110397 -0.00678219
590.06 0.107733 1 0.112281 -0.00454795
590.51 0.107851 1 0.114174 -0.00632301
590.96 0.110968 1 0.116075 -0.00510675
591.41 0.113086 1 0.117985 -0.00489854
591.86 0.116204 1 0.119901 -0.00369774
592.31 0.116321 1 0.121825 -0.0055037
592.76 0.119438 1 0.123754 -0.00431574
593.21 0.120555 1 0.125688 -0.00513317
593.66 0.123672 1 0.127627 -0.00395529
594.11 0.124788 1 0.12957 -0.0047814
594.56 0.127905 1 0.131515 -0.00361077
595.01 0.131021 1 0.133464 -0.00244265
595.46 0.130137 1 0.135413 -0.00527631
595.91 0.135253 1 0.137364 -0.00211097
596.36 0.135369 1 0.139315 -0.00394588
596.81 0.139484 1 0.141265 -0.00178025
597.26 0.1406 1 0.143213 -0.00261329
597.71 0.142715 1 0.145159 -0.0024442
598.16 0.14583 1 0.147102 -0.00127218
598.61 0.146945 1 0.149041 -0.00209641
599.06 0.148059 1 0.150975 -0.00291609
599.51 0.150174 1 0.152904 -0.00273037
599.96 0.151288 1 0.154827 -0.00353843
600.41 0.154402 1 0.156742 -0.00233945
600.86 0.158516 1 0.158649 -0.000132577
601.31 0.15963 1 0.160547 -0.000916985
601.76 0.163743 1 0.162435 0.00130817
602.21 0.166857 1 0.164313 0.00254371
602.65 0.169967 1 0.166138 0.00382933
603.1 0.16908 1 0.167993 0.00108789
603.55 0.171193 1 0.169834 0.00135933
604 0.174306 1 0.171661 0.00264446
604.45 0.173418 1 0.173474 -5.58949e-05
604.9 0.175531 1 0.175271 0.000259066
605.35 0.180643 1 0.177052 0.00359014
605.8 0.178754 1 0.178816 -6.18849e-05
606.25 0.180866 1 0.180562 0.00030376
606.7 0.183977 1 0.18229 0.00168783
607.15 0.185089 1 0.183998 0.00109107
607.6 0.1872 1 0.185686 0.0015142
608.05 0.189311 1 0.187353 0.00195791
608.5 0.191421 1 0.188998 0.00242289
608.95 0.195532 1 0.190622 0.00490978
609.39 0.19464 1 0.192187 0.00245208
609.84 0.19675 1 0.193765 0.00298411
610.29 0.198859 1 0.19532 0.00353983
610.74 0.197969 1 0.196849 0.00111974
611.19 0.200079 1 0.198354 0.00172435
611.64 0.202188 1 0.199834 0.0023541
612.09 0.203297 1 0.201287 0.00200938
612.54 0.203406 1 0.202715 0.000690571
612.99 0.203514 1 0.204116 -0.000602037
613.44 0.206623 1 0.205491 0.00113181
613.88 0.206728 1 0.206809 -8.04228e-05
614.33 0.207836 1 0.20813 -0.000293714
614.78 0.209944 1 0.209424 0.000519864
615.23 0.211052 1 0.210691 0.000360322
615.68 0.209159 1 0.211932 -0.0027724
616.13 0.210266 1 0.213145 -0.00287843
616.58 0.211373 1 0.214331 -0.00295799
617.03 0.21448 1 0.215491 -0.00101137
617.47 0.214584 1 0.2166 -0.00201638
617.92 0.21669 1 0.217709 -0.00101917
618.37 0.217796 1 0.218794 -0.000997155
618.82 0.214902 1 0.219853 -0.004951
619.27 0.216008 1 0.220889 -0.00488145
619.72 0.218113 1 0.221903 -0.00378936
620.17 0.218218 1 0.222894 -0.00467569
620.61 0.219321 1 0.223844 -0.00452248
621.06 0.217426 1 0.224795 -0.0073694
621.51 0.21953 1 0.225729 -0.00619825
621.96 0.219635 1 0.226645 -0.00701046
622.41 0.220739 1 0.227546 -0.00680756
622.86 0.220843 1 0.228434 -0.00759122
623.3 0.224944 1 0.22929 -0.00434617
623.75 0.225047 1 0.230156 -0.00510861
624.2 0.22415 1 0.231014 -0.00686329
624.65 0.226253 1 0.231866 -0.00561237
625.1 0.227356 1 0.232714 -0.00535814
625.54 0.226456 1 0.233543 -0.00708648
625.99 0.226558 1 0.234391 -0.00783297
626.44 0.22966 1 0.235244 -0.00558374
626.89 0.232762 1 0.236104 -0.00334158
627.34 0.231864 1 0.236973 -0.00510941
627.78 0.231963 1 0.237836 -0.00587274
628.23 0.236064 1 0.238733 -0.00266936
628.68 0.236165 1 0.23965 -0.00348533
629.13 0.236265 1 0.240589 -0.00432398
629.58 0.237366 1 0.241554 -0.00418878
630.02 0.239464 1 0.242527 -0.00306303
630.47 0.241563 1 0.243553 -0.00199001
630.92 0.241663 1 0.244617 -0.00295387
631.37 0.245762 1 0.245721 4.16545e-05
631.81 0.247859 1 0.246843 0.00101659
632.26 0.246958 1 0.248038 -0.00107939
632.71 0.249057 1 0.249284 -0.000227351
633.16 0.252155 1 0.250586 0.00156888
633.61 0.253253 1 0.251948 0.00130547
634.05 0.256349 1 0.25334 0.00300881
634.5 0.256447 1 0.254831 0.00161627
634.95 0.259544 1 0.256391 0.00315289
635.4 0.263641 1 0.258026 0.00561506
635.84 0.266736 1 0.2597 0.00703602
636.29 0.267833 1 0.261492 0.00634068
636.74 0.272929 1 0.263369 0.00956076
637.18 0.271023 1 0.265288 0.00573565
637.63 0.275119 1 0.26734 0.00777952
638.08 0.277215 1 0.269485 0.00773016
638.53 0.28131 1 0.271725 0.00958509
638.97 0.283403 1 0.27401 0.00939301
639.42 0.287498 1 0.276446 0.0110524
639.87 0.287593 1 0.278983 0.0086102
640.32 0.294687 1 0.281622 0.0130652
640.76 0.294779 1 0.284303 0.0104764
641.21 0.297873 1 0.287148 0.0107254
641.66 0.300967 1 0.290097 0.0108698
642.1 0.306058 1 0.293081 0.0129765
642.55 0.308151 1 0.296236 0.0119147
643 0.310244 1 0.299494 0.01075
643.44 0.312334 1 0.302777 0.00955752
643.89 0.318427 1 0.306233 0.0121941
644.34 0.321519 1 0.309785 0.0117335
644.79 0.32661 1 0.313432 0.0131788
645.23 0.3297 1 0.317084 0.0126155
645.68 0.331791 1 0.320906 0.0108853
646.13 0.332882 1 0.324809 0.0080729
646.57 0.337971 1 0.3287 0.00927046
647.02 0.342061 1 0.33275 0.00931064
647.47 0.345151 1 0.336866 0.00828508
647.91 0.348239 1 0.340947 0.00729177
648.36 0.350329 1 0.345172 0.0051562
648.81 0.353418 1 0.349442 0.00397611
649.25 0.360505 1 0.353651 0.00685367
649.7 0.362594 1 0.357984 0.00460996
650.15 0.367682 1 0.362335 0.00534737
650.59 0.371768 1 0.366598 0.00517038
651.04 0.373856 1 0.370958 0.00289889
651.48 0.375942 1 0.37521 0.000732571
651.93 0.378029 1 0.379537 -0.00150745
652.38 0.384117 1 0.383832 0.000284695
652.82 0.386201 1 0.387989 -0.00178768
653.27 0.385288 1 0.392186 -0.00689831
653.72 0.394374 1 0.396316 -0.00194232
654.16 0.393458 1 0.400279 -0.00682051
654.61 0.398544 1 0.404241 -0.00569728
655.06 0.399629 1 0.408101 -0.00847132
655.5 0.401712 1 0.411763 -0.0100504
655.95 0.402797 1 0.415382 -0.0125851
656.39 0.40488 1 0.418787 -0.0139068
656.84 0.410964 1 0.422119 -0.0111544
657.29 0.414048 1 0.425287 -0.0112389
657.73 0.41513 1 0.428216 -0.0130859
658.18 0.415213 1 0.431027 -0.0158134
658.62 0.419294 1 0.433584 -0.0142895
659.07 0.420377 1 0.435993 -0.0156159
659.52 0.42346 1 0.438183 -0.0147238
659.96 0.42754 1 0.440104 -0.0125638
660.41 0.428622 1 0.441832 -0.0132101
660.85 0.427702 1 0.443283 -0.0155809
661.3 0.430783 1 0.444513 -0.0137304
661.74 0.432862 1 0.445462 -0.0125997
662.19 0.433943 1 0.446164 -0.0122215
662.64 0.435023 1 0.44659 -0.0115665
663.08 0.434102 1 0.446732 -0.0126305
663.53 0.435181 1 0.446593 -0.0114115
663.97 0.436259 1 0.446174 -0.00991524
664.42 0.434338 1 0.445454 -0.0111156
664.86 0.439415 1 0.444461 -0.00504573
665.31 0.438494 1 0.443149 -0.00465504
665.75 0.435571 1 0.441575 -0.00600442
666.2 0.436648 1 0.439667 -0.00301868
666.65 0.438726 1 0.437459 0.00126731
667.09 0.435802 1 0.43501 0.000791362
667.54 0.434879 1 0.432213 0.00266585
667.98 0.430954 1 0.429194 0.00175994
668.43 0.42903 1 0.42582 0.00321032
668.87 0.429105 1 0.422246 0.006859
669.32 0.42318 1 0.418314 0.00486631
669.76 0.422254 1 0.414206 0.00804803
670.21 0.418329 1 0.409742 0.00858724
670.65 0.417403 1 0.405128 0.0122747
671.1 0.411477 1 0.400162 0.0113152
671.54 0.40955 1 0.395074 0.0144758
671.99 0.403624 1 0.389642 0.0139818
672.43 0.398696 1 0.384117 0.0145784
672.88 0.391769 1 0.37826 0.0135094
673.32 0.38884 1 0.37234 0.0165006
673.77 0.382913 1 0.3661 0.0168126
674.21 0.374984 1 0.35983 0.0151535
674.66 0.366056 1 0.353256 0.0127993
675.1 0.361126 1 0.346683 0.0144425
675.55 0.353197 1 0.339825 0.0133723
675.99 0.344266 1 0.332998 0.0112684
676.44 0.339337 1 0.325906 0.0134311
676.88 0.331406 1 0.318876 0.0125295
677.33 0.325476 1 0.311603 0.0138731
677.77 0.313544 1 0.304421 0.00912283
678.22 0.307614 1 0.297018 0.0105953
678.66 0.299681 1 0.289735 0.00994579
679.11 0.29075 1 0.282254 0.00849576
679.55 0.278817 1 0.274919 0.00389749
679.99 0.274883 1 0.267576 0.00730672
680.44 0.264951 1 0.260071 0.00488017
680.88 0.255017 1 0.252747 0.00226989
681.33 0.250084 1 0.245283 0.0048004
681.77 0.241149 1 0.238023 0.00312635
682.22 0.230215 1 0.230645 -0.000429855
682.66 0.22428 1 0.223489 0.00079109
683.11 0.215346 1 0.216238 -0.000892298
683.55 0.20841 1 0.209224 -0.000814167
683.99 0.199473 1 0.202293 -0.00281947
684.44 0.192538 1 0.195298 -0.00276029
684.88 0.186601 1 0.188559 -0.00195789
685.33 0.175665 1 0.181775 -0.00611026
685.77 0.167727 1 0.175255 -0.00752825
686.21 0.159789 1 0.168853 -0.0090643
686.66 0.155852 1 0.162433 -0.00658116
687.1 0.145913 1 0.156285 -0.0103719
687.55 0.141976 1 0.150134 -0.00815879
687.99 0.131036 1 0.144258 -0.0132219
688.44 0.127098 1 0.138393 -0.011295
688.88 0.121158 1 0.132802 -0.0116443
689.32 0.117217 1 0.127356 -0.0101389
689.77 0.111278 1 0.121939 -0.0106607
690.21 0.105337 1 0.116791 -0.0114547
690.65 0.100395 1 0.111794 -0.0113986
691.1 0.0954547 1 0.106838 -0.0113831
691.54 0.0915126 1 0.102144 -0.0106317
691.99 0.0865714 1 0.0974993 -0.010928
692.43 0.0816285 1 0.0931092 -0.0114807
692.87 0.0786853 1 0.088868 -0.0101827
693.32 0.075743 1 0.0846833 -0.00894023
693.76 0.0707991 1 0.0807396 -0.00994045
694.2 0.0658549 1 0.0769405 -0.0110857
694.65 0.0649115 1 0.0732027 -0.00829115
695.09 0.0599666 1 0.0696899 -0.00972335
695.53 0.0550213 1 0.0663151 -0.0112939
695.98 0.0540768 1 0.0630037 -0.00892682
696.42 0.0511308 1 0.0598998 -0.00876897
696.86 0.0491845 1 0.0569255 -0.00774103
697.31 0.0472389 1 0.0540144 -0.00677543
697.75 0.0422919 1 0.0512926 -0.00900071
698.19 0.0423444 1 0.0486907 -0.00634624
698.64 0.0373978 1 0.0461501 -0.00875229
699.08 0.0364497 1 0.0437803 -0.00733063
699.52 0.0355012 1 0.04152 -0.0060188
699.97 0.0315535 1 0.0393178 -0.00776435
700.41 0.0306042 1 0.0372681 -0.00666385
700.85 0.0306546 1 0.0353171 -0.00466245
701.3 0.0257058 1 0.0334201 -0.00771434
701.74 0.0267555 1 0.031658 -0.0049025
702.18 0.0248048 1 0.0299838 -0.00517904
702.63 0.0228549 1 0.0283591 -0.00550422
703.07 0.0199034 1 0.0268524 -0.00694895
703.51 0.0199517 1 0.0254233 -0.00547169
703.96 0.0210006 1 0.0240387 -0.00303808
704.4 0.0190481 1 0.0227566 -0.00370853
704.84 0.0160952 1 0.0215423 -0.00544715
705.28 0.0151419 1 0.0203928 -0.00525085
705.73 0.0161894 1 0.0192809 -0.00309152
706.17 0.0132354 1 0.0182531 -0.00501771
706.61 0.014281 1 0.0172811 -0.0030001
707.06 0.0113273 1 0.0163419 -0.00501464
707.5 0.0133721 1 0.0154746 -0.00210241
707.94 0.0104167 1 0.014655 -0.00423836
708.38 0.00846079 1 0.0138808 -0.00542001
708.83 0.0115055 1 0.0131334 -0.00162785
709.27 0.00854892 1 0.0124437 -0.00389478
709.71 0.00959192 1 0.0117924 -0.00220052
710.15 0.00763455 1 0.0111775 -0.00354298
710.6 0.00867776 1 0.0105842 -0.0019064
711.04 0.00571962 1 0.0100367 -0.00431713
711.48 0.00676111 1 0.00951992 -0.00275881
711.92 0.00580221 1 0.00903194 -0.00322973
712.37 0.00484386 1 0.00856099 -0.00371713
712.81 0.00588419 1 0.00812642 -0.00224222
713.25 0.00492415 1 0.00771597 -0.00279182
713.69 0.00296372 1 0.00732824 -0.00436452
714.13 0.00300291 1 0.00696191 -0.003959
714.58 0.00304259 1 0.00660806 -0.00356547
715.02 0.002081 1 0.00628123 -0.00420023
715.46 0.00511903 1 0.0059722 -0.000853178
715.9 0.00415666 1 0.00567992 -0.00152326
716.35 0.00119476 1 0.00539729 -0.00420253
716.79 0.00423161 1 0.00513591 -0.000904301
717.23 0.00426807 1 0.00488845 -0.000620376
717.67 0.00430415 1 0.00465408 -0.000349934
718.11 -0.000660167 1 0.00443203 -0.0050922
718.56 0.00237592 1 0.00421691 -0.00184099
719 0.00341082 1 0.00401759 -0.000606777
719.44 0.00144531 1 0.00382852 -0.00238321
719.88 0.00447942 1 0.0036491 0.000830323
720.32 0.00251313 1 0.00347876 -0.000965628
720.76 -0.000453558 1 0.00331698 -0.00377053
721.21 0.0035801 1 0.00315986 0.000420246
721.65 0.00161262 1 0.00301391 -0.0014013
722.09 0.00264473 1 0.00287513 -0.000230404
722.53 0.00167645 1 0.00274311 -0.00106667
722.97 0.00170776 1 0.00261747 -0.000909709
723.41 -0.000261324 1 0.00249785 -0.00275918
723.86 -0.00023012 1 0.00238141 -0.00261153
724.3 0.000799983 1 0.002273 -0.00147302
724.74 0.00182968 1 0.00216968 -0.000339992
725.18 0.000858981 1 0.00207117 -0.00121219
725.62 -0.000112127 1 0.00197723 -0.00208936
726.06 0.00191636 1 0.00188762 2.87386e-05
726.5 0.00394444 1 0.00180212 0.00214233
726.95 0.00397274 1 0.00171869 0.00225405
727.39 0 1 0.00164086 -0.00164086
727.83 0.00302685 1 0.00156654 0.00146031
728.27 0.00605329 1 0.00149556 0.00455774
728.71 0.00307934 1 0.00142775 0.00165159
729.15 0.00410498 1 0.00136296 0.00274202
729.59 -0.000869778 1 0.00130105 -0.00217083
730.03 0.00215507 1 0.00124188 0.000913188
730.48 0.00018008 1 0.00118407 -0.00100399
730.92 0.00520414 1 0.00113007 0.00407407
731.36 0.00122781 1 0.00107844 0.000149374
731.8 0.0032511 1 0.00102908 0.00222202
732.24 0.00527401 1 0.000981883 0.00429213
732.68 0.00229654 1 0.000936757 0.00135978
733.12 0.00331869 1 0.000893609 0.00242508
733.56 0.00634047 1 0.000852352 0.00548812
734 0.00536189 1 0.000812903 0.00454898
734.44 0.00338293 1 0.000775183 0.00260775
734.89 0.00240407 1 0.000738317 0.00166576
735.33 0.000424384 1 0.000703872 -0.000279488
735.77 0.00344433 1 0.00067094 0.00277339
736.21 0.00246393 1 0.000639458 0.00182447
736.65 0.00248317 1 0.000609365 0.0018738
737.09 0.00650206 1 0.000580601 0.00592146
737.53 0.0055206 1 0.00055311 0.00496749
737.97 0.00653879 1 0.000526838 0.00601195
738.41 0.00455664 1 0.000501735 0.00405491
738.85 0.00857416 1 0.000477751 0.00809641
739.29 0.00459133 1 0.000454838 0.00413649
739.73 0.00760817 1 0.000432953 0.00717522
740.17 0.00462468 1 0.000412051 0.00421263
740.61 0.00164086 1 0.000392091 0.00124877
741.05 0.00665671 1 0.000373033 0.00628368
741.49 0.00367224 1 0.000354841 0.0033174
741.93 0.00368745 1 0.000337476 0.00334998
742.37 0.00370234 1 0.000320904 0.00338144
742.81 0.00771692 1 0.000305091 0.00741183
743.26 0.0037315 1 0.000289671 0.00344183
743.7 0.00574545 1 0.000275297 0.00547015
744.14 0.00475908 1 0.000261588 0.0044975
744.58 0.00477242 1 0.000248517 0.0045239
745.02 0.00378545 1 0.000236055 0.00354939
745.46 0.00479818 1 0.000224177 0.004574
745.9 0.00481062 1 0.000212858 0.00459776
746.34 0.00482276 1 0.000202072 0.00462069
746.78 0.00683461 1 0.000191797 0.00664282
747.22 0.00584618 1 0.00018201 0.00566417
747.66 0.00585745 1 0.00017269 0.00568476
748.1 0.00386845 1 0.000163816 0.00370463
748.54 0.00587917 1 0.00015537 0.0057238
748.98 0.0018896 1 0.00014733 0.00174227
749.42 0.00589977 1 0.000139681 0.00576009
749.86 0.00490966 1 0.000132403 0.00477726
750.29 0.00591907 1 0.000125634 0.00579343
750.73 0.00392843 1 0.000119044 0.00380939
751.17 0.00493753 1 0.000112778 0.00482475
751.61 0.00394637 1 0.000106821 0.00383955
752.05 0.00495495 1 0.000101159 0.00485379
752.49 0.00296328 1 9.57793e-05 0.0028675
752.93 0.000971347 1 9.06682e-05 0.000880679
753.37 0.00597917 1 8.58135e-05 0.00589336
753.81 0.00298674 1 8.12031e-05 0.00290554
754.25 0.00199407 1 7.68257e-05 0.00191725
754.69 0.00500116 1 7.26703e-05 0.00492849
755.13 0.00500801 1 6.87265e-05 0.00493929
755.57 0.00101463 1 6.49842e-05 0.000949642
756.01 0.00102101 1 6.14339e-05 0.000959572
756.45 0.00102715 1 5.80664e-05 0.000969088
756.89 0.00203308 1 5.48729e-05 0.0019782
757.33 0.00203877 1 5.18451e-05 0.00198693
757.77 0.00404424 1 4.89749e-05 0.00399527
758.21 0.0040495 1 4.62548e-05 0.00400324
758.64 0.00105442 1 4.37343e-05 0.00101068
759.08 0.00105924 1 4.12895e-05 0.00101795
759.52 0.00306386 1 3.89738e-05 0.00302488
759.96 0.00606826 1 3.6781e-05 0.00603148
760.4 7.24606e-05 1 3.47048e-05 3.77558e-05
760.84 -0.000923545 1 3.27395e-05 -0.000956284
761.28 0.00208025 1 3.08796e-05 0.00204937
761.72 0.00208384 1 2.91197e-05 0.00205472
762.16 0.00408724 1 2.74548e-05 0.00405979
762.6 0.00209045 1 2.58801e-05 0.00206457
763.03 0.0050934 1 2.4424e-05 0.00506898
763.47 0.00209624 1 2.30144e-05 0.00207322
763.91 0.00209889 1 2.16819e-05 0.0020772
764.35 0.00210135 1 2.04227e-05 0.00208093
764.79 0.000103642 1 1.92329e-05 8.4409e-05
765.23 0.00110575 1 1.81089e-05 0.00108765
765.67 -0.000892308 1 1.70473e-05 -0.000909355
766.11 0.00410946 1 1.60449e-05 0.00409341
766.54 0.000111024 1 1.51194e-05 9.59048e-05
766.98 0.00111246 1 1.42249e-05 0.00109824
767.42 0.00111374 1 1.33807e-05 0.00110036
767.86 0.00611485 1 1.25842e-05 0.00610227
768.3 0.000115807 1 1.18329e-05 0.000103974
768.74 -0.000883391 1 1.11242e-05 -0.000894515
769.17 0.00311725 1 1.04708e-05 0.00310678
769.61 0.00111775 1 9.83993e-06 0.00110791
770.05 -0.000881891 1 9.24533e-06 -0.000891136
770.49 0.00311832 1 8.68499e-06 0.00310964
770.93 0.0011184 1 8.15703e-06 0.00111024
771.37 0.00411833 1 7.6597e-06 0.00411067
771.8 0.000118136 1 7.20163e-06 0.000110934
772.24 -0.000882195 1 6.75997e-06 -0.000888955
772.68 0.00211734 1 6.34417e-06 0.002111
773.12 -0.00188324 1 5.95279e-06 -0.0018892
773.56 0.00111604 1 5.58449e-06 0.00111046
774 0.00111521 1 5.23796e-06 0.00110997
774.43 0.000114275 1 4.91917e-06 0.000109356
774.87 -0.000886794 1 4.61217e-06 -0.000891406
775.31 0.00211202 1 4.32349e-06 0.0021077
775.75 -0.00088927 1 4.0521e-06 -0.000893322
776.19 -0.00289067 1 3.79702e-06 -0.00289447
776.62 0.00210786 1 3.56259e-06 0.00210429
777.06 0.000106246 1 3.33704e-06 0.000102909
777.5 0.00210454 1 3.12518e-06 0.00210141
777.94 0.000102731 1 2.9262e-06 9.98045e-05
778.37 0.00210087 1 2.74348e-06 0.00209813
778.81 0.00209888 1 2.56782e-06 0.00209631
779.25 9.68006e-05 1 2.40295e-06 9.43977e-05
779.69 0.00109463 1 2.24823e-06 0.00109238
780.13 9.23808e-05 1 2.10306e-06 9.02778e-05
780.56 -0.0019099 1 1.96989e-06 -0.00191187
781 -0.00191231 1 1.842e-06 -0.00191415
781.44 -0.00191479 1 1.72207e-06 -0.00191652
781.88 0.00108265 1 1.60965e-06 0.00108104
782.31 -0.00191992 1 1.50659e-06 -0.00192143
782.75 -0.00392262 1 1.4077e-06 -0.00392403
783.19 0.00207462 1 1.31504e-06 0.00207331
783.63 0.0010718 1 1.22825e-06 0.00107057
784.06 6.8981e-05 1 1.14875e-06 6.78323e-05
784.5 0.00106604 1 1.07252e-06 0.00106497
784.94 0.00106305 1 1.00116e-06 0.00106205
785.37 -0.000939924 1 9.35831e-07 -0.00094086
785.81 -0.00194302 1 8.7323e-07 -0.00194389
786.25 -0.00394615 1 8.14659e-07 -0.00394697
786.69 5.06651e-05 1 7.59871e-07 4.99053e-05
787.12 -0.000952483 1 7.09757e-07 -0.000953193
787.56 4.42582e-05 1 6.61772e-07 4.35965e-05
788 4.09642e-05 1 6.16911e-07 4.03473e-05
788.43 0.00303771 1 5.75903e-07 0.00303714
788.87 0.00103436 1 5.36658e-07 0.00103382
789.31 0.00103098 1 4.99992e-07 0.00103048
789.75 2.75681e-05 1 4.65741e-07 2.71023e-05
790.18 0.00202422 1 4.34456e-07 0.00202378
790.62 -0.00097923 1 4.0454e-07 -0.000979634
791.06 -0.00198269 1 3.76611e-07 -0.00198307
791.49 0.00101391 1 3.51116e-07 0.00101356
791.93 -0.00198958 1 3.26751e-07 -0.00198991
792.37 -0.00299307 1 3.04019e-07 -0.00299338
792.8 -0.000996496 1 2.83279e-07 -0.000996779
793.24 0 1 2.6347e-07 -2.6347e-07
793.68 -3.50379e-06 1 2.44999e-07 -3.74879e-06
794.11 0.000993075 1 2.28157e-07 0.000992847
794.55 -1.04211e-05 1 2.12081e-07 -1.06332e-05
794.99 0.000986091 1 1.971e-07 0.000985894
795.42 -1.73066e-05 1 1.83448e-07 -1.74901e-05
795.86 0.00197923 1 1.70424e-07 0.00197906
796.3 -2.42174e-05 1 1.58295e-07 -2.43757e-05
796.73 -0.00102757 1 1.47248e-07 -0.00102772
797.17 -0.00203098 1 1.36716e-07 -0.00203111
797.61 -0.00203436 1 1.26913e-07 -0.00203448
798.04 0.000962362 1 1.1799e-07 0.000962244
798.48 -0.00304096 1 1.09487e-07 -0.00304107
798.91 0.00395582 1 1.01752e-07 0.00395571
799.35 -4.74434e-05 1 9.43834e-08 -4.75378e-05
799.79 -0.00205067 1 8.75319e-08 -0.00205075
800.22 0.00194623 1 8.13018e-08 0.00194614
800.66 0.00194309 1 7.53712e-08 0.00194301
801.1 0.00293999 1 6.98597e-08 0.00293992
