500.34 0.000223328 1 5.74522e-05 0.000165876
500.8 0.000335318 1 6.10184e-05 0.0002743
501.25 0.000444877 1 6.47075e-05 0.000380169
501.71 -0.00244313 1 6.86943e-05 -0.00251182
502.17 -0.00033113 1 7.29108e-05 -0.000404041
502.62 -0.000221566 1 7.72695e-05 -0.000298835
503.08 -0.00310957 1 8.19769e-05 -0.00319154
503.53 0 1 8.68409e-05 -8.68409e-05
503.99 0.001112 1 9.20914e-05 0.00101991
504.44 0.000221566 1 9.75143e-05 0.000124051
504.9 -0.000666435 1 0.000103365 -0.000769801
505.36 0.000445562 1 0.000109544 0.000336019
505.81 0.00155512 1 0.00011592 0.0014392
506.27 0.000667116 1 0.000122796 0.000544321
506.72 -0.000223328 1 0.000129889 -0.000353217
507.18 -0.000111341 1 0.000137533 -0.000248874
507.63 -0.00100179 1 0.000145416 -0.00114721
508.09 0.000110186 1 0.000153907 -4.37215e-05
508.54 -0.00178027 1 0.00016266 -0.00194293
509 0.000331694 1 0.000172084 0.00015961
509.45 0.00144122 1 0.000181793 0.00125943
509.91 -0.000446821 1 0.000192242 -0.000639063
510.36 -0.00133731 1 0.000203002 -0.00154031
510.82 0.000774637 1 0.000214578 0.000560059
511.27 -0.000115862 1 0.000226492 -0.000342354
511.73 0.000996064 1 0.000239304 0.00075676
512.19 0.000107982 1 0.000252785 -0.000144803
512.64 -0.000782543 1 0.000266651 -0.00104919
513.1 0.00132936 1 0.00028155 0.00104781
513.55 -0.000561188 1 0.000296868 -0.000858056
514.01 0.00155069 1 0.00031332 0.00123737
514.46 0.000660124 1 0.000330227 0.000329897
514.92 0.000771979 1 0.000348377 0.000423602
515.37 0.00088139 1 0.00036702 0.00051437
515.83 -0.00100678 1 0.000387025 -0.0013938
516.28 0.00210261 1 0.000407563 0.00169504
516.73 -0.00078802 1 0.000429102 -0.00121712
517.19 0.00232377 1 0.000452198 0.00187157
517.64 0.000433115 1 0.000475893 -4.27783e-05
518.1 -0.00145512 1 0.000501291 -0.00195642
518.55 0.00065419 1 0.000527336 0.000126855
519.01 0.00376592 1 0.000555238 0.00321068
519.46 -0.000124797 1 0.000583838 -0.000708636
519.92 0.0019869 1 0.000614465 0.00137243
520.37 -0.000903852 1 0.000645842 -0.00154969
520.83 0.00220781 1 0.000679427 0.00152838
521.28 -0.000682978 1 0.000713819 -0.0013968
521.74 0.00242864 1 0.000750614 0.00167803
522.19 0.00253782 1 0.000788276 0.00174955
522.65 0.0016494 1 0.00082855 0.000820855
523.1 0.000758543 1 0.000869754 -0.000111211
523.55 0.00286766 1 0.000912816 0.00195484
524.01 0.000979181 1 0.000958832 2.03492e-05
524.46 0.00208826 1 0.00100588 0.00108238
524.92 0.000199733 1 0.00105613 -0.000856395
525.37 0.00230876 1 0.00110748 0.00120128
525.83 0.0024202 1 0.0011623 0.00125789
526.28 0.00252918 1 0.0012183 0.00131088
526.73 0.00363814 1 0.00127673 0.00236141
527.19 0.0017495 1 0.00133906 0.000410439
527.64 0.000858415 1 0.00140269 -0.000544273
528.1 0.00396972 1 0.00147054 0.00249919
528.55 0.00207859 1 0.00153976 0.000538829
529.01 0.00318984 1 0.00161353 0.00157631
529.46 0.00429865 1 0.00168877 0.00260988
529.91 0.00340743 1 0.00176715 0.00164029
530.37 0.00151861 1 0.00185062 -0.000332016
530.82 0.00262733 1 0.00193569 0.000691645
531.28 0.00473845 1 0.00202625 0.0027122
531.73 0.00284712 1 0.00211849 0.000728628
532.18 0.00595576 1 0.00221447 0.00374129
532.64 0.00506679 1 0.00231657 0.00275021
533.09 0.00517537 1 0.0024205 0.00275487
533.54 0.00228392 1 0.00252856 -0.000244639
534 0.00739485 1 0.00264343 0.00475142
534.45 0.00550334 1 0.00276028 0.00274306
534.91 0.0046142 1 0.00288443 0.00172977
535.36 0.00572263 1 0.00301065 0.00271198
535.81 0.00383102 1 0.00314173 0.000689283
536.27 0.00494178 1 0.00328092 0.00166086
536.72 0.0060501 1 0.00342233 0.00262778
537.17 0.00715839 1 0.00356908 0.00358932
537.63 0.00626905 1 0.00372479 0.00254427
538.08 0.00537727 1 0.00388286 0.00149441
538.54 0.00848786 1 0.00405051 0.00443735
538.99 0.009596 1 0.00422062 0.00537538
539.44 0.00770411 1 0.00439695 0.00330716
539.9 0.0108146 1 0.00458383 0.00623076
540.35 0.00892262 1 0.00477331 0.0041493
540.8 0.00903061 1 0.00496959 0.00406102
541.26 0.010141 1 0.00517746 0.00496351
541.71 0.0122489 1 0.00538807 0.00686082
542.16 0.00935677 1 0.00560608 0.00375069
542.62 0.013467 1 0.00583679 0.00763021
543.07 0.0125748 1 0.00607039 0.00650441
543.52 0.00968256 1 0.00631201 0.00337055
543.98 0.00979267 1 0.00656752 0.00322515
544.43 0.0109003 1 0.00682603 0.00407431
544.88 0.012008 1 0.00709324 0.00491473
545.34 0.0161179 1 0.0073756 0.00874235
545.79 0.0132255 1 0.00766108 0.00556442
546.24 0.014333 1 0.00795594 0.00637706
546.69 0.0144405 1 0.00826041 0.00618004
547.15 0.0145503 1 0.00858185 0.00596841
547.6 0.0156576 1 0.0089065 0.00675111
548.05 0.0157649 1 0.00924151 0.00652343
548.51 0.0148746 1 0.00959491 0.00527969
548.96 0.0179818 1 0.00995159 0.00803023
549.41 0.017089 1 0.0103194 0.00676963
549.86 0.0171961 1 0.0106985 0.00649763
550.32 0.0183056 1 0.0110981 0.00720754
550.77 0.0194126 1 0.0115009 0.00791171
551.22 0.0185196 1 0.0119159 0.0066037
551.68 0.019629 1 0.012353 0.00727598
552.13 0.0217358 1 0.0127933 0.00894254
552.58 0.0208427 1 0.0132465 0.00759613
553.03 0.0219495 1 0.013713 0.00823649
553.49 0.0220586 1 0.0142037 0.00785489
553.94 0.0231653 1 0.0146976 0.00846766
554.39 0.0232719 1 0.0152055 0.00806639
554.84 0.0253785 1 0.0157277 0.00965081
555.3 0.0244874 1 0.0162764 0.00821093
555.75 0.0245938 1 0.0168282 0.00776559
556.2 0.0267003 1 0.0173951 0.00930514
556.65 0.0258066 1 0.0179773 0.0078293
557.11 0.0289153 1 0.0185886 0.0103267
557.56 0.0280216 1 0.0192026 0.00881895
558.01 0.0301278 1 0.0198328 0.010295
558.46 0.0282339 1 0.0204793 0.00775461
558.92 0.0313423 1 0.0211574 0.0101849
559.37 0.0314484 1 0.0218379 0.0096105
559.82 0.0315543 1 0.0225355 0.00901883
560.27 0.0316602 1 0.0232506 0.00840969
560.72 0.0327661 1 0.0239833 0.00878283
561.18 0.0338742 1 0.0247508 0.00912346
561.63 0.03598 1 0.02552 0.01046
562.08 0.0340857 1 0.0263076 0.0077781
562.53 0.0361913 1 0.0271138 0.0090775
562.99 0.0362992 1 0.0279574 0.00834179
563.44 0.0384047 1 0.028802 0.00960271
563.89 0.0395101 1 0.0296658 0.00984426
564.34 0.0406155 1 0.0305492 0.0100662
564.79 0.0397208 1 0.0314523 0.00826845
565.25 0.0428283 1 0.0323961 0.0104323
565.7 0.0429335 1 0.0333397 0.00959387
566.15 0.0430386 1 0.0343035 0.0087351
566.6 0.0431437 1 0.0352879 0.00785579
567.05 0.0432487 1 0.0362929 0.00695577
567.5 0.0463536 1 0.0373187 0.00903488
567.96 0.0454608 1 0.038389 0.0070718
568.41 0.0455655 1 0.0394573 0.00610824
568.86 0.0446703 1 0.0405469 0.00412337
569.31 0.0487749 1 0.0416578 0.00711708
569.76 0.0478795 1 0.0427903 0.00508924
570.21 0.050984 1 0.0439443 0.00703975
570.67 0.0490908 1 0.0451463 0.00394447
571.12 0.0511951 1 0.0463442 0.00485093
571.57 0.0522995 1 0.047564 0.00473549
572.02 0.0544037 1 0.0488056 0.00559811
572.47 0.0545079 1 0.0500691 0.00443872
572.92 0.0546119 1 0.0513546 0.00325731
573.37 0.058716 1 0.0526621 0.00605385
573.83 0.0578222 1 0.0540214 0.00380086
574.28 0.0589261 1 0.0553733 0.00355281
574.73 0.0580299 1 0.0567472 0.00128275
575.18 0.0611336 1 0.0581429 0.00299069
575.63 0.0602373 1 0.0595606 0.000676711
576.08 0.0613409 1 0.061 0.000340864
576.53 0.0634444 1 0.0624612 0.000983235
576.98 0.0635478 1 0.0639439 -0.000396077
577.44 0.0676535 1 0.0654818 0.00217167
577.89 0.0657568 1 0.0670079 -0.00125112
578.34 0.06886 1 0.0685552 0.000304802
578.79 0.0689631 1 0.0701235 -0.00116039
579.24 0.0700661 1 0.0717127 -0.00164653
579.69 0.0721691 1 0.0733225 -0.0011534
580.14 0.071272 1 0.0749528 -0.00368079
580.59 0.0733748 1 0.0766033 -0.00322847
581.04 0.0744775 1 0.0782737 -0.00379617
581.49 0.0755802 1 0.0799638 -0.00438364
581.95 0.076685 1 0.0817116 -0.00502651
582.4 0.0797875 1 0.0834406 -0.00365303
582.85 0.0818899 1 0.0851883 -0.00329838
583.3 0.0819923 1 0.0869545 -0.00496222
583.75 0.0850945 1 0.0887387 -0.00364416
584.2 0.0871967 1 0.0905405 -0.00334384
584.65 0.0882988 1 0.0923596 -0.00406085
585.1 0.0904008 1 0.0941955 -0.00379477
585.55 0.0925027 1 0.0960478 -0.00354515
586 0.0926045 1 0.097916 -0.00531153
586.45 0.0967062 1 0.0997997 -0.00309344
586.9 0.0968079 1 0.101698 -0.00489038
587.35 0.0979095 1 0.103611 -0.00570183
587.8 0.100011 1 0.105538 -0.00552725
588.25 0.101112 1 0.107478 -0.00636609
588.71 0.103216 1 0.109475 -0.00625907
589.16 0.107317 1 0.11144 -0.00412327
589.61 0.106418 1 0.113417 -0.0069991
590.06 0.110519 1 0.115405 -0.00488594
590.51 0.11162 1 0.117403 -0.00578313
590.96 0.111721 1 0.119411 -0.00769
591.41 0.116822 1 0.121428 -0.00460589
591.86 0.119923 1 0.123453 -0.00353009
592.31 0.122023 1 0.125485 -0.00346188
592.76 0.123124 1 0.127524 -0.00440054
593.21 0.123224 1 0.129569 -0.00634532
593.66 0.127324 1 0.13162 -0.00429545
594.11 0.131425 1 0.133675 -0.00225016
594.56 0.132525 1 0.135733 -0.00320866
595.01 0.134625 1 0.137795 -0.00317015
595.46 0.134725 1 0.139859 -0.00513379
595.91 0.138825 1 0.141923 -0.00309877
596.36 0.138924 1 0.143989 -0.00506424
596.81 0.143024 1 0.146053 -0.00302935
597.26 0.145124 1 0.148117 -0.00299322
597.71 0.147223 1 0.150178 -0.00295499
598.16 0.149322 1 0.152236 -0.00291377
598.61 0.153422 1 0.15429 -0.000868661
599.06 0.153521 1 0.15634 -0.00281877
599.51 0.15562 1 0.158383 -0.00276319
599.96 0.158719 1 0.16042 -0.00170101
600.41 0.160818 1 0.162449 -0.00163131
600.86 0.164917 1 0.16447 0.000446825
601.31 0.165015 1 0.166481 -0.00146567
601.76 0.168114 1 0.168482 -0.000367887
602.21 0.170212 1 0.170471 -0.000258889
602.65 0.173309 1 0.172405 0.000903855
603.1 0.175407 1 0.174369 0.00103774
603.55 0.176505 1 0.176319 0.00018557
604 0.181603 1 0.178255 0.00334826
604.45 0.180701 1 0.180174 0.000526712
604.9 0.181799 1 0.182077 -0.000278178
605.35 0.189897 1 0.183962 0.00593447
605.8 0.185994 1 0.185829 0.000165539
606.25 0.190092 1 0.187676 0.00241588
606.7 0.194189 1 0.189503 0.00468633
607.15 0.194287 1 0.191309 0.00297772
607.6 0.195384 1 0.193093 0.00229086
608.05 0.194481 1 0.194854 -0.000373481
608.5 0.199578 1 0.196593 0.00298546
608.95 0.202675 1 0.198307 0.00436842
609.39 0.20177 1 0.199958 0.0018112
609.84 0.202866 1 0.201623 0.00124369
610.29 0.206963 1 0.203261 0.00370218
610.74 0.206059 1 0.204872 0.00118727
611.19 0.206156 1 0.206456 -0.000300489
611.64 0.209252 1 0.208013 0.00123943
612.09 0.212348 1 0.209541 0.00280748
612.54 0.210444 1 0.21104 -0.000595921
612.99 0.21354 1 0.21251 0.0010296
613.44 0.211636 1 0.213952 -0.00231567
613.88 0.215729 1 0.215332 0.000397455
614.33 0.213825 1 0.216714 -0.00288936
614.78 0.22092 1 0.218067 0.00285359
615.23 0.220016 1 0.219389 0.000626339
615.68 0.219111 1 0.220682 -0.00157114
616.13 0.219206 1 0.221945 -0.00273897
616.58 0.219301 1 0.223178 -0.00387733
617.03 0.222396 1 0.224383 -0.00198652
617.47 0.223489 1 0.225532 -0.0020432
617.92 0.223583 1 0.226679 -0.00309587
618.37 0.222678 1 0.227799 -0.00512076
618.82 0.225772 1 0.228891 -0.00311854
619.27 0.224867 1 0.229957 -0.00509
619.72 0.226961 1 0.230997 -0.00403603
620.17 0.229055 1 0.232013 -0.00295763
620.61 0.228147 1 0.232983 -0.00483621
621.06 0.227241 1 0.233954 -0.00671293
621.51 0.228334 1 0.234903 -0.00656895
621.96 0.229428 1 0.235834 -0.00640576
622.41 0.229521 1 0.236746 -0.007225
622.86 0.230615 1 0.237643 -0.00702843
623.3 0.231706 1 0.238506 -0.00680057
623.75 0.232799 1 0.239377 -0.0065785
624.2 0.231892 1 0.240239 -0.00834672
624.65 0.233985 1 0.241092 -0.00710754
625.1 0.235077 1 0.241941 -0.00686343
625.54 0.235168 1 0.242768 -0.00760027
625.99 0.23526 1 0.243615 -0.00835423
626.44 0.237353 1 0.244464 -0.00711144
626.89 0.238445 1 0.24532 -0.00687491
627.34 0.240537 1 0.246185 -0.00564781
627.78 0.241627 1 0.247043 -0.00541579
628.23 0.241719 1 0.247936 -0.00621712
628.68 0.244811 1 0.248849 -0.00403802
629.13 0.245902 1 0.249784 -0.00388215
629.58 0.246994 1 0.250747 -0.00375325
630.02 0.248083 1 0.251718 -0.00363477
630.47 0.251174 1 0.252745 -0.00157066
630.92 0.250265 1 0.25381 -0.00354525
631.37 0.255356 1 0.254919 0.000437354
631.81 0.256445 1 0.256048 0.000397206
632.26 0.256536 1 0.257253 -0.000717092
632.71 0.258626 1 0.258513 0.000113343
633.16 0.262717 1 0.259832 0.00288428
633.61 0.264807 1 0.261215 0.00359148
634.05 0.265895 1 0.262633 0.00326174
634.5 0.265985 1 0.264154 0.00183053
634.95 0.272075 1 0.265752 0.00632318
635.4 0.272165 1 0.267429 0.00473566
635.84 0.275252 1 0.26915 0.00610213
636.29 0.279342 1 0.270997 0.00834459
636.74 0.280431 1 0.272936 0.00749555
637.18 0.283518 1 0.274922 0.00859578
637.63 0.285607 1 0.277052 0.00855567
638.08 0.288696 1 0.279282 0.00941424
638.53 0.292785 1 0.281616 0.0111687
638.97 0.293872 1 0.284002 0.00986978
639.42 0.29696 1 0.286549 0.0104109
639.87 0.299049 1 0.289208 0.00984103
640.32 0.303137 1 0.291978 0.0111586
640.76 0.306223 1 0.294797 0.0114257
641.21 0.312311 1 0.297794 0.0145173
641.66 0.312399 1 0.300905 0.0114938
642.1 0.317484 1 0.304058 0.0134261
642.55 0.320572 1 0.307397 0.0131753
643 0.323659 1 0.310849 0.0128106
643.44 0.327745 1 0.314333 0.013412
643.89 0.330832 1 0.318005 0.0128269
644.34 0.332919 1 0.321785 0.0111338
644.79 0.340006 1 0.32567 0.0143356
645.23 0.34209 1 0.329567 0.0125237
645.68 0.345177 1 0.333648 0.0115288
646.13 0.351263 1 0.337822 0.0134411
646.57 0.353348 1 0.341988 0.0113597
647.02 0.353434 1 0.346329 0.00710469
647.47 0.36252 1 0.350745 0.0117744
647.91 0.363603 1 0.355129 0.0084743
648.36 0.367689 1 0.359673 0.00801632
648.81 0.371775 1 0.364269 0.00750564
649.25 0.373858 1 0.368806 0.00505256
649.7 0.379943 1 0.37348 0.00646374
650.15 0.382028 1 0.378179 0.00384966
650.59 0.387111 1 0.382788 0.00432354
651.04 0.389196 1 0.387506 0.00169012
651.48 0.393279 1 0.392113 0.00116597
651.93 0.395363 1 0.396806 -0.00144323
652.38 0.402448 1 0.40147 0.000977389
652.82 0.40253 1 0.405989 -0.00345963
653.27 0.403614 1 0.410557 -0.00694365
653.72 0.410698 1 0.415058 -0.00436048
654.16 0.414779 1 0.419381 -0.00460169
654.61 0.416863 1 0.42371 -0.00684711
655.06 0.418946 1 0.427933 -0.0089861
655.5 0.418028 1 0.431945 -0.0139173
655.95 0.423111 1 0.435917 -0.0128064
656.39 0.426192 1 0.43966 -0.0134677
656.84 0.429275 1 0.443329 -0.0140546
657.29 0.436357 1 0.446826 -0.0104691
657.73 0.435438 1 0.450067 -0.0146287
658.18 0.43852 1 0.453185 -0.0146645
658.62 0.4386 1 0.45603 -0.0174298
659.07 0.440682 1 0.458721 -0.0180387
659.52 0.443764 1 0.461178 -0.0174142
659.96 0.448844 1 0.463345 -0.0145006
660.41 0.448926 1 0.465308 -0.0163825
660.85 0.451005 1 0.466972 -0.0159667
661.3 0.454086 1 0.468402 -0.0143159
661.74 0.456166 1 0.469527 -0.0133618
662.19 0.463246 1 0.470391 -0.0071443
662.64 0.455327 1 0.470956 -0.015629
663.08 0.458406 1 0.471215 -0.0128088
663.53 0.461486 1 0.471172 -0.00968631
663.97 0.460565 1 0.470827 -0.0102624
664.42 0.460645 1 0.470158 -0.0095138
664.86 0.460723 1 0.469194 -0.00847095
665.31 0.458802 1 0.467887 -0.00908428
665.75 0.46088 1 0.466294 -0.0054142
666.2 0.46096 1 0.464344 -0.00338448
666.65 0.461039 1 0.462069 -0.00103006
667.09 0.458116 1 0.459532 -0.00141545
667.54 0.458195 1 0.456619 0.00157578
667.98 0.454272 1 0.453464 0.000807485
668.43 0.455351 1 0.449928 0.00542236
668.87 0.453427 1 0.446172 0.00725483
669.32 0.450505 1 0.442032 0.0084732
669.76 0.448582 1 0.437698 0.0108835
670.21 0.44066 1 0.432981 0.00767853
670.65 0.437736 1 0.428098 0.00963728
671.1 0.434813 1 0.422837 0.0119761
671.54 0.433889 1 0.41744 0.0164483
671.99 0.427966 1 0.411674 0.0162922
672.43 0.419041 1 0.405804 0.0132375
672.88 0.413118 1 0.399575 0.013543
673.32 0.410193 1 0.393276 0.0169167
673.77 0.40227 1 0.386634 0.0156359
674.21 0.397344 1 0.379955 0.0173894
674.66 0.38942 1 0.372949 0.0164711
675.1 0.383495 1 0.365942 0.017553
675.55 0.37357 1 0.358627 0.0149433
675.99 0.365644 1 0.351344 0.0142999
676.44 0.35672 1 0.343777 0.0129432
676.88 0.348793 1 0.336274 0.0125197
677.33 0.341869 1 0.328509 0.0133595
677.77 0.333942 1 0.320841 0.0131005
678.22 0.325017 1 0.312936 0.0120803
678.66 0.314089 1 0.305159 0.00893078
679.11 0.307164 1 0.297169 0.0099949
679.55 0.297236 1 0.289335 0.00790106
679.99 0.287309 1 0.281493 0.00581539
680.44 0.277383 1 0.273478 0.0039051
680.88 0.271455 1 0.265656 0.0057983
681.33 0.261528 1 0.257687 0.00384144
681.77 0.2526 1 0.249934 0.00266547
682.22 0.242673 1 0.242058 0.000614544
682.66 0.234744 1 0.23442 0.000324669
683.11 0.224817 1 0.226681 -0.00186422
683.55 0.218888 1 0.219197 -0.000308989
683.99 0.208959 1 0.211803 -0.00284424
684.44 0.204031 1 0.204343 -0.000312272
684.88 0.192102 1 0.197158 -0.00505598
685.33 0.186173 1 0.189927 -0.00375331
685.77 0.176243 1 0.182979 -0.00673584
686.21 0.168313 1 0.17616 -0.00784627
686.66 0.161385 1 0.169323 -0.00793842
687.1 0.151454 1 0.162779 -0.0113246
687.55 0.146525 1 0.156234 -0.00970913
687.99 0.139594 1 0.149984 -0.0103902
688.44 0.132665 1 0.143749 -0.0110842
688.88 0.125734 1 0.137808 -0.0120748
689.32 0.120802 1 0.132025 -0.0112224
689.77 0.114872 1 0.126274 -0.0114016
690.21 0.10894 1 0.120813 -0.0118727
690.65 0.104009 1 0.115514 -0.0115056
691.1 0.097078 1 0.110262 -0.0131845
691.54 0.0931456 1 0.105292 -0.0121462
691.99 0.0882147 1 0.100376 -0.0121614
692.43 0.084282 1 0.0957331 -0.0114511
692.87 0.0813491 1 0.0912508 -0.00990169
693.32 0.0754176 1 0.0868315 -0.0114139
693.76 0.0704843 1 0.0826699 -0.0121856
694.2 0.0695509 1 0.0786642 -0.00911328
694.65 0.0626188 1 0.0747263 -0.0121075
695.09 0.058685 1 0.0710287 -0.0123437
695.53 0.055751 1 0.0674795 -0.0117285
695.98 0.0528183 1 0.0640001 -0.0111818
696.42 0.0498839 1 0.060742 -0.0108582
696.86 0.0479493 1 0.0576231 -0.00967379
697.31 0.046016 1 0.0545736 -0.00855758
697.75 0.0420811 1 0.0517255 -0.00964445
698.19 0.0391459 1 0.0490059 -0.00985999
698.64 0.039212 1 0.0463535 -0.00714148
699.08 0.0362765 1 0.0438824 -0.00760588
699.52 0.0323407 1 0.0415283 -0.00918755
699.97 0.0294063 1 0.0392378 -0.00983152
700.41 0.0304701 1 0.0371087 -0.00663856
700.85 0.0285338 1 0.035085 -0.00655113
701.3 0.0235988 1 0.0331201 -0.00952138
701.74 0.023662 1 0.0312976 -0.00763559
702.18 0.0197251 1 0.0295688 -0.00984368
702.63 0.0197895 1 0.0278937 -0.0081042
703.07 0.0178522 1 0.0263428 -0.00849067
703.51 0.0179147 1 0.0248744 -0.00695974
703.96 0.0169784 1 0.0234541 -0.00647571
704.4 0.0180405 1 0.0221414 -0.00410093
704.84 0.0161024 1 0.0209005 -0.00479811
705.28 0.0141641 1 0.019728 -0.00556389
705.73 0.014227 1 0.0185962 -0.00436917
706.17 0.0112883 1 0.0175521 -0.00626381
706.61 0.0133494 1 0.0165669 -0.00321747
707.06 0.00941169 1 0.015617 -0.0062053
707.5 0.0104724 1 0.0147418 -0.00426938
707.94 0.00953289 1 0.0139167 -0.0043838
708.38 0.00559319 1 0.0131391 -0.00754593
708.83 0.00865465 1 0.0123903 -0.00373569
709.27 0.00671454 1 0.0117012 -0.00498661
709.71 0.00777423 1 0.0110521 -0.00327783
710.15 0.00483371 1 0.0104408 -0.00560711
710.6 0.00589434 1 0.00985262 -0.00395828
711.04 0.00095341 1 0.00931152 -0.00835811
711.48 0.00501228 1 0.00880211 -0.00378983
711.92 0.00307094 1 0.00832255 -0.0052516
712.37 0.00213073 1 0.00786112 -0.00573039
712.81 0.00418898 1 0.00743665 -0.00324767
713.25 0.00324702 1 0.00703698 -0.00378996
713.69 0.000304855 1 0.00666064 -0.00635578
714.13 0.000362484 1 0.0063062 -0.00594372
714.58 0.00142121 1 0.00596498 -0.00454377
715.02 0.000478418 1 0.00565087 -0.00517245
715.46 0.00053542 1 0.00535486 -0.00481944
715.9 -0.000407788 1 0.00507585 -0.00548363
716.35 -0.00034992 1 0.00480698 -0.0051569
716.79 0.00170645 1 0.0045592 -0.00285275
717.23 -0.000237391 1 0.00432543 -0.00456282
717.67 0.00281856 1 0.0041048 -0.00128625
718.11 -0.0011257 1 0.00389651 -0.00502221
718.56 0.000931084 1 0.00369544 -0.00276436
719 -0.0020136 1 0.00350981 -0.00552341
719.44 4.1494e-05 1 0.00333434 -0.00329285
719.88 0.00309638 1 0.00316842 -7.20388e-05
720.32 0.000151054 1 0.00301146 -0.0028604
720.76 -0.00279449 1 0.0028629 -0.00565739
721.21 -0.000739009 1 0.00271915 -0.00345816
721.65 -0.000684982 1 0.00258609 -0.00327107
722.09 -0.00163117 1 0.00245999 -0.00409116
722.53 0.000422428 1 0.00234045 -0.00191803
722.97 -0.00252419 1 0.00222708 -0.00475127
723.41 -0.000471025 1 0.00211951 -0.00259054
723.86 0.000583126 1 0.00201515 -0.00143202
724.3 -0.00236415 1 0.00191831 -0.00428245
724.74 0.00268836 1 0.00182631 0.00086205
725.18 -0.00125934 1 0.0017389 -0.00299824
725.62 -0.00220727 1 0.0016558 -0.00386306
726.06 -0.00115541 1 0.00157677 -0.00273218
726.5 0.00189622 1 0.0015016 0.000394623
726.95 0.000948807 1 0.00142849 -0.000479682
727.39 0 1 0.00136049 -0.00136049
727.83 5.09726e-05 1 0.00129574 -0.00124477
728.27 0.000101726 1 0.00123409 -0.00113236
728.71 -0.00184774 1 0.00117536 -0.0030231
729.15 0.000202583 1 0.00111941 -0.000916825
729.59 -0.000747311 1 0.00106609 -0.0018134
730.03 -0.000697418 1 0.00101528 -0.00171269
730.48 -0.00064661 1 0.000965764 -0.00161237
730.92 -0.000597143 1 0.000919636 -0.00151678
731.36 -0.00254788 1 0.000875653 -0.00342354
731.8 0.00150117 1 0.000833713 0.000667453
732.24 0.00455001 1 0.000793717 0.0037563
732.68 0.00259865 1 0.000755571 0.00184308
733.12 0.00164709 1 0.00071919 0.000927902
733.56 0.00169533 1 0.000684489 0.00101084
734 0.000743368 1 0.000651391 9.19772e-05
734.44 0.000791208 1 0.000619821 0.000171387
734.89 0.00183993 1 0.000589041 0.00125089
735.33 -0.00111263 1 0.00056035 -0.00167298
735.77 0.00393462 1 0.000532987 0.00340164
736.21 0.000981682 1 0.000506889 0.000474793
736.65 0.00202855 1 0.000482001 0.00154655
737.09 0.00607523 1 0.000458267 0.00561696
737.53 0.00312171 1 0.000435636 0.00268608
737.97 0.00516802 1 0.000414059 0.00475396
738.41 0.00221414 1 0.000393488 0.00182065
738.85 0.00126007 1 0.000373878 0.000886192
739.29 0.00130582 1 0.000355188 0.000950635
739.73 0.00435139 1 0.000337375 0.00401402
740.17 -0.000603212 1 0.000320401 -0.000923613
740.61 0.000442003 1 0.000304228 0.000137775
741.05 0.00448704 1 0.000288822 0.00419822
741.49 0.00253191 1 0.000274147 0.00225776
741.93 0.0025766 1 0.000260171 0.00231643
742.37 0.00262112 1 0.000246863 0.00237426
742.81 0.00366547 1 0.000234193 0.00343128
743.26 0.00271065 1 0.000221865 0.00248879
743.7 0.00175466 1 0.0002104 0.00154426
744.14 0.00479851 1 0.000199489 0.00459902
744.58 0.00184219 1 0.000189109 0.00165308
745.02 0.0018857 1 0.000179235 0.00170647
745.46 0.00292906 1 0.000169845 0.00275921
745.9 0.00397225 1 0.000160916 0.00381134
746.34 0.00401529 1 0.000152427 0.00386286
746.78 0.00605817 1 0.000144357 0.00591381
747.22 0.0011009 1 0.000136689 0.000964208
747.66 0.00114347 1 0.000129403 0.00101406
748.1 0.00218589 1 0.000122482 0.0020634
748.54 0.00122815 1 0.000115908 0.00111225
748.98 0.00427027 1 0.000109665 0.00416061
749.42 0.00331224 1 0.000103739 0.0032085
749.86 0.00335407 1 9.8113e-05 0.00325595
750.29 0.0053948 1 9.28924e-05 0.00530191
750.73 0.00443634 1 8.78208e-05 0.00434851
751.17 0.00347773 1 8.30097e-05 0.00339472
751.61 0.00351899 1 7.84466e-05 0.00344054
752.05 0.0035601 1 7.41197e-05 0.00348598
752.49 0.00360108 1 7.00176e-05 0.00353106
752.93 0.00164192 1 6.61293e-05 0.00157579
753.37 0.00568263 1 6.24446e-05 0.00562018
753.81 0.0027232 1 5.89535e-05 0.00266425
754.25 0.00176364 1 5.56465e-05 0.00170799
754.69 0.00380395 1 5.25146e-05 0.00375144
755.13 0.00584413 1 4.95491e-05 0.00579458
755.57 0.000884186 1 4.67417e-05 0.000837445
756.01 0.00192411 1 4.40846e-05 0.00188003
756.45 0.000963918 1 4.15702e-05 0.000922348
756.89 0.0020036 1 3.91914e-05 0.00196441
757.33 0.00104316 1 3.69414e-05 0.00100622
757.77 0.0030826 1 3.48136e-05 0.00304778
758.21 0.00212192 1 3.28018e-05 0.00208911
758.64 0.000160229 1 3.09422e-05 0.000129286
759.08 0.00119932 1 2.91426e-05 0.00117018
759.52 0.00223829 1 2.74422e-05 0.00221085
759.96 0.00527716 1 2.58358e-05 0.00525132
760.4 0.000315907 1 2.43186e-05 0.000291588
760.84 0.000354548 1 2.28859e-05 0.000331662
761.28 0.00239308 1 2.15334e-05 0.00237155
761.72 0.00343151 1 2.02567e-05 0.00341125
762.16 0.000469828 1 1.90519e-05 0.000450776
762.6 0.00150804 1 1.79151e-05 0.00149013
763.03 0.00154529 1 1.68665e-05 0.00152843
763.47 0.00258331 1 1.58539e-05 0.00256745
763.91 0.00362122 1 1.48991e-05 0.00360632
764.35 0.00165904 1 1.3999e-05 0.00164504
764.79 0.00469676 1 1.31507e-05 0.00468361
765.23 0.00273439 1 1.23512e-05 0.00272204
765.67 0.00277192 1 1.15981e-05 0.00276032
766.11 0.00380936 1 1.08887e-05 0.00379847
766.54 0.00184586 1 1.02354e-05 0.00183562
766.98 -0.00111688 1 9.60553e-06 -0.00112648
767.42 0.00292029 1 9.01263e-06 0.00291128
767.86 0.00395738 1 8.45464e-06 0.00394893
768.3 0.00199438 1 7.9296e-06 0.00198645
768.74 0.0030313 1 7.43569e-06 0.00302387
769.17 0.0020673 1 6.98138e-06 0.00206032
769.61 0.00110406 1 6.54394e-06 0.00109752
770.05 0.00114074 1 6.13268e-06 0.00113461
770.49 0.00617734 1 5.74611e-06 0.0061716
770.93 0.00321387 1 5.38283e-06 0.00320849
771.37 0.00525032 1 5.04151e-06 0.00524528
771.8 0.000285871 1 4.72795e-06 0.000281143
772.24 0.000322179 1 4.42641e-06 0.000317752
772.68 0.00135842 1 4.14326e-06 0.00135427
773.12 0.000394585 1 3.87745e-06 0.000390707
773.56 0.00343069 1 3.62797e-06 0.00342706
774 0.00346672 1 3.39386e-06 0.00346333
774.43 -0.000498125 1 3.17906e-06 -0.000501304
774.87 -0.00146222 1 2.97274e-06 -0.00146519
775.31 0.00257363 1 2.77925e-06 0.00257085
775.75 -0.000390579 1 2.59784e-06 -0.000393177
776.19 0.00064515 1 2.42779e-06 0.000642722
776.62 0.000680013 1 2.27192e-06 0.000677741
777.06 -0.000284369 1 2.12235e-06 -0.000286492
777.5 -0.00124881 1 1.98224e-06 -0.00125079
777.94 -0.000213294 1 1.85101e-06 -0.000215145
778.37 0.00382136 1 1.73082e-06 0.00381963
778.81 0.00285677 1 1.61559e-06 0.00285516
779.25 0.000892136 1 1.50773e-06 0.000890628
779.69 -7.2548e-05 1 1.40679e-06 -7.39548e-05
780.13 -3.72769e-05 1 1.31235e-06 -3.85893e-05
780.56 -0.00100285 1 1.22594e-06 -0.00100408
781 0.00103234 1 1.14319e-06 0.00103119
781.44 6.74808e-05 1 1.0658e-06 6.6415e-05
781.88 0.00410259 1 9.93461e-07 0.00410159
782.31 0.000136857 1 9.27329e-07 0.00013593
782.75 0.00217189 1 8.64042e-07 0.00217102
783.19 0.00220689 1 8.04914e-07 0.00220608
783.63 0.000241848 1 7.49681e-07 0.000241098
784.06 0.00327599 1 6.99233e-07 0.00327529
784.5 0.00231089 1 6.50994e-07 0.00231023
784.94 0.00334576 1 6.05962e-07 0.00334515
785.37 0.000379809 1 5.64856e-07 0.000379245
785.81 0.000414627 1 5.25575e-07 0.000414102
786.25 0.00144942 1 4.88927e-07 0.00144893
786.69 0.00148419 1 4.54744e-07 0.00148374
787.12 0.00251815 1 4.23566e-07 0.00251773
787.56 -0.000447123 1 3.93796e-07 -0.000447517
788 0.00458759 1 3.66046e-07 0.00458722
788.43 0.00162149 1 3.40751e-07 0.00162115
788.87 0.00265616 1 3.16613e-07 0.00265585
789.31 0.00169083 1 2.94126e-07 0.00169053
789.75 -0.000274527 1 2.73182e-07 -0.0002748
790.18 0.00175932 1 2.54106e-07 0.00175907
790.62 0.000793948 1 2.35918e-07 0.000793712
791.06 -0.000171434 1 2.18988e-07 -0.000171653
791.49 0.00286239 1 2.03578e-07 0.00286219
791.93 0.00189699 1 1.88894e-07 0.0018968
792.37 -0.00306841 1 1.75234e-07 -0.00306858
792.8 0.0069654 1 1.62808e-07 0.00696524
793.24 0 1 1.50975e-07 -1.50975e-07
793.68 0.0040346 1 1.39973e-07 0.00403446
794.11 0.00206841 1 1.29972e-07 0.00206828
794.55 0.00410301 1 1.20453e-07 0.00410289
794.99 0.00313761 1 1.1161e-07 0.0031375
795.42 0.00317143 1 1.03575e-07 0.00317133
795.86 0.00320605 1 9.5932e-08 0.00320596
796.3 0.00224068 1 8.88357e-08 0.00224059
796.73 0.00127453 1 8.23921e-08 0.00127444
797.17 0.00230917 1 7.62672e-08 0.0023091
797.61 0.00134384 1 7.05834e-08 0.00134377
798.04 0.00437772 1 6.54256e-08 0.00437766
798.48 0.00241241 1 6.05258e-08 0.00241235
798.91 0.00544633 1 5.60813e-08 0.00544628
799.35 -0.000518938 1 5.18608e-08 -0.00051899
799.79 0.00051581 1 4.79483e-08 0.000515762
800.22 0.00554979 1 4.44015e-08 0.00554974
800.66 0.00158458 1 4.10355e-08 0.00158454
801.1 0.0026194 1 3.79171e-08 0.00261936
