500.34 0.00332731 1 5.63162e-05 0.00327099
500.8 0.0024243 1 5.97524e-05 0.00236455
501.25 0.000519193 1 6.33035e-05 0.00045589
501.71 0.000616194 1 6.71374e-05 0.000549057
502.17 0.0027132 1 7.11881e-05 0.00264201
502.62 0.000808095 1 7.53713e-05 0.000732723
503.08 -0.0010949 1 7.98847e-05 -0.00117478
503.53 0 1 8.45436e-05 -8.45436e-05
503.99 0.00209701 1 8.95679e-05 0.00200744
504.44 0.00219191 1 9.47519e-05 0.00209715
504.9 -0.000711089 1 0.00010034 -0.000811429
505.36 0.00338591 1 0.000106235 0.00327968
505.81 0.000480807 1 0.000112313 0.000368494
506.27 0.000577805 1 0.00011886 0.000458945
506.72 0.00267269 1 0.000125608 0.00254708
507.18 0.00276968 1 0.000132873 0.00263681
507.63 0.00286456 1 0.000140358 0.0027242
508.09 0.00496154 1 0.000148413 0.00481312
508.54 5.6401e-05 1 0.000156707 -0.000100306
509 0.00315337 1 0.00016563 0.00298774
509.45 0.00324822 1 0.000174813 0.0030734
509.91 0.00134517 1 0.000184688 0.00116048
510.36 0.00644 1 0.000194846 0.00624516
510.82 0.00553694 1 0.000205765 0.00533117
511.27 0.00263175 1 0.000216992 0.00241476
511.73 0.00372866 1 0.000229053 0.00349961
512.19 0.00282556 1 0.000241732 0.00258383
512.64 -7.96532e-05 1 0.000254762 -0.000334415
513.1 0.00401722 1 0.000268749 0.00374847
513.55 0.00211198 1 0.000283117 0.00182886
514.01 0.00320883 1 0.000298533 0.0029103
514.46 0.00430356 1 0.000314361 0.0039892
514.92 0.00440038 1 0.000331338 0.00406904
515.37 0.00349508 1 0.000348759 0.00314632
515.83 0.00259187 1 0.000367436 0.00222443
516.28 0.00368654 1 0.000386594 0.00329994
516.73 0.00478119 1 0.000406666 0.00437452
517.19 0.00287793 1 0.000428171 0.00244976
517.64 0.00297254 1 0.000450214 0.00252233
518.1 0.00406924 1 0.000473818 0.00359542
518.55 0.00316382 1 0.000498003 0.00266581
519.01 0.00426048 1 0.000523889 0.00373659
519.46 0.00335501 1 0.000550399 0.00280461
519.92 0.00245163 1 0.000578762 0.00187286
520.37 0.00254612 1 0.000607794 0.00193833
520.83 0.00464269 1 0.000638841 0.00400385
521.28 -0.000262863 1 0.000670607 -0.00093347
521.74 0.00283366 1 0.000704562 0.0021291
522.19 0.00492806 1 0.000739286 0.00418877
522.65 0.00202453 1 0.000776386 0.00124814
523.1 0.00211888 1 0.00081431 0.00130457
523.55 0.0042132 1 0.000853909 0.00335929
524.01 0.00430959 1 0.000896189 0.0034134
524.46 0.00340386 1 0.000939377 0.00246448
524.92 0.0015002 1 0.000985467 0.000514729
525.37 0.00459441 1 0.00103253 0.00356188
525.83 0.00569068 1 0.00108272 0.00460796
526.28 0.00578484 1 0.00113395 0.00465089
526.73 0.00387896 1 0.00118736 0.0026916
527.19 0.00297514 1 0.00124429 0.00173085
527.64 0.0030692 1 0.00130235 0.00176685
528.1 0.00516532 1 0.00136421 0.00380111
528.55 0.00425932 1 0.00142727 0.00283205
529.01 0.00635537 1 0.00149442 0.00486095
529.46 0.00444929 1 0.00156284 0.00288645
529.91 0.00354319 1 0.00163406 0.00190913
530.37 0.00463913 1 0.00170985 0.00292928
530.82 0.00473295 1 0.00178702 0.00294593
531.28 0.00482882 1 0.00186911 0.00295971
531.73 0.00592257 1 0.00195265 0.00396992
532.18 0.00601629 1 0.00203951 0.00397678
532.64 0.00511204 1 0.00213183 0.00298021
533.09 0.00820567 1 0.00222572 0.00597995
533.54 0.00529927 1 0.00232327 0.002976
534 0.0073949 1 0.00242688 0.00496802
534.45 0.00848842 1 0.00253219 0.00595623
534.91 0.00558397 1 0.00264399 0.00293998
535.36 0.0056774 1 0.00275756 0.00291983
535.81 0.00877079 1 0.00287542 0.00589537
536.27 0.00486621 1 0.00300046 0.00186575
536.72 0.00795951 1 0.00312739 0.00483212
537.17 0.00705277 1 0.00325901 0.00379375
537.63 0.00814805 1 0.00339857 0.00474949
538.08 0.0102412 1 0.00354012 0.0067011
538.54 0.00733641 1 0.00369013 0.00364628
538.99 0.0104295 1 0.00384223 0.00658726
539.44 0.00852251 1 0.00399976 0.00452275
539.9 0.00861756 1 0.00416659 0.00445097
540.35 0.00871049 1 0.00433561 0.00437488
540.8 0.00780337 1 0.00451055 0.00329282
541.26 0.0108983 1 0.00469568 0.00620259
541.71 0.0119911 1 0.00488312 0.00710793
542.16 0.0120838 1 0.00507698 0.0070068
542.62 0.0131785 1 0.00528198 0.00789654
543.07 0.0122711 1 0.00548938 0.00678176
543.52 0.0113637 1 0.00570375 0.00565997
543.98 0.0114583 1 0.00593027 0.00552803
544.43 0.0115508 1 0.00615928 0.00539149
544.88 0.0116432 1 0.00639581 0.00524737
545.34 0.0117376 1 0.00664557 0.00509202
545.79 0.0138299 1 0.00689789 0.00693201
546.24 0.0119221 1 0.00715831 0.00476383
546.69 0.0110143 1 0.00742703 0.00358731
547.15 0.0171085 1 0.0077105 0.00939802
547.6 0.0152006 1 0.0079966 0.00720399
548.05 0.0162926 1 0.0082916 0.00800101
548.51 0.0143866 1 0.00860257 0.00578404
548.96 0.0174785 1 0.0089162 0.00856231
549.41 0.0145703 1 0.00923935 0.00533099
549.86 0.0156621 1 0.00957223 0.00608988
550.32 0.0187559 1 0.00992279 0.00883308
550.77 0.0168475 1 0.010276 0.00657152
551.22 0.0169391 1 0.0106396 0.00629953
551.68 0.0180327 1 0.0110222 0.00701048
552.13 0.0191241 1 0.0114074 0.00771673
552.58 0.0192155 1 0.0118036 0.00741189
553.03 0.0223069 1 0.0122111 0.0100957
553.49 0.0194001 1 0.0126395 0.00676068
553.94 0.0214913 1 0.0130703 0.00842101
554.39 0.0215825 1 0.0135131 0.00806939
554.84 0.0226735 1 0.0139679 0.0087056
555.3 0.0217666 1 0.0144457 0.0073209
555.75 0.0238575 1 0.0149257 0.00893182
556.2 0.0239483 1 0.0154184 0.00852991
556.65 0.0250391 1 0.0159242 0.00911495
557.11 0.0241319 1 0.0164548 0.00767706
557.56 0.0252225 1 0.0169874 0.00823507
558.01 0.0283131 1 0.0175337 0.0107794
558.46 0.0274036 1 0.0180938 0.00930981
558.92 0.027496 1 0.0186808 0.00881522
559.37 0.0285864 1 0.0192695 0.00931692
559.82 0.0286767 1 0.0198726 0.0088041
560.27 0.0287669 1 0.0204903 0.00827657
560.72 0.029857 1 0.0211229 0.00873412
561.18 0.029949 1 0.021785 0.00816402
561.63 0.032039 1 0.0224482 0.00959084
562.08 0.0311289 1 0.0231267 0.00800218
562.53 0.0292187 1 0.0238209 0.00539786
562.99 0.0313105 1 0.0245468 0.00676374
563.44 0.0324002 1 0.0252729 0.00712721
563.89 0.0324897 1 0.0260152 0.00647449
564.34 0.0335792 1 0.0267738 0.00680543
564.79 0.0356687 1 0.0275488 0.00811987
565.25 0.03476 1 0.0283581 0.00640186
565.7 0.0358493 1 0.0291668 0.00668247
566.15 0.0359384 1 0.0299923 0.00594614
566.6 0.0370275 1 0.0308348 0.00619275
567.05 0.0381165 1 0.0316944 0.00642215
567.5 0.0382055 1 0.0325712 0.00563425
567.96 0.0412963 1 0.0334855 0.00781083
568.41 0.040385 1 0.0343975 0.00598759
568.86 0.0394737 1 0.035327 0.00414673
569.31 0.0405623 1 0.0362741 0.00428816
569.76 0.0406508 1 0.037239 0.00341182
570.21 0.0437392 1 0.0382216 0.00551763
570.67 0.0438295 1 0.0392444 0.00458506
571.12 0.0439177 1 0.0402631 0.00365462
571.57 0.0460059 1 0.0412997 0.00470618
572.02 0.0460939 1 0.0423542 0.00373972
572.47 0.0461819 1 0.0434267 0.00275523
572.92 0.0482698 1 0.0445171 0.0037527
573.37 0.0493575 1 0.0456254 0.00373213
573.83 0.0514472 1 0.0467769 0.00467026
574.28 0.0515348 1 0.0479215 0.00361328
574.73 0.0506223 1 0.0490839 0.00153836
575.18 0.0517097 1 0.0502641 0.00144553
575.63 0.051797 1 0.0514621 0.000334879
576.08 0.0538842 1 0.0526777 0.00120647
576.53 0.0539713 1 0.0539109 6.04016e-05
576.98 0.0550583 1 0.0551615 -0.000103227
577.44 0.0561472 1 0.0564579 -0.000310739
577.89 0.055234 1 0.0577435 -0.0025095
578.34 0.0593207 1 0.0590461 0.000274574
578.79 0.0584073 1 0.0603657 -0.00195835
579.24 0.0594939 1 0.061702 -0.00220811
579.69 0.0615803 1 0.0630548 -0.00147451
580.14 0.0606666 1 0.064424 -0.00375735
580.59 0.0637529 1 0.0658093 -0.0020564
581.04 0.064839 1 0.0672104 -0.00237146
581.49 0.064925 1 0.0686272 -0.00370225
581.95 0.0670128 1 0.0700914 -0.00307862
582.4 0.0680986 1 0.0715391 -0.00344044
582.85 0.0701843 1 0.0730015 -0.00281717
583.3 0.0702699 1 0.0744784 -0.00420849
583.75 0.0723554 1 0.0759695 -0.0036141
584.2 0.0734408 1 0.0774745 -0.00403364
584.65 0.0755261 1 0.0789929 -0.00346677
585.1 0.0776113 1 0.0805244 -0.00291311
585.55 0.0786964 1 0.0820687 -0.00337229
586 0.0787813 1 0.0836252 -0.0048439
586.45 0.0808662 1 0.0851937 -0.00432753
586.9 0.0819509 1 0.0867737 -0.00482275
587.35 0.0830355 1 0.0883647 -0.00532911
587.8 0.0861201 1 0.0899662 -0.00384615
588.25 0.0862045 1 0.0915779 -0.00537341
588.71 0.0902906 1 0.0932353 -0.00294464
589.16 0.0913748 1 0.0948659 -0.00349102
589.61 0.0904589 1 0.096505 -0.00604609
590.06 0.0935429 1 0.0981522 -0.0046093
590.51 0.0936267 1 0.0998068 -0.00618012
590.96 0.0957104 1 0.101468 -0.00575799
591.41 0.099794 1 0.103136 -0.00334232
591.86 0.100878 1 0.10481 -0.00393253
592.31 0.102961 1 0.106489 -0.00352802
592.76 0.105044 1 0.108172 -0.00312819
593.21 0.104127 1 0.10986 -0.00573239
593.66 0.10921 1 0.11155 -0.00234001
594.11 0.109293 1 0.113244 -0.00395039
594.56 0.110376 1 0.114939 -0.00456287
595.01 0.114459 1 0.116635 -0.00217678
595.46 0.114541 1 0.118333 -0.00379145
595.91 0.116624 1 0.12003 -0.00340619
596.36 0.118706 1 0.121726 -0.00302031
596.81 0.121788 1 0.123421 -0.00163309
597.26 0.12087 1 0.125114 -0.00424383
597.71 0.122952 1 0.126804 -0.00385182
598.16 0.126034 1 0.12849 -0.00245632
598.61 0.129116 1 0.130172 -0.00105661
599.06 0.129197 1 0.131849 -0.00265195
599.51 0.130279 1 0.13352 -0.0032416
599.96 0.13136 1 0.135185 -0.00382484
600.41 0.132441 1 0.136842 -0.00440091
600.86 0.138522 1 0.138491 3.09301e-05
601.31 0.139603 1 0.140132 -0.00052858
601.76 0.141684 1 0.141762 -7.8699e-05
602.21 0.144764 1 0.143383 0.00138131
602.65 0.146843 1 0.144957 0.00188605
603.1 0.146924 1 0.146555 0.000368263
603.55 0.147004 1 0.148141 -0.00113722
604 0.149084 1 0.149714 -0.000629672
604.45 0.152164 1 0.151272 0.000891609
604.9 0.152244 1 0.152817 -0.000572676
605.35 0.156324 1 0.154345 0.00197816
605.8 0.155403 1 0.155858 -0.000455202
606.25 0.157483 1 0.157355 0.000127892
606.7 0.160562 1 0.158834 0.00172809
607.15 0.160641 1 0.160295 0.000346011
607.6 0.16372 1 0.161738 0.00198227
608.05 0.163799 1 0.163162 0.000637439
608.5 0.165878 1 0.164566 0.00131209
608.95 0.165957 1 0.16595 6.74036e-06
609.39 0.169033 1 0.167283 0.00175023
609.84 0.168112 1 0.168626 -0.000514084
610.29 0.16819 1 0.169947 -0.00175698
610.74 0.171268 1 0.171246 2.19407e-05
611.19 0.173346 1 0.172523 0.000823058
611.64 0.174424 1 0.173777 0.000646697
612.09 0.174501 1 0.175008 -0.000506859
612.54 0.177579 1 0.176216 0.00136263
612.99 0.176656 1 0.177401 -0.000744645
613.44 0.179733 1 0.178562 0.00117145
613.88 0.178809 1 0.179675 -0.000865677
614.33 0.179886 1 0.180789 -0.000903154
614.78 0.181963 1 0.18188 8.28249e-05
615.23 0.182039 1 0.182947 -0.000907837
615.68 0.184116 1 0.183991 0.000124701
616.13 0.183192 1 0.185012 -0.00181979
616.58 0.184268 1 0.18601 -0.00174163
617.03 0.185344 1 0.186985 -0.00164117
617.47 0.184419 1 0.187918 -0.00349962
617.92 0.186494 1 0.188851 -0.00235652
618.37 0.18857 1 0.189763 -0.00119275
618.82 0.185645 1 0.190654 -0.00500901
619.27 0.189721 1 0.191527 -0.00180611
619.72 0.189796 1 0.192381 -0.00258494
620.17 0.188871 1 0.193217 -0.00434649
620.61 0.188944 1 0.194019 -0.00507546
621.06 0.190019 1 0.194825 -0.00480614
621.51 0.189093 1 0.195616 -0.00652308
621.96 0.191167 1 0.196395 -0.00522768
622.41 0.192242 1 0.197163 -0.00492144
622.86 0.193316 1 0.197922 -0.00460595
623.3 0.194388 1 0.198656 -0.00426796
623.75 0.194462 1 0.199401 -0.00493934
624.2 0.196535 1 0.200142 -0.00360691
624.65 0.196609 1 0.200881 -0.00427269
625.1 0.196682 1 0.201621 -0.00493883
625.54 0.196754 1 0.202346 -0.00559267
625.99 0.197826 1 0.203093 -0.00526624
626.44 0.199899 1 0.203846 -0.00394715
626.89 0.200972 1 0.20461 -0.00363797
627.34 0.200044 1 0.205386 -0.00534133
627.78 0.204115 1 0.206159 -0.00204382
628.23 0.205187 1 0.206967 -0.00178013
628.68 0.205259 1 0.207796 -0.00253736
629.13 0.206331 1 0.208649 -0.0023185
629.58 0.206403 1 0.209529 -0.00312657
630.02 0.209472 1 0.210418 -0.000945698
630.47 0.211544 1 0.21136 0.000183799
630.92 0.210615 1 0.212338 -0.00172299
631.37 0.214686 1 0.213355 0.00133073
631.81 0.217755 1 0.214391 0.00336418
632.26 0.216826 1 0.215495 0.00133026
632.71 0.219896 1 0.216649 0.00324722
633.16 0.219966 1 0.217855 0.00211185
633.61 0.222037 1 0.219116 0.00292096
634.05 0.225105 1 0.220405 0.00469986
634.5 0.225175 1 0.221785 0.00339003
634.95 0.228244 1 0.223229 0.00501557
635.4 0.229314 1 0.22474 0.00457359
635.84 0.234382 1 0.226286 0.00809571
636.29 0.234451 1 0.227939 0.00651214
636.74 0.23752 1 0.229666 0.00785319
637.18 0.239587 1 0.231431 0.00815598
637.63 0.238655 1 0.233314 0.00534126
638.08 0.243724 1 0.235279 0.00844477
638.53 0.243792 1 0.237327 0.00646481
638.97 0.248858 1 0.239412 0.00944672
639.42 0.250926 1 0.241629 0.00929756
639.87 0.251994 1 0.243933 0.00806131
640.32 0.256062 1 0.246324 0.00973733
640.76 0.259127 1 0.248748 0.0103798
641.21 0.261194 1 0.251313 0.00988169
641.66 0.263261 1 0.253966 0.00929582
642.1 0.267327 1 0.256643 0.0106833
642.55 0.269393 1 0.259467 0.00992632
643 0.27346 1 0.262375 0.0110849
643.44 0.273525 1 0.265298 0.00822667
643.89 0.280591 1 0.268367 0.012224
644.34 0.280656 1 0.271513 0.00914361
644.79 0.284722 1 0.274733 0.00998861
645.23 0.287786 1 0.277951 0.009835
645.68 0.291851 1 0.281308 0.0105433
646.13 0.291917 1 0.284728 0.00718894
646.57 0.29698 1 0.288127 0.0088531
647.02 0.299045 1 0.291655 0.00738937
647.47 0.302109 1 0.295231 0.00687867
647.91 0.303172 1 0.298766 0.00440648
648.36 0.309236 1 0.302415 0.00682139
648.81 0.3123 1 0.306092 0.00620887
649.25 0.316363 1 0.309706 0.00665715
649.7 0.316426 1 0.313414 0.00301239
650.15 0.32049 1 0.317127 0.0033632
650.59 0.323552 1 0.320753 0.0027989
651.04 0.325615 1 0.324449 0.00116607
651.48 0.325676 1 0.328041 -0.00236524
651.93 0.330739 1 0.331685 -0.000946421
652.38 0.334801 1 0.335289 -0.000487412
652.82 0.336862 1 0.338764 -0.00190151
653.27 0.333924 1 0.342258 -0.00833419
653.72 0.340986 1 0.345683 -0.00469721
654.16 0.340046 1 0.348955 -0.00890841
654.61 0.345108 1 0.352211 -0.00710372
655.06 0.348169 1 0.355368 -0.00719901
655.5 0.349229 1 0.358348 -0.00911897
655.95 0.34429 1 0.361276 -0.0169863
656.39 0.350349 1 0.364013 -0.013664
656.84 0.358409 1 0.366673 -0.00826405
657.29 0.36047 1 0.369184 -0.00871422
657.73 0.359528 1 0.371484 -0.0119559
658.18 0.361588 1 0.37367 -0.0120817
658.62 0.362647 1 0.375635 -0.0129888
659.07 0.365706 1 0.377461 -0.0117551
659.52 0.365765 1 0.379092 -0.013327
659.96 0.366823 1 0.380491 -0.0136684
660.41 0.368882 1 0.381715 -0.0128331
660.85 0.368939 1 0.382702 -0.0137624
661.3 0.370998 1 0.38349 -0.0124924
661.74 0.373055 1 0.384039 -0.0109849
662.19 0.374113 1 0.38437 -0.010257
662.64 0.37417 1 0.384461 -0.0102902
663.08 0.373227 1 0.384314 -0.0110877
663.53 0.374284 1 0.383921 -0.00963677
663.97 0.37434 1 0.383295 -0.00895478
664.42 0.375397 1 0.382406 -0.00700858
664.86 0.374452 1 0.381291 -0.00683876
665.31 0.376509 1 0.3799 -0.00339137
665.75 0.376564 1 0.378295 -0.00173062
666.2 0.37262 1 0.376402 -0.00378158
666.65 0.376676 1 0.374257 0.00241953
667.09 0.372731 1 0.371917 0.000813566
667.54 0.371786 1 0.369279 0.00250671
667.98 0.36784 1 0.366464 0.00137608
668.43 0.366895 1 0.363347 0.00354816
668.87 0.366949 1 0.360071 0.00687752
669.32 0.361003 1 0.356493 0.00451028
669.76 0.358057 1 0.352777 0.00527937
670.21 0.358111 1 0.348761 0.00934974
670.65 0.354164 1 0.34463 0.00953375
671.1 0.350217 1 0.340203 0.0100142
671.54 0.34727 1 0.335686 0.0115841
671.99 0.344323 1 0.33088 0.013443
672.43 0.336375 1 0.326009 0.0103663
672.88 0.334428 1 0.320859 0.0135686
673.32 0.330479 1 0.31567 0.0148094
673.77 0.325532 1 0.310215 0.0153171
674.21 0.318583 1 0.304746 0.013837
674.66 0.311635 1 0.299025 0.0126098
675.1 0.306685 1 0.293317 0.0133685
675.55 0.299737 1 0.287373 0.0123644
675.99 0.293787 1 0.281467 0.0123203
676.44 0.288838 1 0.275342 0.013496
676.88 0.281888 1 0.269281 0.0126067
677.33 0.274939 1 0.26302 0.0119189
677.77 0.266988 1 0.256846 0.0101418
678.22 0.260038 1 0.250491 0.00954722
678.66 0.253087 1 0.244247 0.00884025
679.11 0.246137 1 0.23784 0.00829636
679.55 0.238185 1 0.231566 0.0066186
679.99 0.230233 1 0.225293 0.00494061
680.44 0.223282 1 0.218886 0.00439624
680.88 0.21633 1 0.212641 0.00368927
681.33 0.210378 1 0.206282 0.00409643
681.77 0.202426 1 0.200101 0.00232424
682.22 0.193474 1 0.193827 -0.00035286
682.66 0.188521 1 0.187745 0.000776075
683.11 0.180568 1 0.181587 -0.00101826
683.55 0.174615 1 0.175634 -0.00101895
683.99 0.168661 1 0.169755 -0.00109412
684.44 0.161708 1 0.163826 -0.0021183
684.88 0.156753 1 0.158116 -0.00136315
685.33 0.1468 1 0.152373 -0.00557287
685.77 0.140845 1 0.146855 -0.00601003
686.21 0.13589 1 0.14144 -0.00554957
686.66 0.128936 1 0.136011 -0.00707536
687.1 0.12198 1 0.130815 -0.00883465
687.55 0.121025 1 0.125618 -0.00459282
687.99 0.112069 1 0.120655 -0.00858595
688.44 0.107114 1 0.115703 -0.0085892
688.88 0.0991578 1 0.110985 -0.0118269
689.32 0.0952011 1 0.10639 -0.0111886
689.77 0.0912452 1 0.10182 -0.0105745
690.21 0.089288 1 0.097479 -0.00819099
690.65 0.0803307 1 0.0932654 -0.0129347
691.1 0.079374 1 0.0890878 -0.00971385
691.54 0.0754161 1 0.0851322 -0.00971604
691.99 0.070459 1 0.0812183 -0.0107594
692.43 0.0675006 1 0.0775198 -0.0100192
692.87 0.063542 1 0.0739474 -0.0104053
693.32 0.0605841 1 0.0704231 -0.00983897
693.76 0.055625 1 0.0671023 -0.0114773
694.2 0.0546657 1 0.0639038 -0.00923807
694.65 0.0517071 1 0.0607573 -0.00905019
695.09 0.0477473 1 0.0578007 -0.0100534
695.53 0.0427872 1 0.0549606 -0.0121733
695.98 0.0418279 1 0.0521742 -0.0103463
696.42 0.0418673 1 0.0495629 -0.00769555
696.86 0.0389065 1 0.0470609 -0.00815439
697.31 0.0359464 1 0.0446125 -0.00866616
697.75 0.0359851 1 0.0423238 -0.00633867
698.19 0.0320236 1 0.0401362 -0.00811265
698.64 0.0300627 1 0.0380007 -0.00793801
699.08 0.0271007 1 0.0360091 -0.00890844
699.52 0.0281384 1 0.03411 -0.00597157
699.97 0.0251767 1 0.0322602 -0.00708345
700.41 0.024214 1 0.0305389 -0.00632496
700.85 0.0232509 1 0.0289011 -0.00565012
701.3 0.0202885 1 0.0273091 -0.00702063
701.74 0.019325 1 0.0258309 -0.00650588
702.18 0.0183612 1 0.024427 -0.00606579
702.63 0.017398 1 0.0230651 -0.00566714
703.07 0.0124337 1 0.0218029 -0.00936916
703.51 0.0134692 1 0.0206063 -0.0071371
703.96 0.0125052 1 0.0194475 -0.00694233
704.4 0.0125402 1 0.0183753 -0.00583515
704.84 0.0125749 1 0.0173605 -0.00478563
705.28 0.0096093 1 0.0164004 -0.00679115
705.73 0.00964426 1 0.0154726 -0.00582835
706.17 0.00767819 1 0.0146157 -0.0069375
706.61 0.0107119 1 0.0138061 -0.00309422
707.06 0.00674604 1 0.0130246 -0.00627854
707.5 0.00677919 1 0.0123036 -0.00552444
707.94 0.00681208 1 0.0116232 -0.00481112
708.38 0.00484472 1 0.0109812 -0.00613647
708.83 0.00587783 1 0.0103622 -0.00448442
709.27 0.00290994 1 0.0097919 -0.00688196
709.71 0.00294179 1 0.00925414 -0.00631234
710.15 0.00397339 1 0.00874718 -0.0047738
710.6 0.00400542 1 0.00825881 -0.00425339
711.04 -0.000963513 1 0.00780907 -0.00877258
711.48 0.00406729 1 0.00738524 -0.00331795
711.92 0.00109782 1 0.00698585 -0.00588802
712.37 0.00112878 1 0.00660119 -0.00547241
712.81 0.000158786 1 0.00624702 -0.00608823
713.25 0.00118853 1 0.00591325 -0.00472472
713.69 0.000218 1 0.00559869 -0.00538069
714.13 -0.000752792 1 0.00530221 -0.006055
714.58 -0.0017232 1 0.00501657 -0.00673976
715.02 -0.00169453 1 0.00475343 -0.00644795
715.46 -0.00166612 1 0.00450529 -0.00617141
715.9 -0.00063799 1 0.00427125 -0.00490924
716.35 0.000390506 1 0.00404559 -0.00365509
716.79 0.0014181 1 0.00383752 -0.00241943
717.23 0.00144542 1 0.00364113 -0.00219571
717.67 -0.000527532 1 0.00345569 -0.00398323
718.11 -0.00350075 1 0.00328056 -0.00678131
718.56 -0.00147364 1 0.00311144 -0.00458508
719 -0.000447414 1 0.00295525 -0.00340267
719.44 -0.00142146 1 0.00280759 -0.00422904
719.88 -0.00139577 1 0.00266792 -0.00406369
720.32 -0.000370358 1 0.00253578 -0.00290613
720.76 -0.00434522 1 0.0024107 -0.00675592
721.21 -0.0013198 1 0.00228964 -0.00360944
721.65 -0.00229521 1 0.00217759 -0.0044728
722.09 -0.00227091 1 0.0020714 -0.00434231
722.53 -0.00324688 1 0.00197073 -0.00521761
722.97 -0.00222313 1 0.00187526 -0.00409838
723.41 -0.00219965 1 0.00178467 -0.00398432
723.86 -0.00217593 1 0.0016968 -0.00387273
724.3 -0.00315302 1 0.00161526 -0.00476828
724.74 -0.00113038 1 0.00153782 -0.0026682
725.18 -0.00210803 1 0.00146424 -0.00357227
725.62 -8.59544e-05 1 0.0013943 -0.00148025
726.06 -0.00106416 1 0.0013278 -0.00239196
726.5 -4.26498e-05 1 0.00126455 -0.0013072
726.95 -0.00102094 1 0.00120304 -0.00222399
727.39 0 1 0.00114584 -0.00114584
727.83 0.00102066 1 0.00109139 -7.07359e-05
728.27 0.00104104 1 0.00103955 1.48676e-06
728.71 -0.000938867 1 0.000990172 -0.00192904
729.15 -0.00191905 1 0.000943135 -0.00286218
729.59 -0.000899501 1 0.000898319 -0.00179782
730.03 -0.000880229 1 0.000855611 -0.00173584
730.48 -0.0008608 1 0.000814002 -0.0016748
730.92 0.00215792 1 0.000775239 0.00138268
731.36 -0.00182362 1 0.000738284 -0.0025619
731.8 0.00119457 1 0.000703046 0.000491525
732.24 0.0032125 1 0.000669443 0.00254305
732.68 0.00123016 1 0.000637396 0.000592766
733.12 0.00124757 1 0.000606831 0.000640734
733.56 0.00126471 1 0.000577678 0.000687033
734 0.0022816 1 0.000549871 0.00173173
734.44 0.000298234 1 0.000523347 -0.000225113
734.89 0.00131499 1 0.000497485 0.0008175
735.33 0.000331111 1 0.000473378 -0.000142267
735.77 0.00134699 1 0.000450383 0.000896604
736.21 0.00236262 1 0.00042845 0.00193417
736.65 0.002378 1 0.000407531 0.00197047
737.09 0.00139314 1 0.00038758 0.00100556
737.53 0.00140804 1 0.000368553 0.00103949
737.97 0.0034227 1 0.000350408 0.00307229
738.41 0.00143713 1 0.000333107 0.00110402
738.85 0.00145131 1 0.000316612 0.0011347
739.29 0.00346527 1 0.000300886 0.00316438
739.73 0.00147899 1 0.000285895 0.00119309
740.17 0.00149248 1 0.000271607 0.00122087
740.61 0.000505744 1 0.00025799 0.000247753
741.05 0.00251878 1 0.000245015 0.00227377
741.49 0.00253159 1 0.000232652 0.00229894
741.93 0.00354419 1 0.000220876 0.00332331
742.37 0.00255656 1 0.000209658 0.0023469
742.81 0.00156871 1 0.000198975 0.00136973
743.26 0.00158091 1 0.000188578 0.00139233
743.7 0.000592626 1 0.000178904 0.000413722
744.14 0.00260413 1 0.000169696 0.00243443
744.58 0.00261542 1 0.000160932 0.00245449
745.02 0.0026265 1 0.000152593 0.00247391
745.46 0.000637377 1 0.000144659 0.000492717
745.9 -0.00135195 1 0.000137112 -0.00148907
746.34 0.00265851 1 0.000129935 0.00252858
746.78 0.00266878 1 0.00012311 0.00254567
747.22 -0.000321158 1 0.000116621 -0.000437779
747.66 0.000688709 1 0.000110454 0.000578256
748.1 -0.000301619 1 0.000104592 -0.000406212
748.54 0.00370786 1 9.90232e-05 0.00360883
748.98 0.00271714 1 9.37325e-05 0.00262341
749.42 0.00172624 1 8.87074e-05 0.00163753
749.86 0.00273514 1 8.39355e-05 0.00265121
750.29 0.00374367 1 7.95054e-05 0.00366416
750.73 0.000752209 1 7.51998e-05 0.000677009
751.17 0.00276057 1 7.11135e-05 0.00268945
751.61 0.00176874 1 6.72362e-05 0.00170151
752.05 0.00077674 1 6.35579e-05 0.000713182
752.49 0.00378456 1 6.00691e-05 0.00372449
752.93 -0.00120779 1 5.67608e-05 -0.00126456
753.37 0.00279968 1 5.36241e-05 0.00274605
753.81 0.000806978 1 5.06509e-05 0.000756328
754.25 0.00081411 1 4.78332e-05 0.000766277
754.69 0.00382107 1 4.51633e-05 0.00377591
755.13 0.00282787 1 4.26341e-05 0.00278524
755.57 0.000834506 1 4.02386e-05 0.000794267
756.01 0.000840978 1 3.79703e-05 0.000803008
756.45 -0.00115271 1 3.58228e-05 -0.00118853
756.89 0.000853445 1 3.37901e-05 0.000819655
757.33 0.00185944 1 3.18665e-05 0.00182758
757.77 0.00286529 1 3.00464e-05 0.00283524
758.21 0.000870978 1 2.83247e-05 0.000842653
758.64 -0.00212361 1 2.67325e-05 -0.00215034
759.08 -0.00011821 1 2.51909e-05 -0.000143401
759.52 0.000887039 1 2.37335e-05 0.000863305
759.96 -0.000107858 1 2.2356e-05 -0.000130214
760.4 -0.000102897 1 2.10543e-05 -0.000123951
760.84 -9.80772e-05 1 1.98245e-05 -0.000117902
761.28 -0.0020934 1 1.86628e-05 -0.00211206
761.72 0.000911146 1 1.75658e-05 0.00089358
762.16 -0.00108445 1 1.65299e-05 -0.00110098
762.6 -0.00108017 1 1.55521e-05 -0.00109572
763.03 0.00292388 1 1.46496e-05 0.00290923
763.47 0.000927893 1 1.37777e-05 0.000914115
763.91 -6.82197e-05 1 1.2955e-05 -8.11748e-05
764.35 -0.00206446 1 1.21791e-05 -0.00207664
764.79 -0.00106082 1 1.14474e-05 -0.00107227
765.23 -0.00105731 1 1.07575e-05 -0.00106806
765.67 -0.00105391 1 1.01072e-05 -0.00106402
766.11 -5.06351e-05 1 9.49436e-06 -6.01295e-05
766.54 0.000952454 1 8.92964e-06 0.000943524
766.98 -0.0050445 1 8.3849e-06 -0.00505288
767.42 0.000958436 1 7.87184e-06 0.000950564
767.86 0.00296126 1 7.38871e-06 0.00295387
768.3 -0.00203603 1 6.93386e-06 -0.00204296
768.74 -0.00303342 1 6.50573e-06 -0.00303992
769.17 0.000969028 1 6.11171e-06 0.000962916
769.61 -0.00102857 1 5.7321e-06 -0.0010343
770.05 0.000973728 1 5.37501e-06 0.000968353
770.49 0.000975928 1 5.03917e-06 0.000970889
770.93 -2.19697e-05 1 4.72337e-06 -2.6693e-05
771.37 -1.99635e-05 1 4.42649e-06 -2.439e-05
771.8 -1.80938e-05 1 4.1536e-06 -2.22474e-05
772.24 -0.00201627 1 3.89102e-06 -0.00202016
772.68 -0.00301454 1 3.64431e-06 -0.00301818
773.12 -0.0040129 1 3.41257e-06 -0.00401631
773.56 -0.00101134 1 3.19493e-06 -0.00101453
774 0.000990133 1 2.99058e-06 0.000987143
774.43 0.00199149 1 2.80298e-06 0.00198869
774.87 -0.0020072 1 2.62268e-06 -0.00200982
775.31 0.000994035 1 2.45349e-06 0.000991582
775.75 -0.00200481 1 2.29476e-06 -0.0020071
776.19 -0.00400373 1 2.14587e-06 -0.00400588
776.62 -0.00100275 1 2.00933e-06 -0.00100476
777.06 -0.00200181 1 1.87823e-06 -0.00200369
777.5 0.00199906 1 1.75533e-06 0.0019973
777.94 -0.00300014 1 1.64016e-06 -0.00300178
778.37 0.00100057 1 1.53461e-06 0.00099904
778.81 1.2462e-06 1 1.43335e-06 -1.87156e-07
779.25 -0.00399814 1 1.33852e-06 -0.00399948
779.69 -0.0019976 1 1.24971e-06 -0.00199885
780.13 2.89543e-06 1 1.16656e-06 1.72887e-06
780.56 -0.00499668 1 1.09044e-06 -0.00499777
781 -0.000996298 1 1.01749e-06 -0.000997315
781.44 -0.00199597 1 9.49233e-07 -0.00199692
781.88 4.3087e-06 1 8.85381e-07 3.42332e-06
782.31 -0.00499547 1 8.26973e-07 -0.00499629
782.75 -0.00299528 1 7.71043e-07 -0.00299605
783.19 -0.00199515 1 7.18753e-07 -0.00199586
783.63 4.9497e-06 1 6.69877e-07 4.27982e-06
784.06 -0.002995 1 6.25206e-07 -0.00299562
784.5 -0.00199498 1 5.82463e-07 -0.00199556
784.94 0.004005 1 5.42536e-07 0.00400445
785.37 -0.00399506 1 5.06065e-07 -0.00399557
785.81 -0.00399515 1 4.71191e-07 -0.00399562
786.25 -0.000995275 1 4.38632e-07 -0.000995714
786.69 0.00100457 1 4.08243e-07 0.00100416
787.12 0.0010044 1 3.80508e-07 0.00100401
787.56 -0.000995812 1 3.54007e-07 -0.000996166
788 0.00200396 1 3.29287e-07 0.00200363
788.43 0.00100371 1 3.06739e-07 0.0010034
788.87 -0.000996565 1 2.85208e-07 -0.00099685
789.31 3.14239e-06 1 2.65136e-07 2.87726e-06
789.75 -0.000997167 1 2.46428e-07 -0.000997414
790.18 -0.000997484 1 2.29378e-07 -0.000997714
790.62 -0.000997822 1 2.1311e-07 -0.000998035
791.06 -0.000998171 1 1.97956e-07 -0.000998369
791.49 0.00100148 1 1.84153e-07 0.0010013
791.93 -0.00399889 1 1.70992e-07 -0.00399906
792.37 -0.00299926 1 1.5874e-07 -0.00299942
792.8 -0.000999623 1 1.47586e-07 -0.000999771
793.24 0 1 1.36958e-07 -1.36958e-07
793.68 0.00299962 1 1.2707e-07 0.0029995
794.11 0.00399926 1 1.18074e-07 0.00399914
794.55 -0.00200111 1 1.09506e-07 -0.00200122
794.99 -0.00200148 1 1.0154e-07 -0.00200158
795.42 -1.82935e-06 1 9.4297e-08 -1.92365e-06
795.86 0.000997822 1 8.74031e-08 0.000997734
796.3 -0.00100252 1 8.09972e-08 -0.0010026
796.73 -0.00500283 1 7.51764e-08 -0.00500291
797.17 -0.00400314 1 6.96395e-08 -0.00400321
797.61 0.000996565 1 6.44975e-08 0.0009965
798.04 -0.0020037 1 5.9828e-08 -0.00200376
798.48 -0.00100396 1 5.53889e-08 -0.00100401
798.91 -0.00200418 1 5.13593e-08 -0.00200423
799.35 -0.00200439 1 4.75299e-08 -0.00200444
799.79 -0.00100457 1 4.39774e-08 -0.00100462
800.22 -4.72184e-06 1 4.07545e-08 -4.7626e-06
800.66 -0.00100485 1 3.76936e-08 -0.00100488
801.1 0.00299506 1 3.48558e-08 0.00299503
