500.34 -0.000500111 1 6.23792e-05 -0.00056249
500.8 0.000572003 1 6.62171e-05 0.000505786
501.25 -0.00135745 1 7.01852e-05 -0.00142764
501.71 -0.000285334 1 7.44714e-05 -0.000359806
502.17 -0.00121322 1 7.90022e-05 -0.00129222
502.62 -0.00214267 1 8.36836e-05 -0.00222635
503.08 -0.00207055 1 8.87368e-05 -0.00215929
503.53 0 1 9.39557e-05 -9.39557e-05
503.99 0.00107212 1 9.95865e-05 0.000972531
504.44 0.000142668 1 0.000105399 3.72687e-05
504.9 0.00121479 1 0.000111668 0.00110312
505.36 0.0012869 1 0.000118284 0.00116862
505.81 0.00235745 1 0.000125109 0.00223234
506.27 -0.00157044 1 0.000132465 -0.0017029
506.72 -0.000499889 1 0.000140049 -0.000639938
507.18 -0.000427777 1 0.00014822 -0.000575997
507.63 -0.00135723 1 0.00015664 -0.00151387
508.09 0.000714874 1 0.000165708 0.000549167
508.54 0.000785413 1 0.000175049 0.000610365
509 -0.000142483 1 0.000185102 -0.000327585
509.45 -7.19483e-05 1 0.000195455 -0.000267403
509.91 -0.000999849 1 0.000206591 -0.00120644
510.36 7.06793e-05 1 0.000218054 -0.000147375
510.82 0.00214277 1 0.00023038 0.00191239
511.27 -0.00178671 1 0.000243061 -0.00202977
511.73 0.000285381 1 0.00025669 2.86908e-05
512.19 0.00235746 1 0.000271024 0.00208644
512.64 -0.000572026 1 0.000285762 -0.000857788
513.1 0.000500048 1 0.000301591 0.000198457
513.55 0.00157055 1 0.000317857 0.00125269
514.01 0.00164262 1 0.00033532 0.0013073
514.46 0.00371311 1 0.000353257 0.00335985
514.92 0.000785165 1 0.000372505 0.00041266
515.37 0.00185565 1 0.000392267 0.00146338
515.83 -7.23066e-05 1 0.000413463 -0.00048577
516.28 0.00199817 1 0.000435216 0.00156295
516.73 0.00106863 1 0.000458017 0.000610616
517.19 0.000140661 1 0.000482457 -0.000341797
517.64 0.00221112 1 0.000507521 0.00170359
518.1 0.00228313 1 0.000534373 0.00174876
518.55 0.00335357 1 0.000561898 0.00279167
519.01 0.00242557 1 0.000591374 0.0018342
519.46 -0.000503998 1 0.000621575 -0.00112557
519.92 0.00156799 1 0.000653901 0.000914087
520.37 0.000638402 1 0.000687006 -4.86039e-05
520.83 0.00171037 1 0.000722426 0.000987948
521.28 0.00178077 1 0.000758682 0.00102209
521.74 0.000852728 1 0.000797455 5.5273e-05
522.19 0.00192311 1 0.000837125 0.00108598
522.65 -4.95159e-06 1 0.00087953 -0.000884481
523.1 0.00106541 1 0.000922896 0.000142518
523.55 0.00313577 1 0.0009682 0.00216757
524.01 0.00220768 1 0.00101659 0.00119109
524.46 0.00227802 1 0.00106605 0.00121197
524.92 0.00334991 1 0.00111885 0.00223106
525.37 0.00542023 1 0.00117279 0.00424744
525.83 0.00149211 1 0.00123035 0.000261751
526.28 0.00556241 1 0.00128913 0.00427328
526.73 0.0026327 1 0.00135043 0.00128227
527.19 0.00270454 1 0.00141581 0.00128873
527.64 0.00377481 1 0.00148251 0.0022923
528.1 0.00484663 1 0.00155361 0.00329301
528.55 0.000916873 1 0.00162613 -0.000709252
529.01 0.00298867 1 0.00170339 0.00128528
529.46 0.00405889 1 0.00178214 0.00227675
529.91 0.00312911 1 0.00186415 0.00126495
530.37 0.00220087 1 0.00195147 0.000249395
530.82 0.00327106 1 0.00204042 0.00123064
531.28 0.00434279 1 0.00213508 0.00220771
531.73 0.00441296 1 0.00223146 0.0021815
532.18 0.00648311 1 0.00233171 0.0041514
532.64 0.00455481 1 0.00243832 0.00211649
533.09 0.00462493 1 0.0025468 0.00207814
533.54 0.00469505 1 0.00265954 0.0020355
534 0.0047667 1 0.00277936 0.00198734
534.45 0.00583679 1 0.00290119 0.0029356
534.91 0.00490842 1 0.0030306 0.00187782
535.36 0.00397848 1 0.00316211 0.000816369
535.81 0.00504852 1 0.00329864 0.00174988
536.27 0.00512011 1 0.00344357 0.00167654
536.72 0.00619012 1 0.00359075 0.00259937
537.17 0.00926012 1 0.00374345 0.00551667
537.63 0.00633166 1 0.00390542 0.00242624
538.08 0.0104016 1 0.00406979 0.00633184
538.54 0.00947314 1 0.00424406 0.00522908
538.99 0.0115431 1 0.00442083 0.00712225
539.44 0.006613 1 0.004604 0.002009
539.9 0.00968446 1 0.00479807 0.00488639
540.35 0.00975435 1 0.00499478 0.00475957
540.8 0.00882422 1 0.00519848 0.00362574
541.26 0.0108956 1 0.00541414 0.00548149
541.71 0.0119655 1 0.00563258 0.00633289
542.16 0.0120353 1 0.00585862 0.00617668
542.62 0.0141067 1 0.00609775 0.0080089
543.07 0.0121764 1 0.0063398 0.00583664
543.52 0.0122462 1 0.00659009 0.00565612
543.98 0.0123175 1 0.00685468 0.00546283
544.43 0.0123872 1 0.00712231 0.00526494
544.88 0.012457 1 0.00739885 0.00505811
545.34 0.0155282 1 0.00769099 0.00783722
545.79 0.0155979 1 0.00798627 0.00761162
546.24 0.0146676 1 0.00829116 0.00637639
546.69 0.0137372 1 0.0086059 0.00513129
547.15 0.0158084 1 0.00893808 0.00687029
547.6 0.015878 1 0.00927349 0.00660447
548.05 0.0179475 1 0.0096195 0.00832805
548.51 0.0170187 1 0.0099844 0.00703426
548.96 0.0180882 1 0.0103526 0.00773562
549.41 0.0201577 1 0.0107321 0.0094256
549.86 0.0192272 1 0.0111233 0.00810396
550.32 0.0202983 1 0.0115354 0.00876288
550.77 0.0213677 1 0.0119508 0.00941693
551.22 0.0194372 1 0.0123786 0.00705857
551.68 0.0195081 1 0.012829 0.00667914
552.13 0.0225775 1 0.0132826 0.00929487
552.58 0.0226469 1 0.0137495 0.00889738
553.03 0.0247162 1 0.0142298 0.0104864
553.49 0.0217871 1 0.014735 0.00705211
553.94 0.0228564 1 0.0152433 0.00761307
554.39 0.0259257 1 0.015766 0.0101597
554.84 0.025995 1 0.0163031 0.00969185
555.3 0.0230657 1 0.0168675 0.00619823
555.75 0.025135 1 0.0174349 0.00770008
556.2 0.0262042 1 0.0180176 0.00818656
556.65 0.0272733 1 0.0186159 0.00865739
557.11 0.029344 1 0.019244 0.0101
557.56 0.0304131 1 0.0198747 0.0105384
558.01 0.0314822 1 0.0205219 0.0109604
558.46 0.0295513 1 0.0211857 0.00836564
558.92 0.0316219 1 0.0218817 0.00974015
559.37 0.0346909 1 0.0225801 0.0121108
559.82 0.0327599 1 0.0232959 0.00946405
560.27 0.0338289 1 0.0240294 0.00979953
560.72 0.0348978 1 0.0247808 0.010117
561.18 0.0349683 1 0.0255678 0.00940051
561.63 0.0360372 1 0.0263563 0.0096809
562.08 0.0351061 1 0.0271635 0.00794258
562.53 0.0361749 1 0.0279896 0.00818532
562.99 0.0362453 1 0.0288539 0.00739142
563.44 0.0383141 1 0.0297189 0.00859516
563.89 0.0393828 1 0.0306035 0.00877929
564.34 0.0394516 1 0.031508 0.00794359
564.79 0.0415203 1 0.0324324 0.00908786
565.25 0.0435905 1 0.0333983 0.0101922
565.7 0.0426592 1 0.0343638 0.00829538
566.15 0.0417278 1 0.0353499 0.00637794
566.6 0.0437964 1 0.0363567 0.00743972
567.05 0.044865 1 0.0373844 0.00748055
567.5 0.0459335 1 0.0384332 0.00750027
567.96 0.0490036 1 0.0395273 0.00947623
568.41 0.047072 1 0.0406192 0.00645281
568.86 0.0481405 1 0.0417327 0.00640785
569.31 0.0502089 1 0.0428677 0.00734124
569.76 0.0502773 1 0.0440245 0.00625285
570.21 0.0503457 1 0.0452031 0.00514259
570.67 0.0514156 1 0.0464306 0.00498497
571.12 0.0514839 1 0.0476537 0.00383022
571.57 0.0535522 1 0.0488988 0.00465337
572.02 0.0556204 1 0.0501661 0.00545436
572.47 0.0546887 1 0.0514555 0.00323314
572.92 0.0567568 1 0.0527671 0.0039897
573.37 0.060825 1 0.054101 0.00672401
573.83 0.0598946 1 0.0554874 0.00440721
574.28 0.0599627 1 0.0568662 0.00309654
574.73 0.0600308 1 0.0582671 0.00176367
575.18 0.0630989 1 0.0596902 0.00340864
575.63 0.0621669 1 0.0611354 0.00103149
576.08 0.0642348 1 0.0626025 0.00163231
576.53 0.0623028 1 0.0640916 -0.00178882
576.98 0.0653707 1 0.0656025 -0.000231791
577.44 0.0694401 1 0.0671693 0.00227071
577.89 0.0675079 1 0.068724 -0.00121606
578.34 0.0705757 1 0.0703 0.000275735
578.79 0.0696435 1 0.0718972 -0.00225373
579.24 0.0707112 1 0.0735155 -0.00280428
579.69 0.0727789 1 0.0751546 -0.0023757
580.14 0.0728466 1 0.0768144 -0.00396777
580.59 0.0759142 1 0.0784945 -0.00258025
581.04 0.0769818 1 0.0801947 -0.00321287
581.49 0.0760494 1 0.0819148 -0.00586538
581.95 0.0791185 1 0.0836933 -0.00457484
582.4 0.083186 1 0.0854526 -0.00226661
582.85 0.0842534 1 0.0872307 -0.0029773
583.3 0.0853209 1 0.0890274 -0.00370658
583.75 0.0883883 1 0.0908423 -0.00245405
584.2 0.0874556 1 0.0926749 -0.00521934
584.65 0.0895229 1 0.094525 -0.00500203
585.1 0.0935902 1 0.0963919 -0.0028017
585.55 0.0926575 1 0.0982754 -0.0056179
586 0.0937247 1 0.100175 -0.00645016
586.45 0.0977919 1 0.10209 -0.004298
586.9 0.098859 1 0.10402 -0.00516092
587.35 0.100926 1 0.105965 -0.00503839
587.8 0.101993 1 0.107923 -0.00592987
588.25 0.10406 1 0.109895 -0.00583481
588.71 0.105129 1 0.111924 -0.00679537
589.16 0.109196 1 0.113921 -0.00472571
589.61 0.110263 1 0.11593 -0.0056677
590.06 0.113329 1 0.11795 -0.00462069
590.51 0.113396 1 0.11998 -0.00658405
590.96 0.116463 1 0.12202 -0.00555709
591.41 0.11953 1 0.124069 -0.00453913
591.86 0.121597 1 0.126126 -0.00452946
592.31 0.122663 1 0.128191 -0.00552738
592.76 0.12573 1 0.130262 -0.00453213
593.21 0.125797 1 0.132339 -0.00654297
593.66 0.130863 1 0.134422 -0.00355913
594.11 0.13093 1 0.136509 -0.00557983
594.56 0.133996 1 0.1386 -0.00460426
595.01 0.138063 1 0.140694 -0.00263162
595.46 0.137129 1 0.14279 -0.00566109
595.91 0.140195 1 0.144887 -0.00469182
596.36 0.144262 1 0.146985 -0.00272296
596.81 0.146328 1 0.149082 -0.00275367
597.26 0.148394 1 0.151177 -0.00278306
597.71 0.15046 1 0.153271 -0.00281025
598.16 0.152527 1 0.155361 -0.00283435
598.61 0.157593 1 0.157447 0.000145539
599.06 0.158659 1 0.159528 -0.000869681
599.51 0.157725 1 0.161604 -0.00387909
599.96 0.161791 1 0.163672 -0.00188178
600.41 0.163857 1 0.165733 -0.00187681
600.86 0.167923 1 0.167786 0.000136733
601.31 0.167988 1 0.169829 -0.00184021
601.76 0.173054 1 0.171861 0.00119328
602.21 0.17312 1 0.173882 -0.000761857
602.65 0.177184 1 0.175846 0.00133834
603.1 0.17825 1 0.177842 0.000408437
603.55 0.179316 1 0.179823 -0.000507336
604 0.184381 1 0.181789 0.00259194
604.45 0.184447 1 0.18374 0.000707191
604.9 0.185512 1 0.185673 -0.000160692
605.35 0.191578 1 0.187589 0.00398919
605.8 0.189643 1 0.189485 0.000157714
606.25 0.192709 1 0.191363 0.00134575
606.7 0.195774 1 0.19322 0.00255416
607.15 0.197839 1 0.195055 0.00278377
607.6 0.199904 1 0.196869 0.0030354
608.05 0.20097 1 0.19866 0.00230984
608.5 0.202035 1 0.200427 0.00160786
608.95 0.2041 1 0.20217 0.00193021
609.39 0.207163 1 0.203849 0.00331404
609.84 0.208228 1 0.205542 0.00268656
610.29 0.211293 1 0.207208 0.00408544
610.74 0.211358 1 0.208847 0.00251128
611.19 0.212423 1 0.210458 0.00196465
611.64 0.213488 1 0.212042 0.00144609
612.09 0.217553 1 0.213597 0.00395606
612.54 0.215617 1 0.215122 0.000495012
612.99 0.217682 1 0.216619 0.00106331
613.44 0.217747 1 0.218085 -0.000338718
613.88 0.21881 1 0.21949 -0.000680651
614.33 0.219874 1 0.220898 -0.00102329
614.78 0.222939 1 0.222274 0.000664325
615.23 0.226003 1 0.223621 0.00238226
615.68 0.223068 1 0.224937 -0.00186952
616.13 0.223132 1 0.226223 -0.00309109
616.58 0.225196 1 0.227479 -0.00228264
617.03 0.22726 1 0.228705 -0.00144444
617.47 0.227323 1 0.229875 -0.00255201
617.92 0.227387 1 0.231043 -0.00365613
618.37 0.228451 1 0.232183 -0.00373186
618.82 0.229515 1 0.233295 -0.00377986
619.27 0.228579 1 0.23438 -0.00580091
619.72 0.230643 1 0.235439 -0.00479589
620.17 0.230707 1 0.236473 -0.0057658
620.61 0.23277 1 0.237461 -0.00469099
621.06 0.231833 1 0.238448 -0.00661474
621.51 0.231897 1 0.239414 -0.00751714
621.96 0.234961 1 0.24036 -0.00539968
622.41 0.234024 1 0.241288 -0.00726401
622.86 0.234088 1 0.2422 -0.00811191
623.3 0.23815 1 0.243077 -0.00492691
623.75 0.237213 1 0.243962 -0.0067481
624.2 0.236277 1 0.244836 -0.00855898
624.65 0.23834 1 0.245702 -0.00736191
625.1 0.237403 1 0.246563 -0.00915939
625.54 0.239465 1 0.247402 -0.0079364
625.99 0.239528 1 0.248259 -0.008731
626.44 0.243592 1 0.24912 -0.00552844
626.89 0.243655 1 0.249986 -0.00633178
627.34 0.243718 1 0.250862 -0.00714425
627.78 0.244779 1 0.25173 -0.00695069
628.23 0.247842 1 0.252633 -0.00479118
628.68 0.246905 1 0.253556 -0.00665115
629.13 0.248968 1 0.254502 -0.00553434
629.58 0.251031 1 0.255475 -0.00444458
630.02 0.253092 1 0.256456 -0.00336455
630.47 0.253155 1 0.257495 -0.00434004
630.92 0.254217 1 0.258572 -0.00435464
631.37 0.25928 1 0.259692 -0.000412559
631.81 0.261341 1 0.260834 0.000507037
632.26 0.262403 1 0.262052 0.000350789
632.71 0.267465 1 0.263327 0.00413834
633.16 0.266528 1 0.264662 0.00186531
633.61 0.26759 1 0.266063 0.0015273
634.05 0.268651 1 0.267499 0.00115199
634.5 0.272713 1 0.26904 0.00367261
634.95 0.275775 1 0.27066 0.00511533
635.4 0.277837 1 0.272361 0.00547594
635.84 0.280898 1 0.274108 0.00678961
636.29 0.283959 1 0.275984 0.00797578
636.74 0.285021 1 0.277953 0.00706792
637.18 0.288082 1 0.279974 0.00810799
637.63 0.289143 1 0.28214 0.00700347
638.08 0.292205 1 0.284411 0.00779449
638.53 0.297267 1 0.286789 0.010478
638.97 0.301327 1 0.28922 0.0121064
639.42 0.305388 1 0.291819 0.0135693
639.87 0.30845 1 0.294532 0.0139174
640.32 0.309511 1 0.297362 0.0121488
640.76 0.313571 1 0.300244 0.0133274
641.21 0.316632 1 0.303308 0.0133241
641.66 0.315693 1 0.306493 0.00920085
642.1 0.322753 1 0.309722 0.013031
642.55 0.326814 1 0.313144 0.0136707
643 0.330875 1 0.316684 0.0141914
643.44 0.331935 1 0.320259 0.0116756
643.89 0.340996 1 0.32403 0.0169653
644.34 0.341056 1 0.327915 0.0131415
644.79 0.346117 1 0.33191 0.014207
645.23 0.349177 1 0.33592 0.0132563
645.68 0.352237 1 0.340123 0.0121139
646.13 0.358298 1 0.344425 0.013873
646.57 0.360357 1 0.348721 0.0116363
647.02 0.364417 1 0.3532 0.0112169
647.47 0.369478 1 0.357761 0.0117166
647.91 0.372537 1 0.362292 0.0102448
648.36 0.376597 1 0.366991 0.00960594
648.81 0.377657 1 0.371748 0.00590908
649.25 0.382716 1 0.376447 0.00626901
649.7 0.384776 1 0.381292 0.00348408
650.15 0.389836 1 0.386167 0.00366919
650.59 0.394894 1 0.390952 0.00394241
651.04 0.399954 1 0.395855 0.00409966
651.48 0.402013 1 0.400646 0.00136709
651.93 0.406073 1 0.405531 0.000541251
652.38 0.409132 1 0.41039 -0.00125792
652.82 0.41319 1 0.415103 -0.00191252
653.27 0.41425 1 0.419871 -0.00562137
653.72 0.418309 1 0.424574 -0.00626492
654.16 0.425368 1 0.429097 -0.00372919
654.61 0.426427 1 0.433631 -0.00720366
655.06 0.429486 1 0.438058 -0.0085721
655.5 0.431544 1 0.442272 -0.0107276
655.95 0.431603 1 0.446448 -0.0148453
656.39 0.433661 1 0.45039 -0.016729
656.84 0.43672 1 0.454261 -0.0175416
657.29 0.444779 1 0.457958 -0.0131794
657.73 0.444836 1 0.461391 -0.0165544
658.18 0.446895 1 0.464702 -0.0178069
658.62 0.450953 1 0.467733 -0.0167801
659.07 0.457011 1 0.470608 -0.0135968
659.52 0.45707 1 0.473245 -0.0161747
659.96 0.459127 1 0.47558 -0.0164533
660.41 0.461186 1 0.477711 -0.0165252
660.85 0.465243 1 0.479531 -0.0142881
661.3 0.465301 1 0.481114 -0.0158126
661.74 0.467358 1 0.48238 -0.0150219
662.19 0.468416 1 0.483379 -0.0149628
662.64 0.471474 1 0.484071 -0.0125965
663.08 0.470531 1 0.484444 -0.0139127
663.53 0.472589 1 0.484508 -0.0119194
663.97 0.476645 1 0.484257 -0.0076116
664.42 0.473703 1 0.483674 -0.00997086
664.86 0.47376 1 0.482782 -0.00902241
665.31 0.474817 1 0.481538 -0.00672069
665.75 0.474874 1 0.479996 -0.00512208
666.2 0.474931 1 0.478085 -0.00315333
666.65 0.472989 1 0.475836 -0.00284742
667.09 0.475045 1 0.473313 0.00173197
667.54 0.469102 1 0.470402 -0.00130022
667.98 0.470158 1 0.467237 0.00292098
668.43 0.466215 1 0.463678 0.00253785
668.87 0.470271 1 0.459887 0.0103847
669.32 0.464328 1 0.455698 0.00863047
669.76 0.459384 1 0.451304 0.00807982
670.21 0.456441 1 0.446514 0.00992735
670.65 0.453496 1 0.441547 0.0119494
671.1 0.446553 1 0.436188 0.010365
671.54 0.446609 1 0.430685 0.0159239
671.99 0.441665 1 0.424797 0.0168681
672.43 0.43372 1 0.418798 0.0149224
672.88 0.428777 1 0.412427 0.0163503
673.32 0.423832 1 0.405978 0.0178539
673.77 0.415888 1 0.399172 0.0167161
674.21 0.409943 1 0.392324 0.0176189
674.66 0.398999 1 0.385137 0.0138624
675.1 0.395054 1 0.377943 0.0171111
675.55 0.38611 1 0.37043 0.0156801
675.99 0.377165 1 0.362946 0.0142191
676.44 0.370221 1 0.355165 0.015056
676.88 0.361275 1 0.347447 0.0138282
677.33 0.353331 1 0.339457 0.0138743
677.77 0.342385 1 0.331563 0.0108223
678.22 0.336441 1 0.323422 0.0130188
678.66 0.327495 1 0.31541 0.0120853
679.11 0.317551 1 0.307177 0.0103741
679.55 0.305605 1 0.299102 0.00650306
679.99 0.297659 1 0.291016 0.00664274
680.44 0.289714 1 0.282749 0.00696499
680.88 0.279768 1 0.274681 0.00508705
681.33 0.270823 1 0.266458 0.00436522
681.77 0.259876 1 0.258457 0.00141951
682.22 0.249931 1 0.250327 -0.000395984
682.66 0.243985 1 0.242441 0.00154382
683.11 0.23204 1 0.234451 -0.00241119
683.55 0.223093 1 0.226722 -0.00362871
683.99 0.215146 1 0.219085 -0.00393853
684.44 0.208201 1 0.211379 -0.00317833
684.88 0.202254 1 0.203955 -0.0017015
685.33 0.190308 1 0.196485 -0.00617634
685.77 0.180361 1 0.189306 -0.00894464
686.21 0.175414 1 0.182259 -0.00684442
686.66 0.166468 1 0.175193 -0.00872513
687.1 0.158521 1 0.16843 -0.00990875
687.55 0.152575 1 0.161665 -0.00909057
687.99 0.142628 1 0.155206 -0.012578
688.44 0.139681 1 0.14876 -0.00907906
688.88 0.129734 1 0.142619 -0.0128858
689.32 0.124786 1 0.136641 -0.0118546
689.77 0.11784 1 0.130696 -0.0128563
690.21 0.111892 1 0.125051 -0.0131591
690.65 0.106944 1 0.119573 -0.0126291
691.1 0.101997 1 0.114144 -0.0121469
691.54 0.0970492 1 0.109006 -0.0119566
691.99 0.0911023 1 0.103924 -0.0128219
692.43 0.0871541 1 0.0991246 -0.0119705
692.87 0.0832058 1 0.0944912 -0.0112854
693.32 0.0772587 1 0.0899231 -0.0126644
693.76 0.0743103 1 0.0856214 -0.0113112
694.2 0.0703618 1 0.081481 -0.0111192
694.65 0.0674143 1 0.0774107 -0.00999637
695.09 0.0614657 1 0.073589 -0.0121233
695.53 0.0585169 1 0.0699208 -0.0114039
695.98 0.0555693 1 0.0663249 -0.0107556
696.42 0.0526204 1 0.0629578 -0.0103374
696.86 0.0506714 1 0.0597346 -0.0090632
697.31 0.0487235 1 0.0565832 -0.00785978
697.75 0.0417743 1 0.0536401 -0.0118658
698.19 0.0428251 1 0.0508298 -0.00800479
698.64 0.0398769 1 0.0480891 -0.00821223
699.08 0.0359275 1 0.0455357 -0.00960825
699.52 0.035978 1 0.0431034 -0.00712537
699.97 0.0330296 1 0.0407367 -0.00770714
700.41 0.0300799 1 0.0385368 -0.00845694
700.85 0.0301302 1 0.0364458 -0.00631567
701.3 0.0261815 1 0.0344157 -0.00823423
701.74 0.0252316 1 0.0325326 -0.00730103
702.18 0.0222816 1 0.0307462 -0.00846468
702.63 0.0213326 1 0.0290153 -0.00768268
703.07 0.0193824 1 0.0274127 -0.00803029
703.51 0.0184322 1 0.0258953 -0.00746307
703.96 0.017483 1 0.0244274 -0.00694443
704.4 0.0185326 1 0.0230707 -0.00453814
704.84 0.0135821 1 0.021788 -0.00820599
705.28 0.0156315 1 0.020576 -0.00494449
705.73 0.0146819 1 0.0194058 -0.00472388
706.17 0.0107311 1 0.0183262 -0.00759507
706.61 0.0127803 1 0.0173073 -0.004527
707.06 0.00983046 1 0.0163248 -0.00649429
707.5 0.00987943 1 0.0154193 -0.00553982
707.94 0.0109283 1 0.0145655 -0.00363714
708.38 0.00797712 1 0.0137606 -0.00578351
708.83 0.00802694 1 0.0129854 -0.00495846
709.27 0.00707556 1 0.0122716 -0.00519608
709.71 0.0071241 1 0.0115992 -0.00447511
710.15 0.00417255 1 0.0109658 -0.00679323
710.6 0.006222 1 0.010356 -0.00413399
711.04 0.00227028 1 0.00979481 -0.00752454
711.48 0.00531846 1 0.00926628 -0.00394782
711.92 0.00436655 1 0.00876848 -0.00440193
712.37 0.00341565 1 0.00828928 -0.00487363
712.81 0.00246357 1 0.00784823 -0.00538467
713.25 0.00251139 1 0.00743274 -0.00492135
713.69 0.00155913 1 0.00704127 -0.00548214
714.13 0.00160678 1 0.00667237 -0.00506559
714.58 0.00165542 1 0.006317 -0.00466158
715.02 0.00270289 1 0.00598965 -0.00328676
715.46 0.00175027 1 0.00568095 -0.00393068
715.9 -0.000202441 1 0.00538977 -0.00559221
716.35 0.000845829 1 0.00510897 -0.00426314
716.79 0.000892936 1 0.00484999 -0.00395705
717.23 0.00193995 1 0.00460547 -0.00266551
717.67 0.000986877 1 0.0043745 -0.00338763
718.11 3.37114e-05 1 0.00415627 -0.00412256
718.56 0.00108152 1 0.00394542 -0.00286391
719 0.000128166 1 0.00375059 -0.00362242
719.44 -0.00182527 1 0.00356626 -0.00539154
719.88 0.00222119 1 0.00339181 -0.00117061
720.32 0.00126757 1 0.00322662 -0.00195905
720.76 -0.00268615 1 0.00307013 -0.00575628
721.21 0.000361092 1 0.00291856 -0.00255746
721.65 0.000407189 1 0.00277812 -0.00237093
722.09 -0.000546807 1 0.00264491 -0.00319172
722.53 -0.000500895 1 0.00251851 -0.0030194
722.97 -0.00145508 1 0.0023985 -0.00385358
723.41 -0.00140935 1 0.00228453 -0.00369389
723.86 -0.00136268 1 0.00217385 -0.00353653
724.3 -0.000317145 1 0.00207105 -0.00238819
724.74 0.000728298 1 0.0019733 -0.001245
725.18 0.000773648 1 0.00188032 -0.00110667
725.62 0.000818903 1 0.00179184 -0.00097294
726.06 0.000864064 1 0.00170763 -0.000843566
726.5 0.00190913 1 0.00162745 0.000281683
726.95 -4.48754e-05 1 0.00154939 -0.00159426
727.39 0 1 0.00147671 -0.00147671
727.83 4.47806e-05 1 0.00140746 -0.00136268
728.27 0.00208947 1 0.00134145 0.000748016
728.71 0.000134059 1 0.00127852 -0.00114446
729.15 0.00117856 1 0.00121851 -3.99502e-05
729.59 0.000222966 1 0.00116128 -0.000938309
730.03 0.00226728 1 0.00110668 0.0011606
730.48 0.00231251 1 0.00105344 0.00125907
730.92 0.00135664 1 0.00100379 0.000352846
731.36 -0.000599317 1 0.000956421 -0.00155574
731.8 0.00144464 1 0.00091121 0.000533425
732.24 0.0034885 1 0.00086806 0.00262044
732.68 0.00153228 1 0.000826875 0.0007054
733.12 0.00257596 1 0.000787564 0.0017884
733.56 0.00361957 1 0.000750039 0.00286953
734 0.00466308 1 0.000714221 0.00394886
734.44 -0.000293488 1 0.000680031 -0.000973519
734.89 0.00475084 1 0.000646672 0.00410417
735.33 0.0027941 1 0.000615554 0.00217855
735.77 0.00283728 1 0.000585855 0.00225142
736.21 0.00288037 1 0.000557509 0.00232286
736.65 0.00392338 1 0.000530458 0.00339292
737.09 0.00496631 1 0.000504644 0.00446167
737.53 0.00500916 1 0.000480012 0.00452915
737.97 0.00505193 1 0.000456511 0.00459542
738.41 0.00309462 1 0.000434092 0.00266052
738.85 0.00513723 1 0.000412706 0.00472452
739.29 0.00217976 1 0.000392308 0.00178745
739.73 0.00322221 1 0.000372856 0.00284935
740.17 0.00426459 1 0.000354308 0.00391028
740.61 0.00230689 1 0.000336624 0.00197026
741.05 0.00534911 1 0.000319767 0.00502934
741.49 0.00439126 1 0.0003037 0.00408756
741.93 0.00543333 1 0.000288388 0.00514494
742.37 0.00347533 1 0.0002738 0.00320153
742.81 0.00551726 1 0.000259901 0.00525736
743.26 0.00356006 1 0.00024637 0.00331369
743.7 0.00360184 1 0.000233777 0.00336806
744.14 0.00464355 1 0.000221786 0.00442176
744.58 0.00368519 1 0.000210371 0.00347482
745.02 0.00372676 1 0.000199506 0.00352725
745.46 0.00476825 1 0.000189166 0.00457909
745.9 0.00380968 1 0.000179328 0.00363035
746.34 0.00485104 1 0.00016997 0.00468107
746.78 0.00689234 1 0.000161069 0.00673127
747.22 0.00393356 1 0.000152604 0.00378096
747.66 0.00397472 1 0.000144557 0.00383017
748.1 0.00401582 1 0.000136907 0.00387891
748.54 0.00505685 1 0.000129638 0.00492721
748.98 0.00409781 1 0.00012273 0.00397508
749.42 0.00513871 1 0.000116168 0.00502254
749.86 0.00617955 1 0.000109935 0.00606961
750.29 0.0062194 1 0.000104148 0.00611525
750.73 0.00626011 1 9.85219e-05 0.00616159
751.17 0.00330077 1 9.31817e-05 0.00320758
751.61 0.00534136 1 8.81137e-05 0.00525324
752.05 0.00438189 1 8.33049e-05 0.00429859
752.49 0.00342236 1 7.87431e-05 0.00334362
752.93 0.00246278 1 7.44165e-05 0.00238836
753.37 0.00450313 1 7.03138e-05 0.00443282
753.81 0.00554343 1 6.64241e-05 0.00547701
754.25 0.00358367 1 6.27373e-05 0.00352094
754.69 0.00362386 1 5.92434e-05 0.00356462
755.13 0.00466399 1 5.59331e-05 0.00460806
755.57 0.00470407 1 5.27973e-05 0.00465127
756.01 0.00574409 1 4.98274e-05 0.00569426
756.45 0.00278405 1 4.70154e-05 0.00273704
756.89 0.00382397 1 4.43532e-05 0.00377961
757.33 0.00286383 1 4.18335e-05 0.002822
757.77 0.00490364 1 3.94492e-05 0.00486419
758.21 0.0059434 1 3.71934e-05 0.0059062
758.64 0.0029822 1 3.51068e-05 0.0029471
759.08 0.00402186 1 3.30864e-05 0.00398878
759.52 0.00406147 1 3.1176e-05 0.0040303
759.96 0.00510104 1 2.93702e-05 0.00507167
760.4 0.00414055 1 2.76634e-05 0.00411289
760.84 0.00118002 1 2.60507e-05 0.00115397
761.28 0.00221944 1 2.45272e-05 0.00219491
761.72 0.00625881 1 2.30881e-05 0.00623572
762.16 0.00329814 1 2.17292e-05 0.00327641
762.6 0.00433742 1 2.04463e-05 0.00431697
763.03 0.00537577 1 1.9262e-05 0.00535651
763.47 0.00441496 1 1.81176e-05 0.00439685
763.91 0.00245412 1 1.70378e-05 0.00243708
764.35 0.00149323 1 1.60192e-05 0.00147721
764.79 0.0045323 1 1.50585e-05 0.00451724
765.23 0.00357133 1 1.41526e-05 0.00355717
765.67 0.00161032 1 1.32986e-05 0.00159702
766.11 0.00464926 1 1.24936e-05 0.00463677
766.54 0.00668729 1 1.17518e-05 0.00667554
766.98 0.00572616 1 1.10361e-05 0.00571513
767.42 0.00576499 1 1.0362e-05 0.00575463
767.86 0.00680379 1 9.72712e-06 0.00679406
768.3 0.00384255 1 9.12933e-06 0.00383342
768.74 0.00288128 1 8.56657e-06 0.00287271
769.17 0.00491909 1 8.0486e-06 0.00491104
769.61 0.00495774 1 7.5495e-06 0.00495019
770.05 0.00299636 1 7.07995e-06 0.00298928
770.49 0.00803495 1 6.63829e-06 0.00802831
770.93 0.0050735 1 6.22294e-06 0.00506728
771.37 0.00611202 1 5.83243e-06 0.00610619
771.8 0.00314964 1 5.47343e-06 0.00314417
772.24 0.0011881 1 5.12794e-06 0.00118297
772.68 0.00522653 1 4.80331e-06 0.00522173
773.12 0.00326493 1 4.49833e-06 0.00326043
773.56 0.0053033 1 4.21189e-06 0.00529909
774 0.00434165 1 3.9429e-06 0.0043377
774.43 0.00337909 1 3.69592e-06 0.0033754
774.87 0.00141738 1 3.45853e-06 0.00141392
775.31 0.00545564 1 3.23574e-06 0.00545241
775.75 0.00249388 1 3.02671e-06 0.00249085
776.19 0.00453209 1 2.83062e-06 0.00452926
776.62 0.00556941 1 2.65075e-06 0.00556676
777.06 0.00560758 1 2.47805e-06 0.0056051
777.5 0.00464572 1 2.31613e-06 0.0046434
777.94 0.000683833 1 2.16437e-06 0.000681668
778.37 0.00472106 1 2.02528e-06 0.00471904
778.81 0.00475914 1 1.89184e-06 0.00475724
779.25 0.00179719 1 1.76683e-06 0.00179542
779.69 0.00383522 1 1.64976e-06 0.00383357
780.13 0.00387324 1 1.54014e-06 0.0038717
780.56 0.000910369 1 1.43978e-06 0.00090893
781 0.00494835 1 1.34358e-06 0.004947
781.44 0.00298631 1 1.25357e-06 0.00298505
781.88 0.00602425 1 1.16935e-06 0.00602308
782.31 0.00406131 1 1.09231e-06 0.00406022
782.75 0.00209922 1 1.01852e-06 0.0020982
783.19 0.00513712 1 9.49537e-07 0.00513617
783.63 0.006175 1 8.85047e-07 0.00617411
784.06 0.00421201 1 8.26098e-07 0.00421118
784.5 0.00524986 1 7.6969e-07 0.00524909
784.94 0.0062877 1 7.16992e-07 0.00628699
785.37 0.00332467 1 6.68851e-07 0.003324
785.81 0.00336249 1 6.22812e-07 0.00336187
786.25 0.0034003 1 5.79828e-07 0.00339972
786.69 0.0054381 1 5.39703e-07 0.00543756
787.12 0.00547503 1 5.03078e-07 0.00547452
787.56 0.00351281 1 4.68081e-07 0.00351234
788 0.00655058 1 4.35432e-07 0.00655014
788.43 0.00558748 1 4.05649e-07 0.00558708
788.87 0.00762524 1 3.77206e-07 0.00762486
789.31 0.00366299 1 3.50689e-07 0.00366264
789.75 0.00570074 1 3.25971e-07 0.00570041
790.18 0.00473762 1 3.03441e-07 0.00473732
790.62 0.00377536 1 2.81943e-07 0.00377507
791.06 0.00381309 1 2.61916e-07 0.00381283
791.49 0.00784996 1 2.43672e-07 0.00784972
791.93 0.00288769 1 2.26275e-07 0.00288746
792.37 0.00292541 1 2.10078e-07 0.0029252
792.8 0.00696228 1 1.95333e-07 0.00696208
793.24 0 1 1.8128e-07 -1.8128e-07
793.68 0.00503772 1 1.68204e-07 0.00503755
794.11 0.00707459 1 1.56308e-07 0.00707443
794.55 0.00511231 1 1.44977e-07 0.00511217
794.99 0.00215004 1 1.3444e-07 0.00214991
795.42 0.00618691 1 1.2486e-07 0.00618679
795.86 0.00722464 1 1.1574e-07 0.00722453
796.3 0.00526238 1 1.07265e-07 0.00526227
796.73 0.00229926 1 9.95638e-08 0.00229916
797.17 0.00633701 1 9.22373e-08 0.00633692
797.61 0.00437476 1 8.54329e-08 0.00437467
798.04 0.00541166 1 7.92533e-08 0.00541158
798.48 0.00544942 1 7.3378e-08 0.00544935
798.91 0.00548633 1 6.80443e-08 0.00548627
799.35 0.00352411 1 6.29752e-08 0.00352405
799.79 0.0035619 1 5.82723e-08 0.00356184
800.22 0.00459884 1 5.40054e-08 0.00459879
800.66 0.00363665 1 4.99527e-08 0.0036366
801.1 0.00567447 1 4.6195e-08 0.00567442
