500.34 -0.00167477 1 4.76263e-05 -0.0017224
500.8 0.000422522 1 5.05919e-05 0.00037193
501.25 -0.000482294 1 5.36603e-05 -0.000535955
501.71 0.000615008 1 5.69768e-05 0.000558031
502.17 -0.000287689 1 6.0485e-05 -0.000348174
502.62 -0.000192498 1 6.41122e-05 -0.000256611
503.08 -9.51917e-05 1 6.80301e-05 -0.000163222
503.53 0 1 7.20791e-05 -7.20791e-05
503.99 0.00109731 1 7.64505e-05 0.00102086
504.44 0.0011925 1 8.09661e-05 0.00111153
504.9 -0.000710196 1 8.58392e-05 -0.000796035
505.36 -0.00161289 1 9.09855e-05 -0.00170388
505.81 0.00248229 1 9.62978e-05 0.002386
506.27 0.000579593 1 0.000102027 0.000477567
506.72 -0.000325226 1 0.000107938 -0.000433163
507.18 0.00177207 1 0.000114309 0.00165776
507.63 0.00086724 1 0.00012088 0.000746359
508.09 0.00196452 1 0.00012796 0.00183656
508.54 5.96862e-05 1 0.000135258 -7.5572e-05
509 0.00215696 1 0.000143118 0.00201384
509.45 -0.00074789 1 0.000151216 -0.000899106
509.91 0.000349369 1 0.000159933 0.000189436
510.36 0.000444506 1 0.000168911 0.000275595
510.82 0.00354175 1 0.00017857 0.00336318
511.27 0.000636871 1 0.000188514 0.000448357
511.73 0.0017341 1 0.000199208 0.00153489
512.19 0.00283131 1 0.000210461 0.00262085
512.64 0.000926408 1 0.000222038 0.000704369
513.1 0.0020236 1 0.00023448 0.00178912
513.55 0.000118676 1 0.000247273 -0.000128597
514.01 0.00421585 1 0.000261015 0.00395483
514.46 0.0033109 1 0.000275138 0.00303576
514.92 0.00140805 1 0.000290302 0.00111775
515.37 0.00550307 1 0.000305879 0.00519719
515.83 0.00160019 1 0.000322597 0.0012776
516.28 0.00269519 1 0.000339762 0.00235543
516.73 0.00179017 1 0.000357766 0.0014324
517.19 0.00188725 1 0.000377074 0.00151017
517.64 0.0029822 1 0.000396886 0.00258531
518.1 0.00207924 1 0.000418123 0.00166112
518.55 0.00217416 1 0.000439904 0.00173426
519.01 0.00227117 1 0.000463241 0.00180793
519.46 0.000366059 1 0.000487164 -0.000121105
519.92 0.00146303 1 0.000512785 0.000950249
520.37 0.000557882 1 0.000539038 1.8844e-05
520.83 0.000654818 1 0.00056714 8.76781e-05
521.28 -0.00225037 1 0.000595921 -0.00284629
521.74 0.000846522 1 0.000626715 0.000219807
522.19 0.00094129 1 0.000658239 0.000283051
522.65 0.00203814 1 0.000691953 0.00134619
523.1 -0.000867131 1 0.000726448 -0.00159358
523.55 0.00422757 1 0.000762503 0.00346507
524.01 0.00132436 1 0.000801035 0.000523322
524.46 0.00241901 1 0.000840434 0.00157858
524.92 -0.000484249 1 0.00088252 -0.00136677
525.37 0.00261036 1 0.000925532 0.00168483
525.83 0.00370705 1 0.000971455 0.00273559
526.28 0.00280161 1 0.00101837 0.00178324
526.73 0.00389614 1 0.00106732 0.00282882
527.19 0.00299275 1 0.00111955 0.0018732
527.64 0.00208723 1 0.00117287 0.000914362
528.1 0.00418378 1 0.00122973 0.00295406
528.55 0.00427821 1 0.00128774 0.00299047
529.01 0.0033747 1 0.00134958 0.00202512
529.46 0.00246907 1 0.00141265 0.00105642
529.91 0.00256341 1 0.00147835 0.00108506
530.37 0.00465982 1 0.00154834 0.00311148
530.82 0.0027541 1 0.00161967 0.00113443
531.28 0.00385044 1 0.0016956 0.00215484
531.73 0.00494465 1 0.00177295 0.0031717
532.18 0.00403884 1 0.00185344 0.00218539
532.64 0.00513508 1 0.00193908 0.003196
533.09 0.0062292 1 0.00202625 0.00420296
533.54 0.00432329 1 0.00211689 0.0022064
534 0.00441943 1 0.00221326 0.00220618
534.45 0.00751345 1 0.00231128 0.00520217
534.91 0.00360952 1 0.00241544 0.00119408
535.36 0.00670347 1 0.00252134 0.00418213
535.81 0.00379738 1 0.00263133 0.00116605
536.27 0.00489334 1 0.00274813 0.00214521
536.72 0.00498718 1 0.00286679 0.00212039
537.17 0.00508098 1 0.00298995 0.00209103
537.63 0.00717683 1 0.00312063 0.00405619
538.08 0.00727055 1 0.00325331 0.00401724
538.54 0.00836632 1 0.00339402 0.00497229
538.99 0.00945996 1 0.00353681 0.00592315
539.44 0.00855357 1 0.00368483 0.00486873
539.9 0.00864921 1 0.00384171 0.0048075
540.35 0.00774273 1 0.00400079 0.00374195
540.8 0.00583621 1 0.00416557 0.00167064
541.26 0.00793173 1 0.00434009 0.00359164
541.71 0.0120251 1 0.00451693 0.0075082
542.16 0.00911848 1 0.00469998 0.0044185
542.62 0.0132139 1 0.0048937 0.00832016
543.07 0.0113071 1 0.00508985 0.00621728
543.52 0.0114004 1 0.00529275 0.0061076
543.98 0.0084956 1 0.00550732 0.00298828
544.43 0.0105887 1 0.00572442 0.00486431
544.88 0.0106818 1 0.00594882 0.00473299
545.34 0.0127769 1 0.00618596 0.00659096
545.79 0.0118699 1 0.00642572 0.00544419
546.24 0.0109628 1 0.00667336 0.00428949
546.69 0.0120557 1 0.00692909 0.00512665
547.15 0.0131507 1 0.00719907 0.00595159
547.6 0.0132435 1 0.00747176 0.00577169
548.05 0.0133362 1 0.00775314 0.00558305
548.51 0.014431 1 0.00804998 0.00638097
548.96 0.0145236 1 0.00834959 0.00617401
549.41 0.0136162 1 0.00865852 0.00495768
549.86 0.0157087 1 0.00897699 0.00673175
550.32 0.0178033 1 0.00931261 0.00849067
550.77 0.0178957 1 0.00965103 0.00824469
551.22 0.0159881 1 0.00999963 0.00598848
551.68 0.0180825 1 0.0103667 0.00771575
552.13 0.0171748 1 0.0107366 0.00643814
552.58 0.019267 1 0.0111174 0.00814963
553.03 0.0213591 1 0.0115092 0.00984998
553.49 0.0184533 1 0.0119214 0.00653194
553.94 0.0185454 1 0.0123363 0.00620911
554.39 0.0196374 1 0.0127629 0.00687447
554.84 0.0227293 1 0.0132015 0.00952779
555.3 0.0218232 1 0.0136625 0.00816075
555.75 0.021915 1 0.014126 0.00778907
556.2 0.0240068 1 0.0146021 0.00940468
556.65 0.0230985 1 0.0150912 0.00800736
557.11 0.0231922 1 0.0156046 0.00758761
557.56 0.0252838 1 0.0161203 0.00916347
558.01 0.0263753 1 0.0166496 0.00972573
558.46 0.0244668 1 0.0171926 0.00727418
558.92 0.0265602 1 0.0177621 0.00879808
559.37 0.0276515 1 0.0183336 0.00931793
559.82 0.0277428 1 0.0189195 0.00882332
560.27 0.028834 1 0.01952 0.00931403
560.72 0.0289252 1 0.0201353 0.00878986
561.18 0.0300183 1 0.0207798 0.00923845
561.63 0.0281093 1 0.0214257 0.00668357
562.08 0.0302002 1 0.022087 0.0081132
562.53 0.0292911 1 0.022764 0.00652715
562.99 0.030384 1 0.0234723 0.00691168
563.44 0.0314747 1 0.0241814 0.00729334
563.89 0.0295654 1 0.0249066 0.00465877
564.34 0.034656 1 0.0256483 0.00900778
564.79 0.0337466 1 0.0264064 0.0073402
565.25 0.0348391 1 0.0271986 0.00764048
565.7 0.0359295 1 0.0279906 0.00793887
566.15 0.0340198 1 0.0287996 0.00522019
566.6 0.0371101 1 0.0296258 0.00748431
567.05 0.0352003 1 0.0304692 0.00473107
567.5 0.0392904 1 0.0313301 0.00796035
567.96 0.0393825 1 0.0322282 0.00715431
568.41 0.0394725 1 0.0331246 0.00634787
568.86 0.0405624 1 0.0340388 0.00652359
569.31 0.0416522 1 0.0349708 0.00668138
569.76 0.040742 1 0.0359208 0.00482114
570.21 0.0418317 1 0.0368889 0.0049428
570.67 0.0399233 1 0.0378971 0.00202614
571.12 0.0420128 1 0.0389018 0.00311096
571.57 0.0421023 1 0.0399248 0.00217749
572.02 0.0441916 1 0.040966 0.00322567
572.47 0.045281 1 0.0420255 0.00325548
572.92 0.0443702 1 0.0431033 0.00126688
573.37 0.0494593 1 0.0441995 0.00525989
573.83 0.0475504 1 0.0453389 0.00221149
574.28 0.0496394 1 0.0464721 0.00316728
574.73 0.0487283 1 0.0476236 0.00110471
575.18 0.0498171 1 0.0487933 0.00102381
575.63 0.0499059 1 0.0499813 -7.53687e-05
576.08 0.0509946 1 0.0511873 -0.000192766
576.53 0.0510832 1 0.0524115 -0.0013283
576.98 0.0541717 1 0.0536536 0.000518108
577.44 0.0552621 1 0.0549417 0.000320335
577.89 0.0553504 1 0.0562198 -0.000869426
578.34 0.0584387 1 0.0575155 0.000923116
578.79 0.0585268 1 0.0588287 -0.000301892
579.24 0.0586149 1 0.0601592 -0.00154429
579.69 0.0587029 1 0.0615068 -0.0028039
580.14 0.0607909 1 0.0628714 -0.00208054
580.59 0.0628787 1 0.0642527 -0.001374
581.04 0.0639664 1 0.0656505 -0.00168406
581.49 0.0620541 1 0.0670646 -0.00501049
581.95 0.0651436 1 0.0685267 -0.00338304
582.4 0.0672311 1 0.0699729 -0.00274178
582.85 0.0693185 1 0.0714346 -0.00211607
583.3 0.0704058 1 0.0729114 -0.00250562
583.75 0.071493 1 0.0744032 -0.00291012
584.2 0.0715802 1 0.0759094 -0.00432924
584.65 0.0726672 1 0.0774298 -0.00476262
585.1 0.0757541 1 0.0789641 -0.00320991
585.55 0.077841 1 0.0805117 -0.00267073
586 0.0769278 1 0.0820724 -0.00514468
586.45 0.0790144 1 0.0836458 -0.00463136
586.9 0.081101 1 0.0852314 -0.00413034
587.35 0.0821875 1 0.0868287 -0.00464117
587.8 0.0842739 1 0.0884373 -0.00416341
588.25 0.0853602 1 0.0900567 -0.00469657
588.71 0.0884483 1 0.0917229 -0.00327458
589.16 0.0895344 1 0.0933627 -0.00382833
589.61 0.0876204 1 0.0950119 -0.00739147
590.06 0.0937063 1 0.0966698 -0.00296349
590.51 0.0937921 1 0.098336 -0.00454383
590.96 0.0958778 1 0.10001 -0.00413192
591.41 0.0969635 1 0.101691 -0.00472719
591.86 0.099049 1 0.103378 -0.00432904
592.31 0.101134 1 0.105071 -0.00393688
592.76 0.10122 1 0.10677 -0.00555008
593.21 0.105305 1 0.108473 -0.00316801
593.66 0.10539 1 0.11018 -0.00479003
594.11 0.109475 1 0.111891 -0.00241548
594.56 0.10956 1 0.113604 -0.00404369
595.01 0.113645 1 0.115319 -0.00167398
595.46 0.11273 1 0.117035 -0.00430568
595.91 0.116814 1 0.118752 -0.00193806
596.36 0.115899 1 0.120469 -0.00457044
596.81 0.120983 1 0.122185 -0.00120208
597.26 0.121067 1 0.1239 -0.00283227
597.71 0.122152 1 0.125612 -0.00346027
598.16 0.126236 1 0.127321 -0.00108533
598.61 0.12732 1 0.129026 -0.00170672
599.06 0.126403 1 0.130727 -0.00432368
599.51 0.129487 1 0.132423 -0.00293546
599.96 0.134571 1 0.134112 0.000458711
600.41 0.134654 1 0.135795 -0.00114041
600.86 0.136738 1 0.13747 -0.000732068
601.31 0.138821 1 0.139137 -0.000315487
601.76 0.141904 1 0.140794 0.00111009
602.21 0.142988 1 0.142442 0.000545435
602.65 0.145069 1 0.144043 0.00102572
603.1 0.146152 1 0.145669 0.0004826
603.55 0.147234 1 0.147283 -4.85048e-05
604 0.151317 1 0.148884 0.00243315
604.45 0.1504 1 0.150471 -7.17074e-05
604.9 0.151482 1 0.152044 -0.000562342
605.35 0.155564 1 0.153602 0.00196196
605.8 0.156647 1 0.155145 0.0015019
606.25 0.158729 1 0.156671 0.00205817
606.7 0.161811 1 0.158179 0.00363144
607.15 0.158893 1 0.15967 -0.000777627
607.6 0.161974 1 0.161143 0.000831598
608.05 0.166056 1 0.162596 0.00345973
608.5 0.164137 1 0.16403 0.000107362
608.95 0.167219 1 0.165444 0.00177506
609.39 0.170298 1 0.166806 0.00349227
609.84 0.16838 1 0.168178 0.000201199
610.29 0.171461 1 0.169529 0.00193169
610.74 0.171542 1 0.170857 0.000684198
611.19 0.173622 1 0.172163 0.00145911
611.64 0.174703 1 0.173446 0.0012568
612.09 0.174784 1 0.174706 7.75692e-05
612.54 0.176864 1 0.175942 0.000921702
612.99 0.175944 1 0.177155 -0.00121058
613.44 0.177025 1 0.178344 -0.00131911
613.88 0.177103 1 0.179483 -0.00237992
614.33 0.177183 1 0.180624 -0.00344117
614.78 0.182263 1 0.181741 0.000521503
615.23 0.181342 1 0.182834 -0.00149195
615.68 0.182422 1 0.183904 -0.00148167
616.13 0.184501 1 0.184949 -0.000447851
616.58 0.183581 1 0.185971 -0.00239077
617.03 0.18366 1 0.186971 -0.00331078
617.47 0.183737 1 0.187926 -0.0041886
617.92 0.187816 1 0.188881 -0.00106464
618.37 0.186895 1 0.189814 -0.0029193
618.82 0.186974 1 0.190727 -0.00375326
619.27 0.189052 1 0.19162 -0.0025673
619.72 0.190131 1 0.192493 -0.00236229
620.17 0.187209 1 0.193348 -0.00613921
620.61 0.189285 1 0.194168 -0.00488242
621.06 0.190363 1 0.19499 -0.00462683
621.51 0.186441 1 0.195798 -0.00935667
621.96 0.189519 1 0.196592 -0.00707329
622.41 0.192597 1 0.197375 -0.0047782
622.86 0.192674 1 0.198147 -0.00547298
623.3 0.19475 1 0.198894 -0.00414418
623.75 0.194827 1 0.199651 -0.00482408
624.2 0.196904 1 0.200404 -0.00349927
624.65 0.196981 1 0.201153 -0.00417179
625.1 0.197058 1 0.201902 -0.00484378
625.54 0.198133 1 0.202636 -0.00450249
625.99 0.19721 1 0.20339 -0.00618018
626.44 0.200286 1 0.204151 -0.00386438
626.89 0.199363 1 0.20492 -0.00555764
627.34 0.201439 1 0.205701 -0.00426264
627.78 0.203513 1 0.206479 -0.00296596
628.23 0.204589 1 0.207291 -0.00270237
628.68 0.204665 1 0.208124 -0.00345898
629.13 0.20374 1 0.208979 -0.0052388
629.58 0.206816 1 0.209861 -0.00304491
630.02 0.208889 1 0.210751 -0.00186154
630.47 0.209965 1 0.211693 -0.00172892
630.92 0.21204 1 0.212672 -0.00063209
631.37 0.215114 1 0.213689 0.0014257
631.81 0.216188 1 0.214724 0.00146352
632.26 0.215262 1 0.215828 -0.00056561
632.71 0.218337 1 0.21698 0.00135641
633.16 0.221411 1 0.218185 0.00322628
633.61 0.223485 1 0.219444 0.00404077
634.05 0.223558 1 0.220733 0.00282496
634.5 0.223631 1 0.222111 0.00152052
634.95 0.228705 1 0.223554 0.00515133
635.4 0.230779 1 0.225064 0.00571443
635.84 0.231851 1 0.226609 0.00524124
636.29 0.235924 1 0.228262 0.00766211
636.74 0.236997 1 0.22999 0.00700713
637.18 0.243068 1 0.231755 0.0113133
637.63 0.242141 1 0.23364 0.00850135
638.08 0.244214 1 0.235607 0.00860693
638.53 0.245287 1 0.237658 0.00762822
638.97 0.248357 1 0.239747 0.00861046
639.42 0.25243 1 0.241969 0.0104607
639.87 0.253502 1 0.244279 0.00922268
640.32 0.256574 1 0.246678 0.0098958
640.76 0.259644 1 0.24911 0.0105343
641.21 0.263716 1 0.251685 0.0120306
641.66 0.263787 1 0.254349 0.0094379
642.1 0.267857 1 0.25704 0.0108172
642.55 0.270928 1 0.259878 0.0110504
643 0.270999 1 0.262802 0.00819747
643.44 0.276068 1 0.265742 0.0103264
643.89 0.281139 1 0.26883 0.012309
644.34 0.28121 1 0.271998 0.00921201
644.79 0.28628 1 0.275241 0.0110387
645.23 0.287349 1 0.278483 0.00886536
645.68 0.289419 1 0.281867 0.00755174
646.13 0.293489 1 0.285315 0.00817356
646.57 0.299557 1 0.288744 0.0108127
647.02 0.299627 1 0.292305 0.00732153
647.47 0.303696 1 0.295914 0.0077816
647.91 0.305764 1 0.299485 0.0062791
648.36 0.309833 1 0.303172 0.0066613
648.81 0.311902 1 0.306888 0.00501436
649.25 0.314969 1 0.310542 0.00442742
649.7 0.318038 1 0.314293 0.00374509
650.15 0.318106 1 0.318049 5.68416e-05
650.59 0.323173 1 0.32172 0.00145301
651.04 0.328241 1 0.325463 0.00277846
651.48 0.329308 1 0.329103 0.000205227
651.93 0.330376 1 0.332795 -0.00241988
652.38 0.334443 1 0.336449 -0.00200574
652.82 0.339509 1 0.339974 -0.000464471
653.27 0.337577 1 0.34352 -0.00594344
653.72 0.341644 1 0.346997 -0.00535324
654.16 0.343709 1 0.35032 -0.00661051
654.61 0.347776 1 0.353629 -0.0058531
655.06 0.345843 1 0.356838 -0.0109957
655.5 0.348908 1 0.359869 -0.0109617
655.95 0.347974 1 0.36285 -0.0148757
656.39 0.349039 1 0.365637 -0.0165986
656.84 0.360105 1 0.368349 -0.00824407
657.29 0.363171 1 0.370909 -0.00773876
657.73 0.361235 1 0.373258 -0.0120229
658.18 0.3633 1 0.375491 -0.0121909
658.62 0.360364 1 0.377502 -0.0171376
659.07 0.367429 1 0.379372 -0.0119429
659.52 0.369494 1 0.381046 -0.0115519
659.96 0.368558 1 0.382485 -0.0139277
660.41 0.369622 1 0.383747 -0.0141252
660.85 0.371685 1 0.38477 -0.0130844
661.3 0.376749 1 0.385592 -0.00884238
661.74 0.377812 1 0.386172 -0.00835967
662.19 0.378876 1 0.38653 -0.00765434
662.64 0.37794 1 0.386647 -0.00870714
663.08 0.376002 1 0.386523 -0.0105208
663.53 0.375065 1 0.386149 -0.0110832
663.97 0.378127 1 0.385538 -0.00741113
664.42 0.37619 1 0.384662 -0.00847166
664.86 0.376252 1 0.383557 -0.00730508
665.31 0.377314 1 0.382172 -0.00485751
665.75 0.378375 1 0.380568 -0.00219312
666.2 0.374438 1 0.378674 -0.00423679
666.65 0.3755 1 0.376525 -0.00102475
667.09 0.37656 1 0.374177 0.00238348
667.54 0.373622 1 0.371527 0.00209475
667.98 0.368682 1 0.368697 -1.4662e-05
668.43 0.368744 1 0.365561 0.00318265
668.87 0.365804 1 0.362263 0.00354009
669.32 0.364865 1 0.35866 0.00620502
669.76 0.361924 1 0.354915 0.00700883
670.21 0.360985 1 0.350867 0.010118
670.65 0.355044 1 0.346701 0.00834303
671.1 0.352104 1 0.342236 0.00986846
671.54 0.350163 1 0.337678 0.0124853
671.99 0.347223 1 0.332828 0.014395
672.43 0.339281 1 0.327911 0.0113706
672.88 0.336341 1 0.322712 0.0136288
673.32 0.330399 1 0.317472 0.0129267
673.77 0.328458 1 0.311963 0.016495
674.21 0.319516 1 0.30644 0.0130761
674.66 0.312575 1 0.300661 0.0119134
675.1 0.308632 1 0.294895 0.0137368
675.55 0.30369 1 0.28889 0.0148004
675.99 0.294747 1 0.282923 0.0118237
676.44 0.287805 1 0.276736 0.0110697
676.88 0.284862 1 0.270612 0.0142498
677.33 0.275919 1 0.264285 0.011634
677.77 0.267976 1 0.258048 0.0099277
678.22 0.263033 1 0.251627 0.011406
678.66 0.255089 1 0.245318 0.00977056
679.11 0.248146 1 0.238846 0.00929985
679.55 0.239201 1 0.232507 0.00669352
679.99 0.232256 1 0.22617 0.00608667
680.44 0.223313 1 0.219698 0.00361464
680.88 0.216367 1 0.21339 0.0029778
681.33 0.211423 1 0.206967 0.00445595
681.77 0.203478 1 0.200725 0.00275229
682.22 0.195533 1 0.194389 0.00114426
682.66 0.188587 1 0.188248 0.000339616
683.11 0.178642 1 0.18203 -0.00338805
683.55 0.174696 1 0.176021 -0.0013249
683.99 0.16775 1 0.170087 -0.00233766
684.44 0.159804 1 0.164104 -0.00429957
684.88 0.152857 1 0.158342 -0.00548513
685.33 0.147911 1 0.152547 -0.00463594
685.77 0.138964 1 0.146981 -0.00801724
686.21 0.137017 1 0.141519 -0.0045027
686.66 0.13007 1 0.136045 -0.00597507
687.1 0.121122 1 0.130806 -0.00968399
687.55 0.117175 1 0.125568 -0.00839262
687.99 0.111227 1 0.120566 -0.00933922
688.44 0.10528 1 0.115577 -0.0102969
688.88 0.102331 1 0.110823 -0.00849198
689.32 0.0983821 1 0.106195 -0.00781293
689.77 0.0924342 1 0.101593 -0.00915923
690.21 0.0884849 1 0.0972238 -0.00873883
690.65 0.0825354 1 0.0929831 -0.0104476
691.1 0.0785869 1 0.0887798 -0.0101929
691.54 0.076637 1 0.0848008 -0.00816384
691.99 0.068688 1 0.0808651 -0.0121771
692.43 0.0667378 1 0.077147 -0.0104092
692.87 0.0647872 1 0.0735567 -0.0087694
693.32 0.0598377 1 0.0700158 -0.0101782
693.76 0.0568868 1 0.0666806 -0.00979381
694.2 0.0549356 1 0.0634691 -0.00853349
694.65 0.0489854 1 0.060311 -0.0113256
695.09 0.0470339 1 0.0573445 -0.0103106
695.53 0.0440822 1 0.0544959 -0.0104138
695.98 0.0411313 1 0.0517022 -0.0105709
696.42 0.0421792 1 0.0490851 -0.00690595
696.86 0.0372268 1 0.0465786 -0.0093518
697.31 0.0372753 1 0.0441267 -0.00685142
697.75 0.0333225 1 0.0418357 -0.00851315
698.19 0.0333695 1 0.0396469 -0.00627733
698.64 0.0284174 1 0.037511 -0.00909364
699.08 0.027464 1 0.0355201 -0.00805612
699.52 0.0255104 1 0.0336225 -0.0081121
699.97 0.0225576 1 0.0317751 -0.00921747
700.41 0.0236035 1 0.0300568 -0.0064533
700.85 0.0236493 1 0.0284227 -0.00477344
701.3 0.0186959 1 0.0268353 -0.00813942
701.74 0.0197412 1 0.0253619 -0.00562077
702.18 0.0157863 1 0.0239635 -0.00817727
702.63 0.0158322 1 0.0226078 -0.00677559
703.07 0.0138769 1 0.0213519 -0.00747502
703.51 0.0139213 1 0.020162 -0.00624073
703.96 0.0129666 1 0.0190105 -0.00604398
704.4 0.0120106 1 0.0179457 -0.00593513
704.84 0.0110544 1 0.0169385 -0.00588416
705.28 0.00909798 1 0.0159864 -0.00688841
705.73 0.0101423 1 0.0150668 -0.00492446
706.17 0.0091855 1 0.0142181 -0.00503261
706.61 0.00922843 1 0.0134168 -0.00418841
707.06 0.00827212 1 0.012644 -0.00437185
707.5 0.00831462 1 0.0119315 -0.00361692
707.94 0.0073569 1 0.0112597 -0.00390277
708.38 0.00439895 1 0.0106262 -0.00622729
708.83 0.00744174 1 0.0100161 -0.00257434
709.27 0.00548336 1 0.00945429 -0.00397094
709.71 0.00352475 1 0.00892506 -0.00540031
710.15 0.00356592 1 0.00842659 -0.00486067
710.6 0.0046078 1 0.00794682 -0.00333902
711.04 0.00164852 1 0.00750541 -0.00585689
711.48 0.00168902 1 0.00708982 -0.0054008
711.92 0.0017293 1 0.00669857 -0.00496927
712.37 0.00177026 1 0.00632213 -0.00455186
712.81 -0.00018991 1 0.00597586 -0.00616577
713.25 0.00184969 1 0.00564988 -0.00380019
713.69 -0.000110933 1 0.00534297 -0.00545391
714.13 -0.00307178 1 0.00505401 -0.00812579
714.58 -0.00103197 1 0.00477591 -0.00580788
715.02 -0.00399328 1 0.00451999 -0.00851327
715.46 -0.00195481 1 0.00427894 -0.00623375
715.9 -0.00291657 1 0.00405183 -0.0069684
716.35 -0.0018777 1 0.0038331 -0.0057108
716.79 0.00116008 1 0.00363165 -0.00247157
717.23 0.000197629 1 0.00344173 -0.0032441
717.67 0.00123495 1 0.00326261 -0.00202766
718.11 -0.000727959 1 0.00309363 -0.00382159
718.56 -0.00369026 1 0.00293066 -0.00662092
719 -0.00265364 1 0.00278033 -0.00543397
719.44 -0.00261724 1 0.00263837 -0.00525561
719.88 -0.00158108 1 0.00250426 -0.00408534
720.32 0.00145485 1 0.00237752 -0.000922671
720.76 -0.00250945 1 0.00225771 -0.00476716
721.21 -0.00247318 1 0.00214189 -0.00461507
721.65 -0.00143795 1 0.00203481 -0.00347276
722.09 -0.000402961 1 0.00193346 -0.00233642
722.53 -0.0023682 1 0.00183749 -0.00420569
722.97 -0.00233368 1 0.00174658 -0.00408026
723.41 -0.00129939 1 0.00166044 -0.00295983
723.86 -0.00126456 1 0.00157697 -0.00284153
724.3 -0.00323075 1 0.00149961 -0.00473036
724.74 -0.000197179 1 0.00142622 -0.0016234
725.18 -0.00216384 1 0.00135657 -0.00352041
725.62 -0.00113074 1 0.00129045 -0.00242119
726.06 0.00090212 1 0.00122765 -0.000325531
726.5 -6.52564e-05 1 0.00116799 -0.00123325
726.95 -0.00203214 1 0.00111004 -0.00314218
727.39 0 1 0.00105621 -0.00105621
727.83 -0.000968101 1 0.00100503 -0.00197313
728.27 0.00106356 1 0.000956342 0.000107219
728.71 -0.000905015 1 0.000910027 -0.00181504
729.15 0.000126174 1 0.000865956 -0.000739782
729.59 -0.00284287 1 0.000824011 -0.00366688
730.03 -0.00181215 1 0.000784081 -0.00259623
730.48 -0.000780964 1 0.000745221 -0.00152619
730.92 0.00324929 1 0.000709058 0.00254024
731.36 -0.00172067 1 0.000674617 -0.00239529
731.8 -0.000690867 1 0.000641811 -0.00133268
732.24 0.00433872 1 0.000610559 0.00372816
732.68 0.00136808 1 0.000580784 0.000787291
733.12 0.000397215 1 0.000552416 -0.000155201
733.56 0.00342614 1 0.000525386 0.00290075
734 0.00245484 1 0.000499629 0.00195521
734.44 0.000483324 1 0.000475086 8.23862e-06
734.89 0.00151224 1 0.000451179 0.00106106
735.33 0.000540292 1 0.000428916 0.000111375
735.77 0.00256814 1 0.000407702 0.00216043
736.21 0.00159577 1 0.000387487 0.00120828
736.65 0.0016232 1 0.000368226 0.00125497
737.09 0.00465042 1 0.000349873 0.00430054
737.53 0.00267743 1 0.000332388 0.00234504
737.97 0.00270424 1 0.00031573 0.00238851
738.41 0.000730856 1 0.000299861 0.000430994
738.85 0.00175727 1 0.000284746 0.00147252
739.29 0.00278348 1 0.00027035 0.00251313
739.73 0.0028095 1 0.000256641 0.00255286
740.17 0.000835317 1 0.000243586 0.000591731
740.61 0.000860945 1 0.000231157 0.000629788
741.05 0.00388638 1 0.000219325 0.00366706
741.49 0.00191163 1 0.000208062 0.00170356
741.93 0.00293668 1 0.000197343 0.00273934
742.37 0.00496155 1 0.000187144 0.00477441
742.81 0.00198624 1 0.000177439 0.0018088
743.26 0.00201129 1 0.000168003 0.00184329
743.7 0.00303561 1 0.000159233 0.00287638
744.14 0.00405974 1 0.000150893 0.00390885
744.58 8.36976e-05 1 0.000142962 -5.92649e-05
745.02 0.00310748 1 0.000135424 0.00297205
745.46 0.00413108 1 0.000128259 0.00400282
745.9 0.0011545 1 0.00012145 0.00103306
746.34 0.00317776 1 0.00011498 0.00306278
746.78 0.00520084 1 0.000108834 0.00509201
747.22 0.00122376 1 0.000102997 0.00112076
747.66 0.00124651 1 9.74544e-05 0.00114905
748.1 0.00226909 1 9.21919e-05 0.0021769
748.54 0.0042915 1 8.71967e-05 0.00420431
748.98 0.000313757 1 8.2456e-05 0.000231301
749.42 0.00433585 1 7.79579e-05 0.00425789
749.86 0.00635778 1 7.36906e-05 0.00628409
750.29 0.00337906 1 6.97328e-05 0.00330933
750.73 0.00340068 1 6.58901e-05 0.00333479
751.17 0.00242215 1 6.22468e-05 0.0023599
751.61 0.00544346 1 5.87934e-05 0.00538467
752.05 0.00146463 1 5.55205e-05 0.00140911
752.49 0.00248564 1 5.24194e-05 0.00243322
752.93 0.0015065 1 4.94817e-05 0.00145702
753.37 0.00452722 1 4.66993e-05 0.00448052
753.81 0.00254779 1 4.40646e-05 0.00250372
754.25 0.00156821 1 4.15702e-05 0.00152664
754.69 0.0015885 1 3.92092e-05 0.00154929
755.13 0.00560864 1 3.69749e-05 0.00557167
755.57 0.000628647 1 3.48609e-05 0.000593786
756.01 0.00264851 1 3.28612e-05 0.00261565
756.45 0.000668247 1 3.09701e-05 0.000637277
756.89 0.00368784 1 2.91819e-05 0.00365866
757.33 0.00070731 1 2.74914e-05 0.000679819
757.77 0.00272665 1 2.58937e-05 0.00270075
758.21 0.00274585 1 2.43839e-05 0.00272147
758.64 -0.000235504 1 2.29891e-05 -0.000258493
759.08 -0.000216549 1 2.16401e-05 -0.000238189
759.52 0.000802281 1 2.03661e-05 0.000781915
759.96 0.00282099 1 1.91633e-05 0.00280182
760.4 0.000839574 1 1.8028e-05 0.000821546
760.84 0.00085804 1 1.69564e-05 0.000841083
761.28 -0.000123612 1 1.59454e-05 -0.000139558
761.72 -0.000105381 1 1.49916e-05 -0.000120372
762.16 -0.00308726 1 1.4092e-05 -0.00310136
762.6 -6.92606e-05 1 1.32438e-05 -8.25044e-05
763.03 0.000948226 1 1.24618e-05 0.000935764
763.47 0.00096601 1 1.1707e-05 0.000954303
763.91 0.000983685 1 1.09957e-05 0.00097269
764.35 0.00200125 1 1.03256e-05 0.00199093
764.79 0.00201872 1 9.69432e-06 0.00200902
765.23 0.00103608 1 9.09983e-06 0.00102698
765.67 5.33347e-05 1 8.54007e-06 4.47946e-05
766.11 0.00407049 1 8.01314e-06 0.00406248
766.54 8.71633e-05 1 7.52814e-06 7.96352e-05
766.98 -0.00189587 1 7.06083e-06 -0.00190293
767.42 0.00112099 1 6.6212e-06 0.00111437
767.86 0.00313777 1 6.20769e-06 0.00313156
768.3 0.00215445 1 5.81883e-06 0.00214863
768.74 0.00117104 1 5.45323e-06 0.00116558
769.17 0.00118716 1 5.11715e-06 0.00118205
769.61 0.000203579 1 4.79373e-06 0.000198785
770.05 0.000219908 1 4.48984e-06 0.000215418
770.49 0.00423615 1 4.20437e-06 0.00423195
770.93 0.00225231 1 3.93626e-06 0.00224838
771.37 0.00426839 1 3.68451e-06 0.00426471
771.8 -0.000715969 1 3.45337e-06 -0.000719423
772.24 -0.00170005 1 3.23121e-06 -0.00170328
772.68 -0.0016842 1 3.02274e-06 -0.00168722
773.12 -0.00166843 1 2.82714e-06 -0.00167125
773.56 0.00234727 1 2.64367e-06 0.00234463
774 0.0023629 1 2.47161e-06 0.00236043
774.43 0.000378105 1 2.31384e-06 0.000375791
774.87 0.0013936 1 2.16238e-06 0.00139143
775.31 0.00340902 1 2.02043e-06 0.003407
775.75 -0.00157562 1 1.88742e-06 -0.00157751
776.19 -0.000560329 1 1.76281e-06 -0.000562092
776.62 0.000454557 1 1.64866e-06 0.000452909
777.06 -0.00153027 1 1.53921e-06 -0.00153181
777.5 0.00348484 1 1.43672e-06 0.00348341
777.94 -0.0025001 1 1.34079e-06 -0.00250144
778.37 0.00151456 1 1.25299e-06 0.00151331
778.81 0.00152951 1 1.16887e-06 0.00152834
779.25 -0.0014556 1 1.09017e-06 -0.00145669
779.69 0.000559248 1 1.01656e-06 0.000558232
780.13 0.00157404 1 9.47739e-07 0.0015731
780.56 -0.00141154 1 8.8481e-07 -0.00141243
781 -0.000396843 1 8.24576e-07 -0.000397667
781.44 0.000617814 1 7.68288e-07 0.000617046
781.88 0.000632429 1 7.15698e-07 0.000631713
782.31 -0.00235333 1 6.67653e-07 -0.002354
782.75 -0.0033388 1 6.21704e-07 -0.00333942
783.19 0.0006757 1 5.78801e-07 0.000675121
783.63 0.00169016 1 5.38749e-07 0.00168962
784.06 0.00170426 1 5.0219e-07 0.00170375
784.5 0.00171865 1 4.67254e-07 0.00171818
784.94 0.00373301 1 4.3466e-07 0.00373257
785.37 -0.00125299 1 4.04927e-07 -0.00125339
785.81 -0.000238688 1 3.76531e-07 -0.000239065
786.25 -0.000224414 1 3.50056e-07 -0.000224764
786.69 0.000789835 1 3.25377e-07 0.000789509
787.12 0.00380374 1 3.02882e-07 0.00380343
787.56 0.00281794 1 2.81417e-07 0.00281766
788 0.00183212 1 2.6142e-07 0.00183186
788.43 0.000845963 1 2.43204e-07 0.00084572
788.87 0.000860109 1 2.25833e-07 0.000859883
789.31 0.00187424 1 2.0966e-07 0.00187403
789.75 -0.000111645 1 1.94606e-07 -0.000111839
790.18 -9.78621e-05 1 1.80904e-07 -9.8043e-05
790.62 0.00191623 1 1.67848e-07 0.00191606
791.06 0.00193031 1 1.55703e-07 0.00193016
791.49 0.000944068 1 1.44655e-07 0.000943923
791.93 -0.00204186 1 1.34135e-07 -0.002042
792.37 -2.78e-05 1 1.24355e-07 -2.79244e-05
792.8 0.000985941 1 1.15464e-07 0.000985826
793.24 0 1 1.07002e-07 -1.07002e-07
793.68 0.00301406 1 9.91407e-08 0.00301396
794.11 0.0040278 1 9.19984e-08 0.00402771
794.55 0.00204186 1 8.52054e-08 0.00204178
794.99 5.59323e-05 1 7.8898e-08 5.58534e-05
795.42 0.00406969 1 7.31711e-08 0.00406961
795.86 0.00608377 1 6.77276e-08 0.0060837
796.3 0.00309786 1 6.26765e-08 0.0030978
796.73 -0.00188836 1 5.8093e-08 -0.00188841
797.17 0.00312576 1 5.3739e-08 0.00312571
797.61 0.00113989 1 4.97013e-08 0.00113984
798.04 0.000153715 1 4.60397e-08 0.000153669
798.48 0.000167878 1 4.25635e-08 0.000167836
798.91 0.00218174 1 3.94125e-08 0.0021817
799.35 0.000195941 1 3.64222e-08 0.000195904
799.79 -0.00178983 1 3.3652e-08 -0.00178987
800.22 0.00122409 1 3.11424e-08 0.00122406
800.66 0.00123836 1 2.87623e-08 0.00123833
801.1 0.00125266 1 2.65588e-08 0.00125264
