500.34 0.000168233 1 7.12644e-05 9.69683e-05
500.8 0.00228816 1 7.55271e-05 0.00221264
501.25 0.00140549 1 7.99274e-05 0.00132557
501.71 0.00152543 1 8.4673e-05 0.00144076
502.17 -0.00235462 1 8.96814e-05 -0.00244431
502.62 0.000762714 1 9.48482e-05 0.000667866
503.08 -0.00111734 1 0.000100417 -0.00121776
503.53 0 1 0.000106158 -0.000106158
503.99 0.000119947 1 0.000112344 7.60314e-06
504.44 0.00223729 1 0.00011872 0.00211857
504.9 -0.000642769 1 0.000125585 -0.000768354
505.36 0.00247717 1 0.000132819 0.00234436
505.81 0.00159451 1 0.00014027 0.00145424
506.27 0.000714443 1 0.000148289 0.000566154
506.72 -0.00116823 1 0.000156544 -0.00132478
507.18 0.000951694 1 0.000165424 0.00078627
507.63 6.90077e-05 1 0.000174562 -0.000105554
508.09 0.00118892 1 0.000184386 0.00100454
508.54 -0.000693778 1 0.000194493 -0.000888271
509 0.00142612 1 0.000205354 0.00122077
509.45 0.000543405 1 0.000216521 0.000326884
509.91 0.000663285 1 0.000228517 0.000434768
510.36 0.00278055 1 0.000240845 0.0025397
510.82 0.00390041 1 0.000254083 0.00364633
511.27 0.00301765 1 0.000267681 0.00274997
511.73 0.00313749 1 0.000282276 0.00285521
512.19 0.00225731 1 0.000297604 0.0019597
512.64 0.00237451 1 0.00031334 0.00206117
513.1 0.0024943 1 0.000330217 0.00216409
513.55 0.00161148 1 0.000347535 0.00126394
514.01 0.00173124 1 0.000366101 0.00136514
514.46 0.00284838 1 0.000385144 0.00246324
514.92 0.000968108 1 0.00040555 0.000562557
515.37 0.00308521 1 0.000426472 0.00265874
515.83 0.0022049 1 0.000448881 0.00175602
516.28 0.00332197 1 0.000471845 0.00285013
516.73 0.00143902 1 0.000495884 0.000943137
517.19 0.00155865 1 0.000521615 0.00103703
517.64 0.00367566 1 0.000547966 0.00312769
518.1 0.00279524 1 0.000576159 0.00221908
518.55 0.0029122 1 0.00060502 0.00230718
519.01 0.00203174 1 0.000635883 0.00139585
519.46 0.00014865 1 0.000667463 -0.000518813
519.92 0.00226814 1 0.000701219 0.00156692
520.37 0.001385 1 0.000735743 0.000649254
520.83 0.00250443 1 0.000772631 0.0017318
521.28 0.000621239 1 0.000810341 -0.000189102
521.74 0.00374061 1 0.000850614 0.00289
522.19 0.00285737 1 0.000891766 0.0019656
522.65 0.00297668 1 0.000935696 0.00204099
523.1 0.00309338 1 0.000980565 0.00211281
523.55 0.00621004 1 0.00102738 0.00518266
524.01 0.00432926 1 0.00107732 0.00325194
524.46 0.00344586 1 0.00112829 0.00231757
524.92 0.00156501 1 0.00118264 0.000382374
525.37 0.00468155 1 0.00123809 0.00344346
525.83 0.00480063 1 0.00129719 0.00350344
526.28 0.00491709 1 0.00135746 0.00355964
526.73 0.00203352 1 0.00142024 0.000613283
527.19 0.0031525 1 0.00148711 0.00166539
527.64 0.00326885 1 0.00155525 0.0017136
528.1 0.00438775 1 0.0016278 0.00275996
528.55 0.00450403 1 0.00170169 0.00280234
529.01 0.00662285 1 0.00178033 0.00484252
529.46 0.00373904 1 0.00186039 0.00187866
529.91 0.0038552 1 0.00194366 0.00191154
530.37 0.0069739 1 0.00203221 0.00494169
530.82 0.00408997 1 0.0021223 0.00196767
531.28 0.00420858 1 0.00221806 0.00199051
531.73 0.00532456 1 0.00231545 0.00300911
532.18 0.00444051 1 0.00241663 0.00202387
532.64 0.00355898 1 0.00252411 0.00103487
533.09 0.00567483 1 0.00263333 0.0030415
533.54 0.00379063 1 0.00274672 0.00104391
534 0.00890897 1 0.00286709 0.00604188
534.45 0.00802468 1 0.00298933 0.00503534
534.91 0.00814291 1 0.00311903 0.00502388
535.36 0.00725852 1 0.00325069 0.00400783
535.81 0.00637408 1 0.00338722 0.00298686
536.27 0.00649216 1 0.00353198 0.00296018
536.72 0.00660762 1 0.00367883 0.0029288
537.17 0.00772303 1 0.003831 0.00389202
537.63 0.00684095 1 0.00399224 0.00284871
538.08 0.0109563 1 0.00415569 0.00680056
538.54 0.0100741 1 0.00432879 0.00574527
538.99 0.0101893 1 0.00450418 0.00568507
539.44 0.0103044 1 0.00468574 0.00561865
539.9 0.00942203 1 0.00487787 0.00454415
540.35 0.00953705 1 0.00507242 0.00446463
540.8 0.00765202 1 0.00527367 0.00237835
541.26 0.0107695 1 0.00548649 0.00528298
541.71 0.0138843 1 0.00570184 0.00818249
542.16 0.0139991 1 0.00592444 0.00807467
542.62 0.0141164 1 0.0061597 0.0079567
543.07 0.0142311 1 0.00639757 0.00783349
543.52 0.0123457 1 0.00664328 0.00570238
543.98 0.0114628 1 0.00690278 0.00455997
544.43 0.0135772 1 0.00716498 0.00641225
544.88 0.0126916 1 0.00743564 0.00525601
545.34 0.0158085 1 0.00772127 0.00808726
545.79 0.0149228 1 0.00800968 0.00691314
546.24 0.014037 1 0.00830718 0.00572986
546.69 0.0141512 1 0.008614 0.00553719
547.15 0.0162678 1 0.00893749 0.00733032
547.6 0.0163818 1 0.00926381 0.00711801
548.05 0.0154958 1 0.0096001 0.00589566
548.51 0.0176122 1 0.00995442 0.00765775
548.96 0.018726 1 0.0103116 0.00841439
549.41 0.0168397 1 0.0106794 0.0061603
549.86 0.0189534 1 0.0110581 0.00789525
550.32 0.0200695 1 0.0114568 0.00861273
550.77 0.021183 1 0.0118582 0.0093248
551.22 0.0192965 1 0.0122712 0.00702521
551.68 0.0214123 1 0.0127057 0.00870665
552.13 0.0215256 1 0.0131429 0.00838275
552.58 0.0216388 1 0.0135924 0.00804646
553.03 0.022752 1 0.0140544 0.00869756
553.49 0.0208676 1 0.0145399 0.00632762
553.94 0.0219805 1 0.0150281 0.00695248
554.39 0.0240935 1 0.0155294 0.00856401
554.84 0.0272063 1 0.0160443 0.011162
555.3 0.0243215 1 0.0165848 0.00773671
555.75 0.0264342 1 0.0171277 0.0093065
556.2 0.0245468 1 0.0176848 0.006862
556.65 0.0286593 1 0.0182563 0.010403
557.11 0.0287742 1 0.0188557 0.00991851
557.56 0.0288865 1 0.0194571 0.00942942
558.01 0.0299988 1 0.0200737 0.00992511
558.46 0.0271109 1 0.0207056 0.00640535
558.92 0.0302255 1 0.0213677 0.00885784
559.37 0.0333375 1 0.0220313 0.0113062
559.82 0.0314494 1 0.022711 0.00873836
560.27 0.0325612 1 0.023407 0.00915422
560.72 0.0326729 1 0.0241194 0.00855353
561.18 0.0327871 1 0.0248649 0.00792216
561.63 0.0358986 1 0.0256112 0.0102874
562.08 0.0350101 1 0.0263747 0.00863538
562.53 0.0351214 1 0.0271554 0.00796603
562.99 0.0362352 1 0.0279715 0.00826365
563.44 0.0363463 1 0.0287878 0.00755859
563.89 0.0364574 1 0.0296219 0.00683558
564.34 0.0405684 1 0.030474 0.0100945
564.79 0.0386793 1 0.0313443 0.00733506
565.25 0.0407926 1 0.0322529 0.00853971
565.7 0.0409033 1 0.0331605 0.00774283
566.15 0.0410139 1 0.0340867 0.00692719
566.6 0.0431244 1 0.0350318 0.00809264
567.05 0.0422348 1 0.0359958 0.00623905
567.5 0.0453451 1 0.0369788 0.00836629
567.96 0.0444578 1 0.0380036 0.0064542
568.41 0.0465679 1 0.0390256 0.00754232
568.86 0.0456779 1 0.040067 0.00561093
569.31 0.0457878 1 0.0411279 0.00465995
569.76 0.0468976 1 0.0422083 0.00468928
570.21 0.0480073 1 0.0433085 0.00469886
570.67 0.0481193 1 0.0444534 0.00366594
571.12 0.0502288 1 0.0455935 0.00463539
571.57 0.0503382 1 0.0467533 0.00358491
572.02 0.0514475 1 0.047933 0.0035145
572.47 0.0525567 1 0.0491326 0.00342411
572.92 0.0536657 1 0.050352 0.00331376
573.37 0.0557747 1 0.0515913 0.00418343
573.83 0.054886 1 0.0528786 0.00200736
574.28 0.0559947 1 0.054158 0.00183671
574.73 0.0561033 1 0.0554572 0.000646183
575.18 0.0572118 1 0.056776 0.000435825
575.63 0.0593203 1 0.0581145 0.00120571
576.08 0.0604285 1 0.0594726 0.000955917
576.53 0.0595367 1 0.0608502 -0.00131346
576.98 0.0636448 1 0.0622471 0.0013977
577.44 0.0637551 1 0.0636949 6.02232e-05
577.89 0.062863 1 0.0651306 -0.0022676
578.34 0.0649707 1 0.0665852 -0.00161446
578.79 0.0670783 1 0.0680585 -0.000980212
579.24 0.0661858 1 0.0695504 -0.00336465
579.69 0.0682931 1 0.0710607 -0.00276759
580.14 0.0704004 1 0.0725892 -0.0021888
580.59 0.0715075 1 0.0741356 -0.00262807
581.04 0.0726145 1 0.0756997 -0.00308513
581.49 0.0727214 1 0.0772811 -0.00455972
581.95 0.0748306 1 0.0789155 -0.00408492
582.4 0.0769372 1 0.0805313 -0.00359411
582.85 0.0770437 1 0.0821637 -0.00511994
583.3 0.0801501 1 0.0838122 -0.00366208
583.75 0.0832564 1 0.0854766 -0.00222018
584.2 0.0823625 1 0.0871564 -0.00479389
584.65 0.0844686 1 0.0888514 -0.00438282
585.1 0.0865745 1 0.090561 -0.00398659
585.55 0.0876802 1 0.092285 -0.00460477
586 0.0877859 1 0.0940228 -0.00623694
586.45 0.0928914 1 0.095774 -0.00288265
586.9 0.0929968 1 0.0975382 -0.00454144
587.35 0.092102 1 0.0993149 -0.00721284
587.8 0.0962071 1 0.101103 -0.00489635
588.25 0.0973121 1 0.102904 -0.00559146
588.71 0.0994193 1 0.104755 -0.00533568
589.16 0.103524 1 0.106577 -0.00305262
589.61 0.100629 1 0.108408 -0.00777952
590.06 0.104733 1 0.110249 -0.00551581
590.51 0.108837 1 0.112098 -0.00326089
590.96 0.107942 1 0.113956 -0.00601417
591.41 0.111046 1 0.115821 -0.00477502
591.86 0.11315 1 0.117692 -0.00454282
592.31 0.116253 1 0.11957 -0.0033169
592.76 0.118357 1 0.121454 -0.00309663
593.21 0.11646 1 0.123342 -0.00688131
593.66 0.119564 1 0.125234 -0.00567026
594.11 0.122667 1 0.12713 -0.00446278
594.56 0.12477 1 0.129028 -0.00425817
595.01 0.128873 1 0.130929 -0.00205569
595.46 0.128976 1 0.13283 -0.00385461
595.91 0.133079 1 0.134733 -0.00165418
596.36 0.133181 1 0.136635 -0.00345366
596.81 0.136283 1 0.138536 -0.00225228
597.26 0.135386 1 0.140435 -0.00504926
597.71 0.140488 1 0.142331 -0.00184382
598.16 0.14259 1 0.144225 -0.00163518
598.61 0.142691 1 0.146114 -0.00342253
599.06 0.146793 1 0.147998 -0.00120508
599.51 0.147894 1 0.149877 -0.00198203
599.96 0.148996 1 0.151748 -0.00275255
600.41 0.152097 1 0.153613 -0.00151585
600.86 0.154198 1 0.155469 -0.0012711
601.31 0.155299 1 0.157316 -0.00201748
601.76 0.1604 1 0.159154 0.00124581
602.21 0.1615 1 0.160981 0.000519606
602.65 0.162598 1 0.162756 -0.000157314
603.1 0.164699 1 0.164559 0.000139628
603.55 0.166799 1 0.166349 0.000449478
604 0.168899 1 0.168126 0.000773034
604.45 0.170999 1 0.169887 0.00111109
604.9 0.172098 1 0.171634 0.000464431
605.35 0.177198 1 0.173364 0.00383383
605.8 0.174297 1 0.175077 -0.000779957
606.25 0.177396 1 0.176772 0.000623824
606.7 0.180495 1 0.178449 0.0020459
607.15 0.180594 1 0.180107 0.000486997
607.6 0.183693 1 0.181745 0.0019478
608.05 0.185791 1 0.183362 0.00242899
608.5 0.18789 1 0.184958 0.00293121
608.95 0.187988 1 0.186533 0.00145509
609.39 0.189084 1 0.18805 0.00103329
609.84 0.191182 1 0.18958 0.00160175
610.29 0.194279 1 0.191086 0.00319356
610.74 0.191377 1 0.192568 -0.00119078
611.19 0.194474 1 0.194025 0.000449189
611.64 0.197571 1 0.195457 0.0021139
612.09 0.197668 1 0.196865 0.000803728
612.54 0.199765 1 0.198246 0.001519
612.99 0.200862 1 0.199602 0.00126001
613.44 0.200959 1 0.200932 2.69857e-05
613.88 0.201053 1 0.202206 -0.00115337
614.33 0.200149 1 0.203484 -0.00333459
614.78 0.204245 1 0.204734 -0.000489502
615.23 0.204341 1 0.205959 -0.00161812
615.68 0.205436 1 0.207157 -0.00172052
616.13 0.205532 1 0.208329 -0.00279686
616.58 0.206627 1 0.209475 -0.00284736
617.03 0.208722 1 0.210595 -0.00187234
617.47 0.206815 1 0.211666 -0.00485024
617.92 0.21091 1 0.212736 -0.00182598
618.37 0.212005 1 0.213782 -0.00177762
618.82 0.212099 1 0.214805 -0.00270584
619.27 0.213193 1 0.215805 -0.00261139
619.72 0.213288 1 0.216783 -0.00349512
620.17 0.215381 1 0.217739 -0.00235802
620.61 0.213473 1 0.218656 -0.00518262
621.06 0.215567 1 0.219574 -0.00400758
621.51 0.21366 1 0.220475 -0.00681521
621.96 0.216753 1 0.22136 -0.00460695
622.41 0.216846 1 0.22223 -0.00538432
622.86 0.216939 1 0.223088 -0.00614896
623.3 0.220029 1 0.223916 -0.00388602
623.75 0.219122 1 0.224753 -0.00563085
624.2 0.221214 1 0.225583 -0.0043686
624.65 0.219306 1 0.226408 -0.00710141
625.1 0.221398 1 0.22723 -0.00583156
625.54 0.220488 1 0.228033 -0.00754519
625.99 0.220579 1 0.228856 -0.00827722
626.44 0.225671 1 0.229685 -0.00401407
626.89 0.224762 1 0.23052 -0.00575848
627.34 0.227853 1 0.231366 -0.00351332
627.78 0.227941 1 0.232206 -0.00426435
628.23 0.229032 1 0.233081 -0.00404872
628.68 0.228122 1 0.233975 -0.00585272
629.13 0.231212 1 0.234892 -0.00367964
629.58 0.233302 1 0.235835 -0.00253284
630.02 0.23539 1 0.236786 -0.00139583
630.47 0.23648 1 0.237791 -0.0013113
630.92 0.235569 1 0.238833 -0.00326357
631.37 0.240658 1 0.239914 0.000743713
631.81 0.240745 1 0.241015 -0.000269596
632.26 0.243834 1 0.242187 0.00164679
632.71 0.243923 1 0.243411 0.000511673
633.16 0.247011 1 0.24469 0.00232131
633.61 0.248099 1 0.246027 0.00207197
634.05 0.250185 1 0.247395 0.00278983
634.5 0.250273 1 0.24886 0.00141303
634.95 0.25536 1 0.250394 0.00496642
635.4 0.258448 1 0.252001 0.0064465
635.84 0.260533 1 0.253647 0.0068862
636.29 0.26362 1 0.255409 0.0082114
636.74 0.265707 1 0.257253 0.00845355
637.18 0.265791 1 0.25914 0.00665161
637.63 0.269878 1 0.261157 0.00872094
638.08 0.272964 1 0.263265 0.00969895
638.53 0.27105 1 0.265466 0.00558329
638.97 0.277134 1 0.267712 0.00942205
639.42 0.281219 1 0.270104 0.0111152
639.87 0.282304 1 0.272595 0.00970925
640.32 0.286389 1 0.275186 0.011203
640.76 0.291472 1 0.277818 0.0136546
641.21 0.293557 1 0.280609 0.0129477
641.66 0.295642 1 0.283503 0.012139
642.1 0.299724 1 0.286429 0.0132944
642.55 0.301808 1 0.289522 0.0122855
643 0.304892 1 0.292715 0.0121767
643.44 0.307973 1 0.295932 0.0120419
643.89 0.312057 1 0.299316 0.0127407
644.34 0.31514 1 0.302794 0.0123457
644.79 0.316223 1 0.306363 0.00985992
645.23 0.321304 1 0.309937 0.0113671
645.68 0.323386 1 0.313674 0.00971245
646.13 0.326469 1 0.31749 0.00897885
646.57 0.331549 1 0.321292 0.0102567
647.02 0.333631 1 0.325248 0.00838225
647.47 0.337712 1 0.329267 0.00844531
647.91 0.340792 1 0.33325 0.00754171
648.36 0.341873 1 0.337372 0.00450094
648.81 0.346954 1 0.341535 0.00541865
649.25 0.352033 1 0.345638 0.00639461
649.7 0.353113 1 0.349859 0.00325424
650.15 0.359194 1 0.354096 0.00509757
650.59 0.361272 1 0.358246 0.00302647
651.04 0.365352 1 0.362486 0.00286546
651.48 0.36743 1 0.366621 0.000809117
651.93 0.369509 1 0.370826 -0.00131666
652.38 0.373588 1 0.374997 -0.00140873
652.82 0.376665 1 0.379032 -0.00236666
653.27 0.374744 1 0.383103 -0.00835923
653.72 0.380822 1 0.387107 -0.00628445
654.16 0.383899 1 0.390945 -0.0070461
654.61 0.387977 1 0.39478 -0.00680357
655.06 0.390055 1 0.398513 -0.00845855
655.5 0.39013 1 0.402052 -0.0119217
655.95 0.393208 1 0.405547 -0.0123389
656.39 0.393283 1 0.40883 -0.0155468
656.84 0.40136 1 0.412039 -0.0106797
657.29 0.407436 1 0.415088 -0.00765152
657.73 0.404511 1 0.417902 -0.0133906
658.18 0.403587 1 0.420598 -0.0170105
658.62 0.407661 1 0.423046 -0.0153844
659.07 0.411737 1 0.425347 -0.0136099
659.52 0.412812 1 0.427433 -0.0146207
659.96 0.416886 1 0.429256 -0.0123699
660.41 0.415961 1 0.430889 -0.0149281
660.85 0.418034 1 0.432251 -0.0142176
661.3 0.419108 1 0.433397 -0.0142891
661.74 0.421181 1 0.434268 -0.0130878
662.19 0.423254 1 0.434898 -0.0116434
662.64 0.424328 1 0.435257 -0.0109284
663.08 0.4244 1 0.43534 -0.0109404
663.53 0.426473 1 0.435148 -0.00867509
663.97 0.424544 1 0.434685 -0.0101405
664.42 0.421617 1 0.433926 -0.0123091
664.86 0.426688 1 0.432904 -0.00621558
665.31 0.42576 1 0.431569 -0.00580859
665.75 0.426831 1 0.42998 -0.00314988
666.2 0.423902 1 0.428066 -0.00416405
666.65 0.425974 1 0.42586 0.000113624
667.09 0.425043 1 0.423422 0.00162129
667.54 0.421114 1 0.420644 0.00047051
667.98 0.422183 1 0.417652 0.00453152
668.43 0.422254 1 0.414314 0.00793945
668.87 0.415322 1 0.410784 0.00453821
669.32 0.412392 1 0.406906 0.00548587
669.76 0.41046 1 0.40286 0.00760093
670.21 0.40953 1 0.398466 0.0110635
670.65 0.403598 1 0.39393 0.00966783
671.1 0.402666 1 0.389051 0.013615
671.54 0.396734 1 0.384057 0.0126766
671.99 0.395802 1 0.378729 0.0170732
672.43 0.385869 1 0.373313 0.0125554
672.88 0.380936 1 0.367574 0.013362
673.32 0.376003 1 0.361778 0.0142243
673.77 0.37107 1 0.355672 0.0153976
674.21 0.365135 1 0.349539 0.0155962
674.66 0.358202 1 0.343112 0.0150901
675.1 0.352267 1 0.336689 0.0155788
675.55 0.342334 1 0.329989 0.0123448
675.99 0.337398 1 0.323323 0.0140754
676.44 0.329464 1 0.3164 0.0130637
676.88 0.325528 1 0.309541 0.015987
677.33 0.315593 1 0.302446 0.0131472
677.77 0.305657 1 0.295443 0.0102137
678.22 0.296721 1 0.288226 0.00849508
678.66 0.289784 1 0.281129 0.00865567
679.11 0.281849 1 0.27384 0.00800858
679.55 0.272911 1 0.266696 0.00621523
679.99 0.265973 1 0.259546 0.0064274
680.44 0.257037 1 0.252239 0.00479765
680.88 0.248098 1 0.245111 0.00298741
681.33 0.241161 1 0.237849 0.00331251
681.77 0.232222 1 0.230785 0.00143708
682.22 0.223284 1 0.22361 -0.000325262
682.66 0.215345 1 0.216651 -0.00130571
683.11 0.206407 1 0.209601 -0.00319456
683.55 0.200467 1 0.202783 -0.0023165
683.99 0.194527 1 0.196047 -0.00152076
684.44 0.187588 1 0.189251 -0.0016636
684.88 0.179647 1 0.182704 -0.003057
685.33 0.170707 1 0.176115 -0.0054076
685.77 0.161766 1 0.169783 -0.00801717
686.21 0.157824 1 0.163567 -0.00574234
686.66 0.148884 1 0.157334 -0.00844984
687.1 0.141942 1 0.151366 -0.00942405
687.55 0.134 1 0.145396 -0.0113954
687.99 0.129058 1 0.139693 -0.0106356
688.44 0.125116 1 0.134002 -0.00888625
688.88 0.116173 1 0.128578 -0.0124055
689.32 0.113229 1 0.123296 -0.0100664
689.77 0.107287 1 0.118041 -0.0107544
690.21 0.102343 1 0.11305 -0.0107069
690.65 0.0953985 1 0.108204 -0.0128052
691.1 0.0924552 1 0.103399 -0.0109435
691.54 0.0895103 1 0.0988485 -0.00933824
691.99 0.0825663 1 0.0943461 -0.0117797
692.43 0.0786208 1 0.090091 -0.0114701
692.87 0.0776751 1 0.0859807 -0.00830564
693.32 0.0717303 1 0.0819256 -0.0101954
693.76 0.0667839 1 0.0781045 -0.0113205
694.2 0.0628373 1 0.0744238 -0.0115865
694.65 0.0618916 1 0.0708028 -0.00891114
695.09 0.0549445 1 0.0674001 -0.0124557
695.53 0.054997 1 0.0641314 -0.00913442
695.98 0.0520504 1 0.0609243 -0.00887386
696.42 0.0501024 1 0.0579185 -0.00781611
696.86 0.0461541 1 0.0550384 -0.00888434
697.31 0.0452066 1 0.0522197 -0.00701312
697.75 0.0402577 1 0.0495846 -0.00932687
698.19 0.0423085 1 0.0470657 -0.00475718
698.64 0.0373601 1 0.0446063 -0.00724622
699.08 0.0344103 1 0.0423125 -0.00790214
699.52 0.0324602 1 0.0401247 -0.00766449
699.97 0.031511 1 0.0379935 -0.00648247
700.41 0.0295603 1 0.0360099 -0.00644952
700.85 0.0286094 1 0.0341219 -0.00551255
701.3 0.0246592 1 0.0322864 -0.00762722
701.74 0.0247076 1 0.0305815 -0.00587381
702.18 0.0217558 1 0.0289618 -0.00720597
702.63 0.0208047 1 0.0273899 -0.00658521
703.07 0.0198523 1 0.0259324 -0.00608017
703.51 0.0198995 1 0.0245501 -0.00465063
703.96 0.0199475 1 0.0232109 -0.00326332
704.4 0.0169942 1 0.0219709 -0.0049767
704.84 0.0130405 1 0.0207966 -0.00775605
705.28 0.0140866 1 0.0196849 -0.00559834
705.73 0.0151334 1 0.0186097 -0.00347638
706.17 0.0101788 1 0.0176159 -0.00743715
706.61 0.0132239 1 0.0166762 -0.00345227
707.06 0.0102698 1 0.0157682 -0.00549845
707.5 0.0113143 1 0.0149298 -0.00361546
707.94 0.0113585 1 0.0141376 -0.00277904
708.38 0.00740245 1 0.0133892 -0.00598679
708.83 0.00844705 1 0.0126669 -0.00421983
709.27 0.00649035 1 0.0120003 -0.00551
709.71 0.00653335 1 0.011371 -0.00483767
710.15 0.00457603 1 0.0107768 -0.00620082
710.6 0.00861937 1 0.0102035 -0.00158417
711.04 0.00266144 1 0.00967469 -0.00701325
711.48 0.00570319 1 0.00917542 -0.00347223
711.92 0.00674464 1 0.00870406 -0.00195942
712.37 0.00278671 1 0.0082492 -0.00546249
712.81 0.00482753 1 0.00782951 -0.00300198
713.25 0.00586804 1 0.00743316 -0.00156512
713.69 0.00290823 1 0.00705878 -0.00415055
714.13 0.00194811 1 0.0067051 -0.00475699
714.58 0.00298858 1 0.00636351 -0.00337493
715.02 2.78266e-05 1 0.00604803 -0.00602021
715.46 0.00206676 1 0.00574977 -0.00368301
715.9 0.00110538 1 0.00546771 -0.00436233
716.35 0.00214455 1 0.00519499 -0.00305044
716.79 0.00418252 1 0.0049428 -0.000760277
717.23 0.00322018 1 0.00470407 -0.00148389
717.67 0.00125753 1 0.004478 -0.00322048
718.11 0.00029455 1 0.00426384 -0.00396929
718.56 0.00233209 1 0.00405639 -0.0017243
719 0.00236846 1 0.0038642 -0.00149574
719.44 0.000404519 1 0.00368191 -0.00327739
719.88 0.00144025 1 0.00350895 -0.00206869
720.32 0.00147567 1 0.00334477 -0.0018691
720.76 0.000510758 1 0.00318885 -0.00267809
721.21 0.00254631 1 0.00303745 -0.00049114
721.65 -0.000419253 1 0.00289684 -0.00331609
722.09 -0.000385141 1 0.00276314 -0.00314829
722.53 0.00164864 1 0.00263598 -0.000987332
722.97 -0.0023179 1 0.00251497 -0.00483287
723.41 -0.00128476 1 0.00239979 -0.00368455
723.86 0.000748787 1 0.00228767 -0.00153888
724.3 -0.000218742 1 0.0021833 -0.00240204
724.74 0.0008134 1 0.00208384 -0.00127044
725.18 -0.000154787 1 0.00198903 -0.00214382
725.62 -0.000123303 1 0.00189863 -0.00202194
726.06 -0.00109215 1 0.00181241 -0.00290456
726.5 0.00193867 1 0.00173014 0.000208529
726.95 0.00096985 1 0.00164989 -0.000680042
727.39 0 1 0.00157503 -0.00157503
727.83 -0.000970183 1 0.00150355 -0.00247373
728.27 0.0020593 1 0.00143529 0.000624011
728.71 0.00108846 1 0.00137009 -0.000281633
729.15 0.000117292 1 0.00130781 -0.00119052
729.59 0.000145799 1 0.00124829 -0.0011025
730.03 0.00217398 1 0.00119142 0.000982559
730.48 0.000202478 1 0.00113587 -0.000933387
730.92 0.00323002 1 0.00108397 0.00214605
731.36 0.000257243 1 0.00103436 -0.000777116
731.8 0.00128416 1 0.000986935 0.00029722
732.24 0.00531076 1 0.000941597 0.00436916
732.68 0.000337049 1 0.000898251 -0.000561203
733.12 0.00136303 1 0.00085681 0.000506225
733.56 0.000388717 1 0.000817188 -0.000428471
734 0.0034141 1 0.000779306 0.00263479
734.44 0.00143918 1 0.000743089 0.000696088
734.89 0.00246452 1 0.000707695 0.00175682
735.33 0.001489 1 0.000674627 0.000814373
735.77 0.00351319 1 0.000643017 0.00287017
736.21 0.00353709 1 0.0006128 0.00292429
736.65 0.00356069 1 0.000583919 0.00297678
737.09 0.00458402 1 0.000556315 0.0040277
737.53 0.00360705 1 0.000529936 0.00307712
737.97 0.00562981 1 0.00050473 0.00512508
738.41 0.00465229 1 0.000480646 0.00417164
738.85 0.00467449 1 0.000457637 0.00421685
739.29 0.00169641 1 0.000435659 0.00126075
739.73 0.00471806 1 0.000414668 0.00430339
740.17 0.00173944 1 0.000394621 0.00134482
740.61 0.00176055 1 0.00037548 0.00138507
741.05 0.0067814 1 0.000357205 0.00642419
741.49 0.00280198 1 0.000339761 0.00246222
741.93 0.0038223 1 0.000323113 0.00349919
742.37 0.00384236 1 0.000307225 0.00353514
742.81 0.00486216 1 0.000292067 0.0045701
743.26 0.00288215 1 0.000277286 0.00260487
743.7 0.00290144 1 0.000263509 0.00263793
744.14 0.00592048 1 0.000250371 0.00567011
744.58 0.00393927 1 0.000237844 0.00370143
745.02 0.00195782 1 0.000225903 0.00173191
745.46 0.00397612 1 0.000214522 0.00376159
745.9 0.00199417 1 0.000203676 0.0017905
746.34 0.00301199 1 0.000193343 0.00281865
746.78 0.00802957 1 0.000183499 0.00784607
747.22 0.00304692 1 0.000174125 0.0028728
747.66 0.00306403 1 0.000165198 0.00289884
748.1 0.00208092 1 0.000156699 0.00192422
748.54 0.00209757 1 0.00014861 0.00194896
748.98 0.004114 1 0.000140911 0.00397309
749.42 0.0011302 1 0.000133586 0.000996618
749.86 0.00614619 1 0.000126618 0.00601957
750.29 0.00416159 1 0.000120137 0.00404146
750.73 0.00617715 1 0.000113828 0.00606332
751.17 0.00419248 1 0.000107829 0.00408465
751.61 0.0062076 1 0.000102127 0.00610548
752.05 0.00222252 1 9.67081e-05 0.00212581
752.49 0.00323722 1 9.15592e-05 0.00314566
752.93 0.00125172 1 8.66678e-05 0.00116505
753.37 0.00426601 1 8.2022e-05 0.00418399
753.81 0.00328011 1 7.76104e-05 0.0032025
754.25 0.003294 1 7.3422e-05 0.00322058
754.69 0.00530769 1 6.94463e-05 0.00523825
755.13 0.00632119 1 6.56733e-05 0.00625552
755.57 0.0033345 1 6.20933e-05 0.00327241
756.01 0.00134762 1 5.86972e-05 0.00128892
756.45 0.00236055 1 5.54762e-05 0.00230507
756.89 0.00237329 1 5.24219e-05 0.00232087
757.33 0.00338585 1 4.95262e-05 0.00333632
757.77 0.00239823 1 4.67814e-05 0.00235145
758.21 0.00341042 1 4.41803e-05 0.00336624
758.64 -0.000577827 1 4.17703e-05 -0.000619597
759.08 0.00243402 1 3.94328e-05 0.00239459
759.52 0.0014457 1 3.7219e-05 0.00140848
759.96 0.00345721 1 3.51226e-05 0.00342208
760.4 0.000468543 1 3.3138e-05 0.000435405
760.84 0.000479714 1 3.12595e-05 0.000448455
761.28 -0.000509278 1 2.94818e-05 -0.00053876
761.72 0.000501567 1 2.77998e-05 0.000473768
762.16 -0.000487746 1 2.62087e-05 -0.000513955
762.6 0.000522783 1 2.4704e-05 0.000498079
763.03 0.00153292 1 2.33126e-05 0.00150961
763.47 0.00154315 1 2.19657e-05 0.00152118
763.91 0.000553222 1 2.06927e-05 0.000532529
764.35 0.000563147 1 1.94897e-05 0.000543658
764.79 0.000572927 1 1.83531e-05 0.000554574
765.23 0.00158256 1 1.72795e-05 0.00156528
765.67 0.000592057 1 1.62655e-05 0.000575791
766.11 0.00260141 1 1.53081e-05 0.0025861
766.54 0.00061042 1 1.44242e-05 0.000595996
766.98 -0.00238049 1 1.357e-05 -0.00239406
767.42 0.00262846 1 1.27639e-05 0.00261569
767.86 0.00263728 1 1.20034e-05 0.00262528
768.3 0.000645973 1 1.1286e-05 0.000634687
768.74 0.00065454 1 1.06095e-05 0.00064393
769.17 0.00266279 1 9.98563e-06 0.00265281
769.61 0.000671117 1 9.38346e-06 0.000661733
770.05 0.00167932 1 8.8159e-06 0.00167051
770.49 0.000687409 1 8.28108e-06 0.000679128
770.93 -0.000304619 1 7.7772e-06 -0.000312396
771.37 0.00270324 1 7.30257e-06 0.00269594
771.8 -0.000289186 1 6.86545e-06 -0.000296051
772.24 -0.00128154 1 6.444e-06 -0.00128799
772.68 0.000725993 1 6.04727e-06 0.000719946
773.12 -0.000266574 1 5.67386e-06 -0.000272248
773.56 0.00274076 1 5.32249e-06 0.00273543
774 0.00174799 1 4.99191e-06 0.001743
774.43 -0.00024504 1 4.68782e-06 -0.000249727
774.87 -0.002238 1 4.39499e-06 -0.00224239
775.31 0.000768949 1 4.11965e-06 0.000764829
775.75 -0.00122419 1 3.86082e-06 -0.00122805
776.19 -0.000217425 1 3.61756e-06 -0.000221043
776.62 0.000789106 1 3.39401e-06 0.000785712
777.06 0.00179571 1 3.17894e-06 0.00179253
777.5 0.00280222 1 2.97693e-06 0.00279925
777.94 -0.00119134 1 2.78722e-06 -0.00119412
778.37 0.000814881 1 2.61302e-06 0.000812268
778.81 -0.000178831 1 2.44557e-06 -0.000181276
779.25 -0.00317262 1 2.28841e-06 -0.0031749
779.69 0.00283353 1 2.14093e-06 0.00283139
780.13 0.0038396 1 2.00258e-06 0.0038376
780.56 -0.00115452 1 1.87566e-06 -0.0011564
781 -0.00114858 1 1.75377e-06 -0.00115033
781.44 0.000857308 1 1.6395e-06 0.000855669
781.88 -0.00113687 1 1.53237e-06 -0.0011384
782.31 -0.00013123 1 1.43418e-06 -0.000132664
782.75 -0.00312552 1 1.33995e-06 -0.00312686
783.19 -0.000119856 1 1.25168e-06 -0.000121108
783.63 0.00188575 1 1.169e-06 0.00188458
784.06 -0.00210881 1 1.09327e-06 -0.0021099
784.5 -0.000103296 1 1.02066e-06 -0.000104317
784.94 0.000902175 1 9.52692e-07 0.000901222
785.37 -0.00309252 1 8.90477e-07 -0.00309341
785.81 -0.00108713 1 8.3086e-07 -0.00108796
786.25 -0.00208178 1 7.75085e-07 -0.00208255
786.69 0.00192354 1 7.22915e-07 0.00192282
787.12 -7.12932e-05 1 6.75199e-07 -7.19684e-05
787.56 -6.60391e-05 1 6.29512e-07 -6.66686e-05
788 0.00193919 1 5.86804e-07 0.0019386
788.43 -5.57328e-05 1 5.47765e-07 -5.62805e-05
788.87 0.00194944 1 5.10407e-07 0.00194893
789.31 -4.54047e-05 1 4.75506e-07 -4.58802e-05
789.75 -0.00204027 1 4.42906e-07 -0.00204071
790.18 0.000964728 1 4.13131e-07 0.000964315
790.62 -0.00303017 1 3.84661e-07 -0.00303056
791.06 -0.00202508 1 3.58083e-07 -0.00202544
791.49 0.000979876 1 3.33823e-07 0.000979542
791.93 -0.00301506 1 3.1064e-07 -0.00301537
792.37 -0.00301 1 2.89011e-07 -0.00301028
792.8 -5.05425e-06 1 2.69279e-07 -5.32353e-06
793.24 0 1 2.50435e-07 -2.50435e-07
793.68 -0.000994946 1 2.32864e-07 -0.000995179
794.11 0.00101 1 2.16844e-07 0.00100978
794.55 -0.00198494 1 2.01553e-07 -0.00198514
794.99 -0.00297988 1 1.87305e-07 -0.00298006
795.42 0.00202508 1 1.74321e-07 0.00202491
795.86 0.00303017 1 1.61936e-07 0.00303001
796.3 -0.000964728 1 1.50402e-07 -0.000964878
796.73 0.00104027 1 1.39898e-07 0.00104013
797.17 4.54047e-05 1 1.29884e-07 4.52748e-05
797.61 0.00105056 1 1.20563e-07 0.00105044
798.04 -0.000944385 1 1.1208e-07 -0.000944497
798.48 -0.000939186 1 1.03998e-07 -0.00093929
798.91 -0.00193408 1 9.66442e-08 -0.00193418
799.35 0.00107117 1 8.96406e-08 0.00107108
799.79 -0.00192354 1 8.31286e-08 -0.00192363
800.22 8.1654e-05 1 7.72075e-08 8.15768e-05
800.66 -0.00391299 1 7.15713e-08 -0.00391307
801.1 9.23955e-05 1 6.63339e-08 9.23292e-05
