500.34 0.000343938 1 5.26948e-05 0.000291243
500.8 0.00243854 1 5.59421e-05 0.00238259
501.25 0.00153108 1 5.92999e-05 0.00147178
501.71 0.00262569 1 6.29271e-05 0.00256276
502.17 -0.000279709 1 6.67617e-05 -0.000346471
502.62 0.00181284 1 7.07239e-05 0.00174212
503.08 -9.25515e-05 1 7.50013e-05 -0.000167553
503.53 0 1 7.94191e-05 -7.94191e-05
503.99 0.00109461 1 8.4186e-05 0.00101042
504.44 0.00218716 1 8.91072e-05 0.00209805
504.9 -0.000718234 1 9.4415e-05 -0.000812649
505.36 0.00337637 1 0.000100017 0.00327635
505.81 0.00246892 1 0.000105797 0.00236312
506.27 -0.00043648 1 0.000112026 -0.000548506
506.72 -0.000343938 1 0.000118449 -0.000462387
507.18 0.00175066 1 0.000125369 0.00162529
507.63 0.00184319 1 0.000132502 0.00171069
508.09 0.00293778 1 0.000140182 0.0027976
508.54 3.03065e-05 1 0.000148095 -0.000117789
509 0.00112488 1 0.000156612 0.000968272
509.45 0.0022174 1 0.000165383 0.00205202
509.91 0.00131197 1 0.000174819 0.00113715
510.36 0.00240447 1 0.000184531 0.00221994
510.82 0.00249902 1 0.000194975 0.00230405
511.27 0.000591514 1 0.000205721 0.000385793
511.73 0.00168605 1 0.000217271 0.00146878
512.19 0.00378058 1 0.000229419 0.00355116
512.64 0.00187305 1 0.000241909 0.00163114
513.1 0.00396756 1 0.000255325 0.00371223
513.55 0.00206 1 0.000269113 0.00179089
514.01 0.0021545 1 0.000283915 0.00187058
514.46 0.00424692 1 0.000299119 0.0039478
514.92 0.00234139 1 0.000315436 0.00202596
515.37 0.0024338 1 0.000332189 0.00210161
515.83 0.000528244 1 0.000350158 0.000178086
516.28 0.00462062 1 0.0003686 0.00425203
516.73 0.00171299 1 0.000387932 0.00132506
517.19 0.0018074 1 0.000408653 0.00139875
517.64 0.00289974 1 0.000429904 0.00246984
518.1 0.00199412 1 0.000452673 0.00154145
518.55 0.00308644 1 0.000476012 0.00261042
519.01 0.00318079 1 0.000501007 0.00267978
519.46 0.00227307 1 0.000526616 0.00174645
519.92 0.00336739 1 0.000554029 0.00281336
520.37 0.00145964 1 0.000582103 0.000877534
520.83 0.00255392 1 0.000612141 0.00194178
521.28 0.000646139 1 0.000642889 3.25095e-06
521.74 0.00274039 1 0.000675771 0.00206462
522.19 0.00483257 1 0.000709416 0.00412315
522.65 -7.32185e-05 1 0.00074538 -0.000818598
523.1 0.00101893 1 0.00078216 0.000236766
523.55 0.00311105 1 0.000820585 0.00229047
524.01 0.0032052 1 0.000861629 0.00234357
524.46 0.00229729 1 0.000903576 0.00139371
524.92 0.0053914 1 0.000948363 0.00444304
525.37 0.00448344 1 0.000994114 0.00348933
525.83 0.00357751 1 0.00104294 0.00253457
526.28 0.00166951 1 0.00109279 0.000576718
526.73 0.00476149 1 0.00114479 0.0036167
527.19 0.00285548 1 0.00120024 0.00165524
527.64 0.00294741 1 0.00125682 0.0016906
528.1 0.00504136 1 0.00131713 0.00372424
528.55 0.00613325 1 0.00137864 0.00475461
529.01 0.00522715 1 0.00144417 0.00378298
529.46 0.00531898 1 0.00151097 0.00380801
529.91 0.00541079 1 0.00158053 0.00383025
530.37 0.00450461 1 0.0016546 0.00285001
530.82 0.00659636 1 0.00173005 0.00486632
531.28 0.00469013 1 0.00181034 0.00287979
531.73 0.00378183 1 0.00189209 0.00188974
532.18 0.0068735 1 0.00197711 0.00489638
532.64 0.00596718 1 0.00206754 0.00389964
533.09 0.0050588 1 0.00215954 0.00289925
533.54 0.00515038 1 0.00225517 0.00289521
534 0.00624397 1 0.00235679 0.00388718
534.45 0.0053355 1 0.00246011 0.00287539
534.91 0.00542903 1 0.00256986 0.00285916
535.36 0.00452049 1 0.0026814 0.0018391
535.81 0.00461193 1 0.00279719 0.00181474
536.27 0.00570536 1 0.00292009 0.00278526
536.72 0.00479673 1 0.00304491 0.00175182
537.17 0.00788807 1 0.0031744 0.00471367
537.63 0.0079814 1 0.00331174 0.00466965
538.08 0.0100727 1 0.00345112 0.00662154
538.54 0.00816593 1 0.00359889 0.00456704
538.99 0.00925713 1 0.00374878 0.00550836
539.44 0.0093483 1 0.00390409 0.00544421
539.9 0.0114415 1 0.00406863 0.00737282
540.35 0.00653255 1 0.00423541 0.00229714
540.8 0.00662361 1 0.0044081 0.0022155
541.26 0.00871665 1 0.00459093 0.00412572
541.71 0.0118076 1 0.0047761 0.00703153
542.16 0.0118986 1 0.00496771 0.00693087
542.62 0.0129915 1 0.00517042 0.00782109
543.07 0.0120824 1 0.00537558 0.0067068
543.52 0.0111732 1 0.00558772 0.00558549
543.98 0.010266 1 0.00581197 0.00445405
544.43 0.0113568 1 0.00603879 0.00531799
544.88 0.0114475 1 0.00627314 0.00517434
545.34 0.0145402 1 0.0065207 0.00801946
545.79 0.0136308 1 0.00677091 0.00685989
546.24 0.0117214 1 0.00702925 0.00469214
546.69 0.0128119 1 0.00729592 0.00551601
547.15 0.0139044 1 0.00757735 0.0063271
547.6 0.0149949 1 0.0078615 0.00713341
548.05 0.0150853 1 0.00815461 0.00693072
548.51 0.0151777 1 0.0084637 0.006714
548.96 0.014268 1 0.00877556 0.00549247
549.41 0.0153583 1 0.00909701 0.0062613
549.86 0.0164486 1 0.00942827 0.00702028
550.32 0.0175408 1 0.00977726 0.00776349
550.77 0.0186309 1 0.010129 0.00850188
551.22 0.017721 1 0.0104913 0.00722975
551.68 0.0188131 1 0.0108726 0.00794047
552.13 0.0179031 1 0.0112567 0.00664641
552.58 0.016993 1 0.0116519 0.00534116
553.03 0.0190829 1 0.0120584 0.00702449
553.49 0.0181748 1 0.012486 0.00568877
553.94 0.0182646 1 0.0129162 0.00534835
554.39 0.0213544 1 0.0133585 0.00799585
554.84 0.0224441 1 0.013813 0.00863103
555.3 0.0215357 1 0.0142906 0.00724514
555.75 0.0236253 1 0.0147706 0.00885473
556.2 0.0237149 1 0.0152636 0.00845133
556.65 0.0238044 1 0.0157697 0.00803472
557.11 0.0238958 1 0.0163009 0.00759495
557.56 0.0269852 1 0.0168343 0.0101509
558.01 0.0280746 1 0.0173816 0.010693
558.46 0.0261639 1 0.0179429 0.00822103
558.92 0.0262551 1 0.0185314 0.00772374
559.37 0.0283443 1 0.0191217 0.00922256
559.82 0.0284334 1 0.0197268 0.00870664
560.27 0.0285225 1 0.0203468 0.00817575
560.72 0.0286115 1 0.0209818 0.0076297
561.18 0.0307025 1 0.0216468 0.00905563
561.63 0.0297914 1 0.0223131 0.0074783
562.08 0.0308802 1 0.022995 0.00788521
562.53 0.029969 1 0.0236929 0.00627615
562.99 0.0330597 1 0.0244229 0.00863687
563.44 0.0331484 1 0.0251534 0.00799497
563.89 0.034237 1 0.0259005 0.00833656
564.34 0.0333256 1 0.0266641 0.00666146
564.79 0.0354141 1 0.0274446 0.00796951
565.25 0.0365045 1 0.0282599 0.0082446
565.7 0.0365929 1 0.0290748 0.00751809
566.15 0.0356812 1 0.0299069 0.00577425
566.6 0.0377694 1 0.0307565 0.00701295
567.05 0.0378576 1 0.0316236 0.00623405
567.5 0.0409457 1 0.0325083 0.00843741
567.96 0.0390358 1 0.0334311 0.00560463
568.41 0.0411238 1 0.034352 0.00677179
568.86 0.0392117 1 0.0352908 0.00392087
569.31 0.0412996 1 0.0362478 0.0050518
569.76 0.0423874 1 0.0372229 0.00516447
570.21 0.0454752 1 0.0382163 0.00725881
570.67 0.0425648 1 0.0392508 0.00331401
571.12 0.0446524 1 0.0402813 0.00437109
571.57 0.0457399 1 0.0413303 0.00440967
572.02 0.0468274 1 0.0423977 0.0044297
572.47 0.0479148 1 0.0434837 0.00443116
572.92 0.0480022 1 0.0445881 0.00341404
573.37 0.0510895 1 0.0457111 0.00537833
573.83 0.0491786 1 0.0468782 0.0023004
574.28 0.0502658 1 0.0480386 0.00222713
574.73 0.0513528 1 0.0492175 0.00213533
575.18 0.0524398 1 0.0504148 0.00202505
575.63 0.0525268 1 0.0516304 0.000896331
576.08 0.0526136 1 0.0528644 -0.000250744
576.53 0.0537004 1 0.0541165 -0.000416095
576.98 0.0547871 1 0.0553867 -0.000599626
577.44 0.0568757 1 0.0567038 0.000171866
577.89 0.0549623 1 0.0580103 -0.00304808
578.34 0.0600488 1 0.0593346 0.000714175
578.79 0.0601352 1 0.0606764 -0.000541223
579.24 0.0612215 1 0.0620356 -0.000814104
579.69 0.0613078 1 0.0634121 -0.00210429
580.14 0.063394 1 0.0648056 -0.00141157
580.59 0.0634801 1 0.0662159 -0.00273574
581.04 0.0655662 1 0.0676428 -0.00207658
581.49 0.0656522 1 0.069086 -0.00343383
581.95 0.06774 1 0.0705779 -0.00283795
582.4 0.0688258 1 0.0720534 -0.00322759
582.85 0.0699116 1 0.0735444 -0.00363283
583.3 0.0709972 1 0.0750506 -0.00405335
583.75 0.0730828 1 0.0765716 -0.00348882
584.2 0.0741683 1 0.0781072 -0.00393892
584.65 0.0762538 1 0.079657 -0.00340328
585.1 0.0773391 1 0.0812206 -0.00388154
585.55 0.0794244 1 0.0827977 -0.00337331
586 0.0795096 1 0.0843878 -0.00487818
586.45 0.0815947 1 0.0859904 -0.00439575
586.9 0.0826797 1 0.0876053 -0.00492556
587.35 0.0837647 1 0.0892318 -0.00546719
587.8 0.0858495 1 0.0908697 -0.00502015
588.25 0.0869343 1 0.0925183 -0.00558397
588.71 0.0900209 1 0.0942141 -0.00419325
589.16 0.0921055 1 0.095883 -0.0037775
589.61 0.09219 1 0.0975611 -0.00537106
590.06 0.0942745 1 0.0992479 -0.00497338
590.51 0.0943588 1 0.100943 -0.00658392
590.96 0.0984431 1 0.102645 -0.0042021
591.41 0.101527 1 0.104355 -0.00282733
591.86 0.101611 1 0.10607 -0.00445902
592.31 0.104695 1 0.107792 -0.00309656
592.76 0.105779 1 0.109519 -0.00373931
593.21 0.105863 1 0.11125 -0.00538663
593.66 0.108947 1 0.112985 -0.00403789
594.11 0.110031 1 0.114723 -0.0046924
594.56 0.113114 1 0.116464 -0.00334951
595.01 0.114198 1 0.118206 -0.00400852
595.46 0.114281 1 0.11995 -0.00566874
595.91 0.119364 1 0.121694 -0.00232945
596.36 0.118448 1 0.123438 -0.00498995
596.81 0.122531 1 0.12518 -0.00264951
597.26 0.124614 1 0.126921 -0.0023074
597.71 0.124697 1 0.12866 -0.00396288
598.16 0.12678 1 0.130395 -0.0036152
598.61 0.128862 1 0.132126 -0.0032636
599.06 0.131945 1 0.133852 -0.00190734
599.51 0.133028 1 0.135573 -0.00254564
599.96 0.13511 1 0.137288 -0.00217774
600.41 0.136192 1 0.138995 -0.00280288
600.86 0.140275 1 0.140695 -0.000420277
601.31 0.141357 1 0.142386 -0.00102917
601.76 0.144439 1 0.144068 0.000371217
602.21 0.148521 1 0.145739 0.00278165
602.65 0.148601 1 0.147363 0.00123785
603.1 0.148683 1 0.149013 -0.000329591
603.55 0.149765 1 0.150649 -0.000884723
604 0.154846 1 0.152273 0.00257321
604.45 0.155928 1 0.153883 0.00204495
604.9 0.156009 1 0.155478 0.00053123
605.35 0.159091 1 0.157058 0.00203277
605.8 0.160172 1 0.158622 0.00155028
606.25 0.160253 1 0.160168 8.44637e-05
606.7 0.162334 1 0.161698 0.000635989
607.15 0.164415 1 0.163209 0.00120552
607.6 0.164496 1 0.164702 -0.000206297
608.05 0.166576 1 0.166175 0.000401154
608.5 0.169657 1 0.167629 0.00202847
608.95 0.170738 1 0.169061 0.00167622
609.39 0.171816 1 0.170442 0.00137431
609.84 0.172896 1 0.171832 0.00106405
610.29 0.175977 1 0.173201 0.00277575
610.74 0.176057 1 0.174547 0.00150986
611.19 0.176137 1 0.17587 0.000266776
611.64 0.177217 1 0.17717 4.68752e-05
612.09 0.179296 1 0.178446 0.000850477
612.54 0.180376 1 0.179698 0.000677861
612.99 0.180456 1 0.180926 -0.000470745
613.44 0.183535 1 0.18213 0.00140484
613.88 0.182613 1 0.183284 -0.00067109
614.33 0.184692 1 0.184439 0.000252634
614.78 0.185771 1 0.18557 0.000200738
615.23 0.18685 1 0.186677 0.000173162
615.68 0.186929 1 0.187759 -0.00083022
616.13 0.186008 1 0.188817 -0.0028096
616.58 0.188087 1 0.189852 -0.00176526
617.03 0.188165 1 0.190863 -0.00269754
617.47 0.189242 1 0.191829 -0.00258691
617.92 0.19032 1 0.192795 -0.00247428
618.37 0.191399 1 0.193738 -0.00233981
618.82 0.191477 1 0.194661 -0.00318416
619.27 0.190555 1 0.195563 -0.00500812
619.72 0.193633 1 0.196445 -0.00281257
620.17 0.19471 1 0.197309 -0.00259847
620.61 0.193786 1 0.198136 -0.00435
621.06 0.194864 1 0.198966 -0.00410249
621.51 0.192941 1 0.199781 -0.00683993
621.96 0.194019 1 0.200583 -0.00656373
622.41 0.197096 1 0.201371 -0.00427537
622.86 0.197173 1 0.20215 -0.00497647
623.3 0.196248 1 0.202902 -0.00665344
623.75 0.197325 1 0.203664 -0.00633886
624.2 0.199402 1 0.204421 -0.0050192
624.65 0.199479 1 0.205175 -0.0056965
625.1 0.201555 1 0.205928 -0.00437295
625.54 0.20063 1 0.206666 -0.00603572
625.99 0.200706 1 0.207424 -0.00671729
626.44 0.203782 1 0.208188 -0.00440511
626.89 0.204859 1 0.20896 -0.00410179
627.34 0.205934 1 0.209744 -0.00381002
627.78 0.207009 1 0.210525 -0.00351637
628.23 0.208084 1 0.21134 -0.00325579
628.68 0.20716 1 0.212175 -0.00501536
629.13 0.211235 1 0.213033 -0.00179815
629.58 0.211311 1 0.213918 -0.00260728
630.02 0.214384 1 0.214811 -0.000426962
630.47 0.215459 1 0.215757 -0.000297652
630.92 0.215534 1 0.216739 -0.00120435
631.37 0.218609 1 0.217759 0.000849594
631.81 0.220682 1 0.218799 0.0018833
632.26 0.218757 1 0.219907 -0.00115049
632.71 0.220831 1 0.221065 -0.000233648
633.16 0.225905 1 0.222275 0.00363045
633.61 0.22398 1 0.223541 0.000438462
634.05 0.228052 1 0.224837 0.00321558
634.5 0.231126 1 0.226223 0.00490305
634.95 0.2332 1 0.227675 0.00552483
635.4 0.233274 1 0.229196 0.00407784
635.84 0.236345 1 0.230752 0.00559368
636.29 0.238419 1 0.232417 0.00600212
636.74 0.241492 1 0.234159 0.00733338
637.18 0.243564 1 0.235939 0.00762468
637.63 0.243637 1 0.237841 0.00579608
638.08 0.24971 1 0.239826 0.00988336
638.53 0.250783 1 0.241898 0.00888463
638.97 0.254854 1 0.244008 0.0108455
639.42 0.256926 1 0.246254 0.010672
639.87 0.259999 1 0.24859 0.0114084
640.32 0.261071 1 0.251017 0.0100537
640.76 0.264141 1 0.253478 0.0106629
641.21 0.265213 1 0.256086 0.00912719
641.66 0.270285 1 0.258785 0.0115
642.1 0.272355 1 0.261512 0.0108433
642.55 0.275427 1 0.26439 0.0110373
643 0.277498 1 0.267356 0.0101426
643.44 0.279568 1 0.27034 0.0092283
643.89 0.283639 1 0.273475 0.010164
644.34 0.28671 1 0.276693 0.0100176
644.79 0.293781 1 0.279989 0.0137921
645.23 0.29285 1 0.283285 0.00956533
645.68 0.295921 1 0.286727 0.00919437
646.13 0.300992 1 0.290235 0.0107562
646.57 0.30106 1 0.293726 0.00733408
647.02 0.305131 1 0.297353 0.00777777
647.47 0.307201 1 0.301031 0.00617013
647.91 0.309269 1 0.30467 0.004599
648.36 0.313339 1 0.30843 0.00490863
648.81 0.315408 1 0.312222 0.00318678
649.25 0.322476 1 0.315952 0.00652443
649.7 0.324546 1 0.319783 0.00476287
650.15 0.326615 1 0.323622 0.0029934
650.59 0.330683 1 0.327374 0.00330834
651.04 0.335752 1 0.331203 0.00454903
651.48 0.334819 1 0.334927 -0.000108584
651.93 0.337888 1 0.338709 -0.000821345
652.38 0.341956 1 0.342452 -0.000496032
652.82 0.342023 1 0.346065 -0.00404257
653.27 0.343091 1 0.349703 -0.0066121
653.72 0.346159 1 0.353272 -0.00711301
654.16 0.351226 1 0.356685 -0.00545965
654.61 0.352293 1 0.360087 -0.00779372
655.06 0.356361 1 0.363389 -0.00702755
655.5 0.358427 1 0.366509 -0.00808237
655.95 0.353494 1 0.369581 -0.0160866
656.39 0.35556 1 0.372457 -0.0168966
656.84 0.366627 1 0.375257 -0.00862999
657.29 0.369694 1 0.377905 -0.00821103
657.73 0.367759 1 0.380337 -0.0125778
658.18 0.367826 1 0.382654 -0.0148282
658.62 0.373891 1 0.384744 -0.0108533
659.07 0.376957 1 0.386693 -0.009736
659.52 0.374023 1 0.388443 -0.0144195
659.96 0.376088 1 0.389953 -0.0138649
660.41 0.378154 1 0.391284 -0.0131302
660.85 0.379218 1 0.39237 -0.0131521
661.3 0.381284 1 0.393254 -0.0119702
661.74 0.382348 1 0.39389 -0.011542
662.19 0.382413 1 0.394301 -0.0118881
662.64 0.384478 1 0.394465 -0.00998753
663.08 0.385541 1 0.394383 -0.00884197
663.53 0.384606 1 0.394047 -0.00944104
663.97 0.384669 1 0.393469 -0.00879956
664.42 0.381734 1 0.39262 -0.010886
664.86 0.384797 1 0.391536 -0.0067392
665.31 0.382861 1 0.390167 -0.00730614
665.75 0.384923 1 0.388574 -0.0036502
666.2 0.383987 1 0.386684 -0.00269655
666.65 0.383051 1 0.384532 -0.00148107
667.09 0.382113 1 0.382176 -6.34859e-05
667.54 0.380176 1 0.379513 0.000663502
667.98 0.377238 1 0.376663 0.000575505
668.43 0.378301 1 0.3735 0.00480091
668.87 0.378363 1 0.370171 0.00819187
669.32 0.373425 1 0.366528 0.00689721
669.76 0.369487 1 0.36274 0.0067465
670.21 0.368549 1 0.358641 0.00990818
670.65 0.36461 1 0.354419 0.0101904
671.1 0.360672 1 0.349892 0.0107801
671.54 0.357732 1 0.345267 0.0124654
671.99 0.354794 1 0.340344 0.0144506
672.43 0.347854 1 0.335349 0.0125053
672.88 0.341916 1 0.330066 0.0118497
673.32 0.338976 1 0.324739 0.0142367
673.77 0.334037 1 0.319136 0.014901
674.21 0.329097 1 0.313516 0.0155806
674.66 0.320157 1 0.307634 0.0125229
675.1 0.315217 1 0.301763 0.0134531
675.55 0.307277 1 0.295647 0.0116297
675.99 0.301336 1 0.289569 0.0117673
676.44 0.298396 1 0.283263 0.0151335
676.88 0.291455 1 0.27702 0.0144342
677.33 0.281514 1 0.27057 0.0109446
677.77 0.273573 1 0.264208 0.00936423
678.22 0.267632 1 0.257658 0.0099737
678.66 0.26169 1 0.251222 0.0104684
679.11 0.251749 1 0.244616 0.0071327
679.55 0.245807 1 0.238147 0.0076598
679.99 0.237864 1 0.231677 0.00618759
680.44 0.229923 1 0.225069 0.0048542
680.88 0.22198 1 0.218626 0.00335362
681.33 0.216038 1 0.212067 0.00397156
681.77 0.207095 1 0.20569 0.00140478
682.22 0.199153 1 0.199216 -6.33162e-05
682.66 0.192209 1 0.192941 -0.000731428
683.11 0.186267 1 0.186587 -0.000319982
683.55 0.177323 1 0.180444 -0.00312153
683.99 0.175379 1 0.174379 0.00100009
684.44 0.166436 1 0.168261 -0.00182554
684.88 0.158491 1 0.162371 -0.00387917
685.33 0.152548 1 0.156445 -0.00389657
685.77 0.144603 1 0.150752 -0.00614907
686.21 0.139659 1 0.145166 -0.00550752
686.66 0.134715 1 0.139567 -0.00485198
687.1 0.123769 1 0.134207 -0.0104379
687.55 0.120825 1 0.128848 -0.00802301
687.99 0.11288 1 0.123731 -0.0108511
688.44 0.109935 1 0.118625 -0.00869008
688.88 0.103989 1 0.113761 -0.0097716
689.32 0.100043 1 0.109024 -0.0089815
689.77 0.0950978 1 0.104315 -0.00921692
690.21 0.0901513 1 0.0998421 -0.00969078
690.65 0.0832046 1 0.0955012 -0.0122965
691.1 0.081259 1 0.0911982 -0.00993923
691.54 0.076312 1 0.0871247 -0.0108127
691.99 0.071366 1 0.083095 -0.0117291
692.43 0.0684186 1 0.0792879 -0.0108693
692.87 0.0654711 1 0.0756114 -0.0101404
693.32 0.0615245 1 0.0719854 -0.0104609
693.76 0.0585766 1 0.0685696 -0.00999297
694.2 0.0556285 1 0.0652803 -0.00965184
694.65 0.0516814 1 0.0620454 -0.010364
695.09 0.048733 1 0.0590066 -0.0102737
695.53 0.0467843 1 0.0560884 -0.00930408
695.98 0.0448367 1 0.0532262 -0.0083895
696.42 0.0418877 1 0.0505446 -0.00865692
696.86 0.0389385 1 0.0479761 -0.00903764
697.31 0.0369903 1 0.0454635 -0.00847317
697.75 0.0340407 1 0.0431154 -0.00907461
698.19 0.033091 1 0.0408718 -0.00778081
698.64 0.0301422 1 0.0386824 -0.00854014
699.08 0.0291922 1 0.0366412 -0.00744909
699.52 0.0262419 1 0.0346955 -0.00845365
699.97 0.0242925 1 0.0328011 -0.00850853
700.41 0.0233419 1 0.0310389 -0.007697
700.85 0.0253911 1 0.0293627 -0.00397167
701.3 0.0184411 1 0.0277342 -0.00929304
701.74 0.0194899 1 0.0262225 -0.00673255
702.18 0.0165385 1 0.0247875 -0.00824891
702.63 0.0155881 1 0.0233959 -0.00780785
703.07 0.0126363 1 0.0221067 -0.00947036
703.51 0.0126843 1 0.020885 -0.00820064
703.96 0.0137333 1 0.0197024 -0.00596913
704.4 0.0137809 1 0.0186086 -0.00482768
704.84 0.0118284 1 0.0175738 -0.0057454
705.28 0.00987571 1 0.0165953 -0.00671959
705.73 0.00992388 1 0.01565 -0.00572612
706.17 0.00897078 1 0.0147773 -0.00580655
706.61 0.0090175 1 0.0139532 -0.00493569
707.06 0.00606508 1 0.013158 -0.00709294
707.5 0.00811141 1 0.0124248 -0.00431337
707.94 0.00715755 1 0.011733 -0.00457549
708.38 0.0052035 1 0.0110807 -0.00587716
708.83 0.00625029 1 0.010452 -0.00420169
709.27 0.00529585 1 0.00987292 -0.00457707
709.71 0.00534122 1 0.00932718 -0.00398597
710.15 0.00438639 1 0.00881294 -0.00442655
710.6 0.00643239 1 0.00831775 -0.00188536
711.04 0.00247717 1 0.00786193 -0.00538476
711.48 0.00452176 1 0.00743256 -0.0029108
711.92 0.00456616 1 0.00702812 -0.00246196
712.37 -0.000388644 1 0.00663876 -0.0070274
712.81 0.00165535 1 0.0062804 -0.00462505
713.25 0.000699158 1 0.00594284 -0.00524368
713.69 -0.000257236 1 0.00562483 -0.00588206
714.13 -0.00121383 1 0.00532521 -0.00653904
714.58 -0.000169635 1 0.00503666 -0.0052063
715.02 -0.00212662 1 0.00477095 -0.00689757
715.46 -8.3812e-05 1 0.00452048 -0.00460429
715.9 0.000958802 1 0.00428433 -0.00332553
716.35 2.17864e-06 1 0.00405672 -0.00405454
716.79 4.439e-05 1 0.00384693 -0.00380254
717.23 0.0010864 1 0.00364898 -0.00256257
717.67 -0.000871787 1 0.00346214 -0.00433392
718.11 -0.00483018 1 0.00328573 -0.00811591
718.56 -0.000787827 1 0.00311544 -0.00390327
719 0.000253378 1 0.00295823 -0.00270485
719.44 0.00029438 1 0.00280963 -0.00251525
719.88 -0.00166482 1 0.00266913 -0.00433395
720.32 0.00137578 1 0.00253624 -0.00116046
720.76 -0.00158383 1 0.00241049 -0.00399431
721.21 -0.000542723 1 0.00228882 -0.00283154
721.65 -0.00050274 1 0.00217622 -0.00267896
722.09 -0.00146296 1 0.00206955 -0.00353251
722.53 -0.00242339 1 0.00196845 -0.00439184
722.97 -0.00138402 1 0.0018726 -0.00325661
723.41 -0.000344853 1 0.00178167 -0.00212653
723.86 -0.00330501 1 0.00169349 -0.0049985
724.3 -0.00226627 1 0.00161169 -0.00387796
724.74 -0.000227725 1 0.00153402 -0.00176174
725.18 -0.00218939 1 0.00146023 -0.00364962
725.62 -0.00115127 1 0.00139011 -0.00254138
726.06 0.000886653 1 0.00132346 -0.000436807
726.5 -7.56377e-05 1 0.00126008 -0.00133572
726.95 0.000962713 1 0.00119846 -0.00023575
727.39 0 1 0.00114117 -0.00114117
727.83 -0.000962922 1 0.00108665 -0.00204957
728.27 0.00107395 1 0.00103474 3.92027e-05
728.71 -0.00088939 1 0.000985324 -0.00187471
729.15 -0.00185293 1 0.000938256 -0.00279119
729.59 0.000183321 1 0.000893422 -0.000710101
730.03 0.000219372 1 0.000850706 -0.000631334
730.48 -0.000743966 1 0.000809099 -0.00155307
730.92 0.000291679 1 0.000770349 -0.00047867
731.36 -0.00167287 1 0.000733414 -0.00240629
731.8 -0.00163762 1 0.000698204 -0.00233583
732.24 0.00139743 1 0.000664636 0.000732795
732.68 -0.000567709 1 0.000632631 -0.00120034
733.12 0.00246696 1 0.000602114 0.00186485
733.56 0.000501435 1 0.000573014 -7.15788e-05
734 0.00453572 1 0.000545265 0.00399046
734.44 0.00156982 1 0.000518803 0.00105102
734.89 0.0036045 1 0.00049301 0.00311149
735.33 -0.00136178 1 0.000468972 -0.00183075
735.77 0.00167176 1 0.00044605 0.00122571
736.21 0.00070511 1 0.000424193 0.000280917
736.65 0.00273828 1 0.000403352 0.00233493
737.09 0.00277127 1 0.000383482 0.00238779
737.53 0.00380409 1 0.000364537 0.00343955
737.97 0.00183672 1 0.000346476 0.00149025
738.41 0.00186918 1 0.00032926 0.00153992
738.85 0.00190147 1 0.000312851 0.00158862
739.29 0.00393358 1 0.000297212 0.00363637
739.73 0.00396552 1 0.000282309 0.00368321
740.17 0.000997293 1 0.000268108 0.000729184
740.61 0.00102889 1 0.00025458 0.000774315
741.05 0.00306033 1 0.000241692 0.00281864
741.49 0.0050916 1 0.000229418 0.00486218
741.93 0.0011227 1 0.000217729 0.000904971
742.37 0.00015364 1 0.000206598 -5.29586e-05
742.81 0.00218442 1 0.000196002 0.00198842
743.26 0.00221573 1 0.000185692 0.00203004
743.7 0.00224618 1 0.000176103 0.00207008
744.14 0.00327648 1 0.000166979 0.0031095
744.58 0.00330662 1 0.000158298 0.00314832
745.02 0.00133661 1 0.000150041 0.00118657
745.46 0.00436644 1 0.000142188 0.00422425
745.9 0.00139612 1 0.00013472 0.0012614
746.34 0.00342565 1 0.00012762 0.00329803
746.78 0.00545503 1 0.000120872 0.00533416
747.22 0.00248427 1 0.000114458 0.00236981
747.66 0.00151335 1 0.000108364 0.00140499
748.1 0.00254229 1 0.000102575 0.00243972
748.54 0.00057109 1 9.70764e-05 0.000474014
748.98 0.00359975 1 9.18546e-05 0.00350789
749.42 0.00262826 1 8.68969e-05 0.00254136
749.86 0.00265664 1 8.21907e-05 0.00257444
750.29 0.00268423 1 7.78232e-05 0.00260641
750.73 0.00471234 1 7.358e-05 0.00463876
751.17 0.0027403 1 6.95545e-05 0.00267075
751.61 0.00576814 1 6.57364e-05 0.0057024
752.05 0.00179584 1 6.21156e-05 0.00173372
752.49 0.00382341 1 5.86827e-05 0.00376473
752.93 0.00185085 1 5.54286e-05 0.00179542
753.37 0.00387816 1 5.23447e-05 0.00382582
753.81 0.00290535 1 4.94225e-05 0.00285593
754.25 0.00493241 1 4.66543e-05 0.00488576
754.69 0.00395935 1 4.40324e-05 0.00391531
755.13 0.00598616 1 4.15496e-05 0.00594461
755.57 0.00201285 1 3.91991e-05 0.00197365
756.01 0.00303942 1 3.69742e-05 0.00300245
756.45 0.00206588 1 3.48686e-05 0.00203101
756.89 0.00109221 1 3.28765e-05 0.00105934
757.33 0.00111844 1 3.0992e-05 0.00108744
757.77 0.00214454 1 2.92097e-05 0.00211533
758.21 0.00217054 1 2.75244e-05 0.00214301
758.64 0.00119583 1 2.59665e-05 0.00116986
759.08 0.000221606 1 2.44587e-05 0.000197147
759.52 0.000247272 1 2.30339e-05 0.000224238
759.96 0.00127283 1 2.16878e-05 0.00125114
760.4 0.000298283 1 2.04163e-05 0.000277867
760.84 -0.000676368 1 1.92155e-05 -0.000695584
761.28 -0.000651123 1 1.80818e-05 -0.000669205
761.72 0.00237402 1 1.70115e-05 0.00235701
762.16 0.00139906 1 1.60014e-05 0.00138306
762.6 0.000424008 1 1.50483e-05 0.00040896
763.03 0.00244829 1 1.4169e-05 0.00243412
763.47 0.000473044 1 1.33198e-05 0.000459724
763.91 0.0014977 1 1.2519e-05 0.00148518
764.35 0.000522266 1 1.1764e-05 0.000510503
764.79 0.00154674 1 1.10523e-05 0.00153569
765.23 0.00157112 1 1.03816e-05 0.00156074
765.67 0.000595415 1 9.74967e-06 0.000585665
766.11 0.00561962 1 9.15438e-06 0.00561047
766.54 0.00164319 1 8.60609e-06 0.00163459
766.98 -0.000332772 1 8.07744e-06 -0.00034085
767.42 0.00369118 1 7.57975e-06 0.0036836
767.86 0.00271505 1 7.11131e-06 0.00270794
768.3 0.00073884 1 6.67049e-06 0.000732169
768.74 0.00176255 1 6.25575e-06 0.00175629
769.17 0.00278565 1 5.87423e-06 0.00277977
769.61 0.0048092 1 5.50683e-06 0.0048037
770.05 -0.000167315 1 5.16137e-06 -0.000172477
770.49 0.00485609 1 4.83663e-06 0.00485126
770.93 0.00187943 1 4.53141e-06 0.0018749
771.37 0.00390269 1 4.24461e-06 0.00389845
771.8 -7.46376e-05 1 3.9811e-06 -7.86187e-05
772.24 0.00194849 1 3.72766e-06 0.00194476
772.68 0.00197155 1 3.48966e-06 0.00196806
773.12 -0.00200545 1 3.2662e-06 -0.00200872
773.56 0.00301748 1 3.05644e-06 0.00301442
774 0.00204035 1 2.85958e-06 0.00203749
774.43 0.00206264 1 2.67894e-06 0.00205996
774.87 0.00108539 1 2.50541e-06 0.00108289
775.31 0.000108083 1 2.34265e-06 0.00010574
775.75 0.000130717 1 2.19003e-06 0.000128527
776.19 0.000153296 1 2.04694e-06 0.000151249
776.62 0.000175309 1 1.91578e-06 0.000173393
777.06 -0.000802218 1 1.7899e-06 -0.000804008
777.5 0.0022202 1 1.67197e-06 0.00221853
777.94 0.00124257 1 1.56149e-06 0.00124101
778.37 0.00326439 1 1.4603e-06 0.00326293
778.81 0.00128667 1 1.36327e-06 0.0012853
779.25 -0.000691104 1 1.27243e-06 -0.000692376
779.69 -0.000668918 1 1.18742e-06 -0.000670105
780.13 0.00235322 1 1.10786e-06 0.00235212
780.56 -0.00262518 1 1.03506e-06 -0.00262621
781 0.00239689 1 9.65327e-07 0.00239592
781.44 -0.00158109 1 9.00113e-07 -0.00158199
781.88 0.00244089 1 8.39138e-07 0.00244005
782.31 -0.000537657 1 7.83391e-07 -0.00053844
782.75 0.00148426 1 7.30035e-07 0.00148353
783.19 0.00250614 1 6.80177e-07 0.00250546
783.63 0.00152799 1 6.33599e-07 0.00152736
784.06 0.00154931 1 5.91048e-07 0.00154872
784.5 -0.000428897 1 5.50356e-07 -0.000429447
784.94 0.00359287 1 5.12363e-07 0.00359235
785.37 -0.00338589 1 4.77677e-07 -0.00338637
785.81 0.00063582 1 4.44526e-07 0.000635375
786.25 -0.000342492 1 4.13594e-07 -0.000342906
786.69 0.00167917 1 3.84737e-07 0.00167879
787.12 0.00370033 1 3.58413e-07 0.00369997
787.56 0.00272195 1 3.33275e-07 0.00272162
788 0.00174356 1 3.09838e-07 0.00174325
788.43 0.00176466 1 2.88472e-07 0.00176437
788.87 0.000786237 1 2.6808e-07 0.000785969
789.31 0.0068078 1 2.4908e-07 0.00680755
789.75 0.00282935 1 2.3138e-07 0.00282912
790.18 0.000850399 1 2.15257e-07 0.000850184
790.62 0.00287193 1 1.99883e-07 0.00287173
791.06 0.00289345 1 1.85569e-07 0.00289326
791.49 0.00491447 1 1.72538e-07 0.0049143
791.93 -6.40175e-05 1 1.60119e-07 -6.41776e-05
792.37 -0.00204251 1 1.48565e-07 -0.00204266
792.8 0.0029785 1 1.38052e-07 0.00297836
793.24 0 1 1.2804e-07 -1.2804e-07
793.68 0.0050215 1 1.1873e-07 0.00502138
794.11 0.00404251 1 1.10265e-07 0.0040424
794.55 0.00206402 1 1.02207e-07 0.00206392
794.99 0.00208553 1 9.47188e-08 0.00208543
795.42 0.00210655 1 8.79145e-08 0.00210646
795.86 0.00612807 1 8.14416e-08 0.00612799
796.3 0.0061496 1 7.54302e-08 0.00614953
796.73 0.00417065 1 6.99709e-08 0.00417058
797.17 0.0011922 1 6.47807e-08 0.00119214
797.61 0.00121376 1 5.99635e-08 0.0012137
798.04 0.000234848 1 5.55914e-08 0.000234793
798.48 0.00325644 1 5.14372e-08 0.00325639
798.91 0.00527756 1 4.76684e-08 0.00527751
799.35 0.00329918 1 4.40889e-08 0.00329914
799.79 0.00132083 1 4.07701e-08 0.00132079
800.22 0.003342 1 3.7761e-08 0.00334196
800.66 0.00136369 1 3.49048e-08 0.00136365
801.1 0.0063854 1 3.22581e-08 0.00638537
