500.34 0.000521727 1 3.32916e-05 0.000488436
500.8 0.00159069 1 3.54243e-05 0.00155527
501.25 0.000658157 1 3.76346e-05 0.000620522
501.71 0.000727124 1 4.00277e-05 0.000687096
502.17 -0.000203909 1 4.25632e-05 -0.000246472
502.62 0.00186356 1 4.51889e-05 0.00181837
503.08 -0.00106747 1 4.80298e-05 -0.0011155
503.53 0 1 5.09704e-05 -5.09704e-05
503.99 0.00106897 1 5.41503e-05 0.00101482
504.44 0.00213644 1 5.74403e-05 0.002079
504.9 -0.000794592 1 6.09964e-05 -0.000855588
505.36 0.00227438 1 6.4758e-05 0.00220962
505.81 0.00234184 1 6.86471e-05 0.0022732
506.27 0.000410808 1 7.28477e-05 0.000337961
506.72 0.00147827 1 7.71886e-05 0.00140108
507.18 0.00154723 1 8.1875e-05 0.00146536
507.63 0.00161469 1 8.67157e-05 0.00152798
508.09 0.00268365 1 9.19392e-05 0.00259171
508.54 0.000751106 1 9.73321e-05 0.000653774
509 0.00282006 1 0.000103149 0.00271691
509.45 0.0028875 1 0.000109151 0.00277835
509.91 0.00195645 1 0.000115622 0.00184083
510.36 0.00302389 1 0.000122296 0.00290159
510.82 0.00409282 1 0.000129488 0.00396334
511.27 0.00316026 1 0.000136903 0.00302335
511.73 0.00122918 1 0.000144889 0.00108429
512.19 0.0032981 1 0.000153305 0.0031448
512.64 0.00236552 1 0.000161976 0.00220355
513.1 0.00343443 1 0.000171309 0.00326312
513.55 0.00350184 1 0.000180918 0.00332092
514.01 0.00257073 1 0.000191256 0.00237948
514.46 0.000638128 1 0.000201896 0.000436232
514.92 0.00270701 1 0.000213336 0.00249368
515.37 0.00177439 1 0.000225105 0.00154929
515.83 0.00184326 1 0.000237754 0.00160551
516.28 0.00191063 1 0.00025076 0.00165987
516.73 0.00297798 1 0.000264419 0.00271357
517.19 0.00104683 1 0.000279089 0.000767742
517.64 0.00411417 1 0.000294163 0.00382001
518.1 0.002183 1 0.000310343 0.00187266
518.55 0.00225032 1 0.000326961 0.00192336
519.01 0.00431913 1 0.00034479 0.00397434
519.46 0.00138644 1 0.000363092 0.00102335
519.92 0.00245523 1 0.00038272 0.00207251
520.37 0.00252252 1 0.000402858 0.00211966
520.83 0.00359129 1 0.000424444 0.00316684
521.28 0.00165855 1 0.000446582 0.00121197
521.74 0.0037273 1 0.000470299 0.003257
522.19 0.00179454 1 0.000494611 0.00129993
522.65 0.000863267 1 0.000520645 0.000342622
523.1 0.000930486 1 0.000547318 0.000383168
523.55 0.00399769 1 0.000575232 0.00342246
524.01 0.00106638 1 0.000605103 0.00046128
524.46 0.00113357 1 0.000635685 0.000497881
524.92 0.00220223 1 0.000668394 0.00153384
525.37 0.00426939 1 0.000701866 0.00356752
525.83 0.00233802 1 0.000737648 0.00160037
526.28 0.00440515 1 0.000774247 0.00363091
526.73 0.00447227 1 0.000812486 0.00365978
527.19 0.00254086 1 0.000853334 0.00168753
527.64 0.00360795 1 0.000895084 0.00271287
528.1 0.00367652 1 0.000939663 0.00273685
528.55 0.00374357 1 0.000985203 0.00275837
529.01 0.00581211 1 0.00103381 0.0047783
529.46 0.00287914 1 0.00108343 0.0017957
529.91 0.00394615 1 0.00113519 0.00281095
530.37 0.00401463 1 0.00119039 0.00282424
530.82 0.00408161 1 0.00124672 0.0028349
531.28 0.00315006 1 0.00130675 0.00184331
531.73 0.00421701 1 0.00136798 0.00284903
532.18 0.00628394 1 0.00143176 0.00485218
532.64 0.00435234 1 0.0014997 0.00285264
533.09 0.00541923 1 0.00156894 0.00385029
533.54 0.00348611 1 0.00164101 0.0018451
534 0.00555445 1 0.00171772 0.00383673
534.45 0.00662129 1 0.00179584 0.00482545
534.91 0.0026896 1 0.00187895 0.000810648
535.36 0.0057564 1 0.00196353 0.00379286
535.81 0.00482318 1 0.00205148 0.0027717
536.27 0.00389142 1 0.00214498 0.00174645
536.72 0.00495817 1 0.00224007 0.0027181
537.17 0.00602489 1 0.00233886 0.00368603
537.63 0.00509307 1 0.00244381 0.00264927
538.08 0.00815976 1 0.00255047 0.00560929
538.54 0.0062279 1 0.00266371 0.00356418
538.99 0.00729454 1 0.00277875 0.00451579
539.44 0.00436115 1 0.00289812 0.00146303
539.9 0.00642923 1 0.00302477 0.00340446
540.35 0.0064958 1 0.00315332 0.00334248
540.8 0.00656235 1 0.00328662 0.00327573
541.26 0.00663036 1 0.00342794 0.00320242
541.71 0.00969687 1 0.00357128 0.00612559
542.16 0.00876335 1 0.0037198 0.00504355
542.62 0.00983128 1 0.00387714 0.00595415
543.07 0.00889772 1 0.00403661 0.00486111
543.52 0.00896413 1 0.00420172 0.00476241
543.98 0.00803199 1 0.0043765 0.0036555
544.43 0.00809836 1 0.00455351 0.00354485
544.88 0.00816469 1 0.00473665 0.00342805
545.34 0.0112325 1 0.00493036 0.00630212
545.79 0.0112988 1 0.0051264 0.00617236
546.24 0.011365 1 0.00532908 0.00603595
546.69 0.00943126 1 0.00553856 0.0038927
547.15 0.0104989 1 0.00575992 0.00473903
547.6 0.0125651 1 0.00598371 0.00658142
548.05 0.0106313 1 0.00621483 0.00441645
548.51 0.0146989 1 0.00645888 0.00824001
548.96 0.010765 1 0.00670541 0.00405958
549.41 0.0108311 1 0.00695984 0.00387122
549.86 0.0118971 1 0.00722235 0.00467476
550.32 0.0139646 1 0.00749924 0.00646535
550.77 0.0140306 1 0.00777867 0.00625191
551.22 0.0130965 1 0.00806676 0.00502978
551.68 0.0141639 1 0.0083704 0.00579354
552.13 0.0182298 1 0.00867659 0.00955326
552.58 0.0152957 1 0.00899202 0.0063037
553.03 0.0143616 1 0.00931689 0.00504467
553.49 0.0134288 1 0.00965894 0.0037699
553.94 0.0144946 1 0.0100035 0.00449112
554.39 0.0155604 1 0.0103581 0.00520227
554.84 0.0186261 1 0.0107229 0.00790316
555.3 0.0176933 1 0.0111067 0.00658658
555.75 0.0197589 1 0.0114928 0.00826609
556.2 0.0188245 1 0.0118898 0.00693474
556.65 0.0188901 1 0.0122978 0.00659231
557.11 0.0209572 1 0.0127265 0.00823063
557.56 0.0210227 1 0.0131575 0.00786522
558.01 0.0220882 1 0.0136001 0.00848814
558.46 0.0201537 1 0.0140545 0.0060992
558.92 0.0242205 1 0.0145314 0.00968915
559.37 0.0252859 1 0.0150103 0.0102756
559.82 0.0223513 1 0.0155016 0.00684967
560.27 0.0224166 1 0.0160056 0.00641107
560.72 0.0224819 1 0.0165223 0.00595965
561.18 0.0235486 1 0.0170639 0.00648475
561.63 0.0246139 1 0.017607 0.00700684
562.08 0.0236791 1 0.0181635 0.00551556
562.53 0.0247442 1 0.0187335 0.00601074
562.99 0.0258108 1 0.0193303 0.00648051
563.44 0.0258759 1 0.0199281 0.00594777
563.89 0.0259409 1 0.02054 0.00540097
564.34 0.0270059 1 0.021166 0.00583995
564.79 0.0290709 1 0.0218064 0.00726457
565.25 0.0281373 1 0.0224759 0.00566138
565.7 0.0302022 1 0.0231457 0.00705647
566.15 0.0292671 1 0.0238303 0.00543675
566.6 0.0303319 1 0.0245298 0.00580208
567.05 0.0303967 1 0.0252443 0.00515233
567.5 0.0324614 1 0.025974 0.00648739
567.96 0.0325276 1 0.0267357 0.00579183
568.41 0.0315922 1 0.0274965 0.00409579
568.86 0.0326569 1 0.0282727 0.00438423
569.31 0.0327215 1 0.0290644 0.00365703
569.76 0.032786 1 0.0298719 0.00291412
570.21 0.0348505 1 0.0306951 0.00415542
570.67 0.0349164 1 0.031553 0.00336346
571.12 0.0349809 1 0.0324083 0.00257261
571.57 0.0370453 1 0.0332795 0.00376578
572.02 0.0381096 1 0.0341667 0.00394292
572.47 0.0371739 1 0.0350699 0.00210399
572.92 0.0392382 1 0.0359892 0.00324898
573.37 0.0423024 1 0.0369245 0.00537786
573.83 0.041368 1 0.0378973 0.00347074
574.28 0.0404322 1 0.0388651 0.00156705
574.73 0.0414963 1 0.039849 0.00164727
575.18 0.0435603 1 0.0408489 0.00271143
575.63 0.0426243 1 0.0418648 0.00075957
576.08 0.0446883 1 0.0428966 0.00179173
576.53 0.0437522 1 0.0439442 -0.000192016
576.98 0.0438161 1 0.0450077 -0.0011916
577.44 0.0478814 1 0.046111 0.00177032
577.89 0.0469451 1 0.0472062 -0.000261026
578.34 0.0490089 1 0.0483168 0.000692091
578.79 0.0480726 1 0.0494428 -0.00137021
579.24 0.0501362 1 0.050584 -0.000447789
579.69 0.0491999 1 0.0517403 -0.0025405
580.14 0.0512634 1 0.0529116 -0.00164818
580.59 0.0533269 1 0.0540976 -0.000770641
581.04 0.0533904 1 0.0552981 -0.0019077
581.49 0.0534538 1 0.056513 -0.00305916
581.95 0.0545186 1 0.0577695 -0.00325085
582.4 0.0565819 1 0.0590127 -0.00243073
582.85 0.0606452 1 0.0602695 0.000375699
583.3 0.0597085 1 0.0615398 -0.0018313
583.75 0.0627716 1 0.0628231 -5.14433e-05
584.2 0.0598348 1 0.0641192 -0.00428445
584.65 0.0608979 1 0.0654279 -0.00453001
585.1 0.0669609 1 0.0667487 0.000212185
585.55 0.0650239 1 0.0680814 -0.00305752
586 0.0660868 1 0.0694256 -0.00333878
586.45 0.0661497 1 0.070781 -0.00463123
586.9 0.0692126 1 0.0721471 -0.0029345
587.35 0.0682754 1 0.0735235 -0.00524819
587.8 0.0703381 1 0.07491 -0.0045719
588.25 0.0724008 1 0.076306 -0.00390521
588.71 0.0744648 1 0.0777424 -0.00327761
589.16 0.0775274 1 0.0791564 -0.00162899
589.61 0.0755899 1 0.0805786 -0.00498862
590.06 0.0786524 1 0.0820084 -0.00335602
590.51 0.0787149 1 0.0834456 -0.0047307
590.96 0.0807772 1 0.0848894 -0.00411217
591.41 0.0838396 1 0.0863395 -0.0024999
591.86 0.0849018 1 0.0877952 -0.00289337
592.31 0.086964 1 0.0892561 -0.00229205
592.76 0.0880262 1 0.0907216 -0.00269537
593.21 0.0870883 1 0.0921911 -0.00510279
593.66 0.0911504 1 0.0936641 -0.00251372
594.11 0.0922124 1 0.09514 -0.00292758
594.56 0.0932743 1 0.0966181 -0.00334377
595.01 0.0973362 1 0.0980979 -0.000761699
595.46 0.0943981 1 0.0995788 -0.00518074
595.91 0.0984599 1 0.10106 -0.00260028
596.36 0.100522 1 0.102541 -0.00201967
596.81 0.103583 1 0.104022 -0.000438294
597.26 0.101645 1 0.1055 -0.00385549
597.71 0.103706 1 0.106977 -0.00327061
598.16 0.108768 1 0.108451 0.000317013
598.61 0.108829 1 0.109921 -0.00109197
599.06 0.110891 1 0.111388 -0.000496877
599.51 0.110952 1 0.112849 -0.00189704
599.96 0.114013 1 0.114305 -0.000291796
600.41 0.113075 1 0.115755 -0.00268045
600.86 0.116136 1 0.117198 -0.00106234
601.31 0.116197 1 0.118634 -0.00243677
601.76 0.119258 1 0.120061 -0.00080308
602.21 0.123319 1 0.121479 0.00183942
602.65 0.121378 1 0.122857 -0.00147876
603.1 0.122439 1 0.124256 -0.00181688
603.55 0.1255 1 0.125644 -0.000144209
604 0.127561 1 0.127021 0.000539912
604.45 0.128622 1 0.128385 0.000236128
604.9 0.128682 1 0.129737 -0.00105492
605.35 0.132743 1 0.131075 0.00166739
605.8 0.132803 1 0.1324 0.000403687
606.25 0.134864 1 0.133709 0.00115456
606.7 0.136924 1 0.135003 0.0019206
607.15 0.136984 1 0.136282 0.000702383
607.6 0.139045 1 0.137544 0.00150045
608.05 0.139105 1 0.138789 0.000315339
608.5 0.141165 1 0.140017 0.00114755
608.95 0.141225 1 0.141227 -2.42284e-06
609.39 0.146284 1 0.142393 0.00389082
609.84 0.143344 1 0.143566 -0.000222618
610.29 0.144403 1 0.14472 -0.000316967
610.74 0.147463 1 0.145855 0.00160813
611.19 0.146523 1 0.14697 -0.000446988
611.64 0.146583 1 0.148065 -0.00148204
612.09 0.149642 1 0.149139 0.00050324
612.54 0.150702 1 0.150193 0.000509051
612.99 0.151761 1 0.151226 0.00053556
613.44 0.150821 1 0.152238 -0.00141711
613.88 0.151879 1 0.153207 -0.00132842
614.33 0.149938 1 0.154178 -0.00423978
614.78 0.154997 1 0.155127 -0.000130278
615.23 0.154056 1 0.156056 -0.00200002
615.68 0.156115 1 0.156965 -0.000849158
616.13 0.155174 1 0.157852 -0.00267792
616.58 0.157233 1 0.15872 -0.0014866
617.03 0.158292 1 0.159568 -0.00127555
617.47 0.15735 1 0.160378 -0.00302831
617.92 0.161409 1 0.161188 0.000220414
618.37 0.160467 1 0.16198 -0.00151264
618.82 0.158526 1 0.162754 -0.00422814
619.27 0.159584 1 0.163511 -0.00392682
619.72 0.160643 1 0.164252 -0.00360951
620.17 0.160701 1 0.164978 -0.00427712
620.61 0.162758 1 0.165675 -0.00291628
621.06 0.162816 1 0.166374 -0.00355712
621.51 0.161875 1 0.167061 -0.00518612
621.96 0.161933 1 0.167737 -0.00580458
622.41 0.162991 1 0.168405 -0.00541385
622.86 0.163049 1 0.169064 -0.0060154
623.3 0.166105 1 0.169703 -0.00359762
623.75 0.166163 1 0.170352 -0.00418858
624.2 0.166221 1 0.170998 -0.00477675
624.65 0.166279 1 0.171643 -0.00536396
625.1 0.168336 1 0.172288 -0.00395216
625.54 0.168393 1 0.172923 -0.00453017
625.99 0.16845 1 0.173576 -0.00512635
626.44 0.171507 1 0.174237 -0.00272981
626.89 0.171565 1 0.174908 -0.00334282
627.34 0.174622 1 0.17559 -0.00096777
627.78 0.174678 1 0.176271 -0.00159271
628.23 0.175735 1 0.176983 -0.0012485
628.68 0.173792 1 0.177716 -0.0039237
629.13 0.176849 1 0.17847 -0.00162095
629.58 0.176906 1 0.179249 -0.00234293
630.02 0.179961 1 0.180037 -7.54019e-05
630.47 0.182018 1 0.180872 0.00114561
630.92 0.181075 1 0.181741 -0.000666359
631.37 0.184131 1 0.182645 0.00148587
631.81 0.186186 1 0.183567 0.00261961
632.26 0.185243 1 0.18455 0.000692698
632.71 0.187299 1 0.185578 0.00172158
633.16 0.190356 1 0.186652 0.00370347
633.61 0.190412 1 0.187776 0.00263561
634.05 0.191467 1 0.188926 0.0025408
634.5 0.191523 1 0.190156 0.00136668
634.95 0.195579 1 0.191444 0.00413498
635.4 0.198634 1 0.192791 0.00584326
635.84 0.199689 1 0.194169 0.00551994
636.29 0.199745 1 0.195642 0.0041027
636.74 0.2038 1 0.197181 0.00661882
637.18 0.206855 1 0.198753 0.00810164
637.63 0.20791 1 0.20043 0.00748046
638.08 0.208965 1 0.202178 0.00678744
638.53 0.211021 1 0.204 0.00702121
638.97 0.212075 1 0.205852 0.00622235
639.42 0.21513 1 0.207822 0.00730821
639.87 0.217185 1 0.209867 0.0073182
640.32 0.22024 1 0.211988 0.00825193
640.76 0.223294 1 0.214136 0.00915774
641.21 0.227348 1 0.216408 0.0109406
641.66 0.227403 1 0.218755 0.00864787
642.1 0.230457 1 0.221123 0.0093337
642.55 0.233511 1 0.223617 0.00989405
643 0.233566 1 0.226183 0.00738221
643.44 0.236619 1 0.228761 0.00785815
643.89 0.240673 1 0.231464 0.00920933
644.34 0.243727 1 0.234233 0.0094949
644.79 0.246782 1 0.237064 0.00971784
645.23 0.246834 1 0.239889 0.00694511
645.68 0.250888 1 0.242834 0.00805434
646.13 0.252942 1 0.24583 0.00711197
646.57 0.254995 1 0.248806 0.00618938
647.02 0.259049 1 0.25189 0.00715848
647.47 0.262102 1 0.255012 0.00709038
647.91 0.265155 1 0.258095 0.00705985
648.36 0.266208 1 0.261273 0.00493494
648.81 0.267262 1 0.264471 0.00279046
649.25 0.269314 1 0.26761 0.00170325
649.7 0.272367 1 0.270827 0.00153977
650.15 0.27842 1 0.274043 0.00437725
650.59 0.279472 1 0.277179 0.00229313
651.04 0.283525 1 0.28037 0.0031548
651.48 0.282576 1 0.283467 -0.000890668
651.93 0.285629 1 0.286603 -0.000973664
652.38 0.290682 1 0.289698 0.00098368
652.82 0.290733 1 0.292677 -0.00194418
653.27 0.289786 1 0.295668 -0.00588183
653.72 0.293838 1 0.298592 -0.0047534
654.16 0.296889 1 0.301378 -0.00448882
654.61 0.297942 1 0.304145 -0.00620373
655.06 0.297994 1 0.30682 -0.00882625
655.5 0.299045 1 0.309337 -0.0102927
655.95 0.297097 1 0.311803 -0.0147066
656.39 0.296147 1 0.3141 -0.0179524
656.84 0.311199 1 0.316323 -0.0051238
657.29 0.314251 1 0.318411 -0.00416015
657.73 0.310301 1 0.320314 -0.0100128
658.18 0.308353 1 0.322111 -0.0137583
658.62 0.313403 1 0.323715 -0.0103118
659.07 0.315454 1 0.325191 -0.00973669
659.52 0.314506 1 0.326494 -0.0119889
659.96 0.316556 1 0.327596 -0.0110401
660.41 0.318607 1 0.328539 -0.00993195
660.85 0.317656 1 0.329276 -0.0116193
661.3 0.319707 1 0.329835 -0.0101282
661.74 0.320757 1 0.330188 -0.00943157
662.19 0.319808 1 0.330346 -0.0105388
662.64 0.319858 1 0.330295 -0.0104371
663.08 0.320907 1 0.33004 -0.00913253
663.53 0.319958 1 0.329566 -0.00960858
663.97 0.321007 1 0.328894 -0.00788656
664.42 0.320057 1 0.327989 -0.0079322
664.86 0.323106 1 0.326893 -0.00378704
665.31 0.324156 1 0.325555 -0.00139872
665.75 0.320205 1 0.324034 -0.00382924
666.2 0.319255 1 0.322263 -0.00300814
666.65 0.318304 1 0.320275 -0.00197015
667.09 0.316353 1 0.318123 -0.00176976
667.54 0.316402 1 0.315712 0.000690402
667.98 0.314451 1 0.313153 0.00129788
668.43 0.3135 1 0.310333 0.00316742
668.87 0.311548 1 0.307381 0.00416732
669.32 0.308597 1 0.304168 0.00442909
669.76 0.307645 1 0.300843 0.00680259
670.21 0.307694 1 0.297259 0.0104354
670.65 0.301742 1 0.293582 0.00815983
671.1 0.298791 1 0.289652 0.00913861
671.54 0.296838 1 0.28565 0.011188
671.99 0.295887 1 0.281402 0.0144845
672.43 0.287934 1 0.277104 0.0108296
672.88 0.284982 1 0.27257 0.0124126
673.32 0.280029 1 0.268008 0.0120218
673.77 0.276078 1 0.26322 0.0128579
674.21 0.271125 1 0.258427 0.0126973
674.66 0.264172 1 0.253421 0.0107511
675.1 0.261219 1 0.248434 0.0127855
675.55 0.255267 1 0.243247 0.0120203
675.99 0.249313 1 0.2381 0.0112135
676.44 0.243361 1 0.232769 0.0105919
676.88 0.236407 1 0.2275 0.0089071
677.33 0.233455 1 0.222063 0.0113915
677.77 0.227501 1 0.216709 0.0107921
678.22 0.220548 1 0.211203 0.00934516
678.66 0.213594 1 0.205799 0.00779506
679.11 0.205641 1 0.20026 0.00538047
679.55 0.201686 1 0.194842 0.00684459
679.99 0.195732 1 0.189429 0.00630325
680.44 0.188779 1 0.183907 0.00487197
680.88 0.182824 1 0.178529 0.00429535
681.33 0.17887 1 0.173058 0.00581203
681.77 0.170916 1 0.167746 0.00316947
682.22 0.161962 1 0.162358 -0.000396103
682.66 0.159007 1 0.15714 0.00186704
683.11 0.149053 1 0.151861 -0.00280849
683.55 0.145098 1 0.146763 -0.00166542
683.99 0.140142 1 0.141733 -0.00159039
684.44 0.134188 1 0.136664 -0.0024759
684.88 0.128232 1 0.131787 -0.00355428
685.33 0.123278 1 0.126884 -0.0036066
685.77 0.116322 1 0.122179 -0.00585706
686.21 0.114366 1 0.117565 -0.00319859
686.66 0.105411 1 0.112943 -0.00753205
687.1 0.100455 1 0.108523 -0.00806804
687.55 0.0995 1 0.104107 -0.00460655
687.99 0.0925438 1 0.0998921 -0.00734832
688.44 0.0885884 1 0.0956904 -0.00710198
688.88 0.082632 1 0.09169 -0.009058
689.32 0.0786754 1 0.0877976 -0.00912222
689.77 0.0747197 1 0.0839297 -0.00921005
690.21 0.0717629 1 0.080259 -0.00849614
690.65 0.067806 1 0.0766988 -0.00889279
691.1 0.06385 1 0.0731721 -0.00932212
691.54 0.0598928 1 0.0698356 -0.00994274
691.99 0.0569366 1 0.0665373 -0.0096007
692.43 0.0559793 1 0.0634232 -0.00744394
692.87 0.0510218 1 0.0604179 -0.00939612
693.32 0.0490652 1 0.0574559 -0.00839067
693.76 0.0451075 1 0.0546675 -0.00955991
694.2 0.0431498 1 0.0519842 -0.0088344
694.65 0.0401928 1 0.049347 -0.00915419
695.09 0.0372348 1 0.0468714 -0.0096366
695.53 0.0322767 1 0.0444958 -0.012219
695.98 0.0343195 1 0.0421673 -0.00784787
696.42 0.0313611 1 0.0399875 -0.00862633
696.86 0.0304027 1 0.0379011 -0.00749838
697.31 0.0274451 1 0.0358615 -0.00841647
697.75 0.0264864 1 0.0339571 -0.00747067
698.19 0.0255276 1 0.0321389 -0.00661125
698.64 0.0245697 1 0.0303659 -0.00579629
699.08 0.0206107 1 0.0287145 -0.00810386
699.52 0.0186515 1 0.0271416 -0.0084901
699.97 0.0176932 1 0.0256116 -0.00791834
700.41 0.0167339 1 0.0241896 -0.00745578
700.85 0.0167744 1 0.0228384 -0.00606402
701.3 0.0118157 1 0.0215269 -0.00971116
701.74 0.0138561 1 0.0203108 -0.0064547
702.18 0.0118962 1 0.0191575 -0.00726125
702.63 0.00993723 1 0.0180404 -0.0081032
703.07 0.0069772 1 0.0170067 -0.0100295
703.51 0.011017 1 0.0160283 -0.00501126
703.96 0.0100577 1 0.0150824 -0.00502476
704.4 0.00709729 1 0.0142087 -0.00711144
704.84 0.00513678 1 0.0133833 -0.00824647
705.28 0.00517616 1 0.0126038 -0.00742762
705.73 0.00621632 1 0.0118519 -0.00563559
706.17 0.00425546 1 0.0111589 -0.00690341
706.61 0.00429449 1 0.0105054 -0.00621095
707.06 0.00433429 1 0.00987604 -0.00554176
707.5 0.00337308 1 0.0092967 -0.00592362
707.94 0.00341175 1 0.00875115 -0.0053394
708.38 0.00145031 1 0.00823761 -0.00678731
708.83 0.00148962 1 0.00774374 -0.00625412
709.27 0.00152793 1 0.00728979 -0.00576186
709.71 0.00156613 1 0.00686289 -0.00529676
710.15 -0.00139579 1 0.00646153 -0.00785732
710.6 0.00264303 1 0.00607596 -0.00343293
711.04 -0.00231913 1 0.00572192 -0.00804105
711.48 -0.00228141 1 0.00538926 -0.00767067
711.92 -0.000243808 1 0.00507673 -0.00532054
712.37 -0.00220548 1 0.00477669 -0.00698217
712.81 -0.000168122 1 0.00450132 -0.00466945
713.25 -0.000130886 1 0.00424269 -0.00437357
713.69 -0.00109377 1 0.00399976 -0.00509354
714.13 -0.00305678 1 0.0037716 -0.00682838
714.58 -0.00201907 1 0.00355258 -0.00557165
715.02 -0.00298232 1 0.00335156 -0.00633388
715.46 -0.000945694 1 0.00316271 -0.00410841
715.9 -0.00390919 1 0.00298528 -0.00689447
716.35 -0.00487198 1 0.00281488 -0.00768687
716.79 0.000164274 1 0.0026584 -0.00249413
717.23 0.000200407 1 0.0025113 -0.00231089
717.67 -0.00176358 1 0.00237298 -0.00413656
718.11 -0.0047277 1 0.00224289 -0.00697059
718.56 -0.00469112 1 0.00211782 -0.00680894
719 -0.00265548 1 0.00200281 -0.0046583
719.44 -0.00361997 1 0.00189456 -0.00551453
719.88 -0.000584583 1 0.00179262 -0.0023772
720.32 -0.00254932 1 0.00169659 -0.00424591
720.76 -0.00551418 1 0.00160611 -0.00712029
721.21 -0.00247837 1 0.00151894 -0.00399732
721.65 -0.00444349 1 0.00143862 -0.00588211
722.09 -0.00340873 1 0.00136285 -0.00477158
722.53 -0.00337409 1 0.00129135 -0.00466544
722.97 -0.00433959 1 0.00122385 -0.00556343
723.41 -0.00430521 1 0.00116009 -0.0054653
723.86 -0.00327017 1 0.00109853 -0.0043687
724.3 -0.00523605 1 0.00104167 -0.00627772
724.74 -0.00220205 1 0.000987903 -0.00318996
725.18 -0.00416818 1 0.000937049 -0.00510523
725.62 -0.00313444 1 0.000888929 -0.00402337
726.06 -0.000100826 1 0.000843379 -0.000944205
726.5 -6.73401e-05 1 0.000800248 -0.000867588
726.95 -3.32259e-05 1 0.000758489 -0.000791715
727.39 0 1 0.000719825 -0.000719825
727.83 -0.000966903 1 0.000683177 -0.00165008
728.27 6.60662e-05 1 0.00064843 -0.000582364
728.71 -0.00290109 1 0.000615477 -0.00351657
729.15 -0.000868377 1 0.000584216 -0.00145259
729.59 -0.00283579 1 0.000554554 -0.00339034
730.03 -0.00180332 1 0.000526402 -0.00232972
730.48 -0.00177025 1 0.000499085 -0.00226933
730.92 0.000261969 1 0.00047374 -0.000211771
731.36 -0.00270594 1 0.00044967 -0.00315561
731.8 -0.00267396 1 0.000426808 -0.00310077
732.24 0.00235789 1 0.000405091 0.0019528
732.68 0.00038962 1 0.000384457 5.1625e-06
733.12 -0.000578766 1 0.000364851 -0.000943618
733.56 -0.00054727 1 0.000346221 -0.000893491
734 0.00148411 1 0.000328515 0.00115559
734.44 -0.000484627 1 0.000311687 -0.000796314
734.89 0.000547227 1 0.000295338 0.000251889
735.33 -0.000421741 1 0.000280153 -0.000701895
735.77 0.000609176 1 0.00026572 0.000343456
736.21 -0.000360018 1 0.000252001 -0.000612019
736.65 0.00267068 1 0.000238961 0.00243171
737.09 0.00270126 1 0.000226566 0.00247469
737.53 0.00273173 1 0.000214786 0.00251694
737.97 0.000762094 1 0.00020359 0.000558504
738.41 0.00079235 1 0.00019295 0.0005994
738.85 0.000822498 1 0.000182839 0.000639659
739.29 0.00185254 1 0.000173231 0.00167931
739.73 0.000882475 1 0.000164102 0.000718373
740.17 0.000912306 1 0.00015543 0.000756876
740.61 0.000942033 1 0.000147191 0.000794842
741.05 0.00397166 1 0.000139366 0.00383229
741.49 0.00200118 1 0.000131935 0.00186924
741.93 0.0030306 1 0.000124878 0.00290572
742.37 0.00105992 1 0.000118178 0.000941741
742.81 0.00208914 1 0.000111817 0.00197732
743.26 0.00311892 1 0.000105646 0.00301328
743.7 0.00214794 1 9.9923e-05 0.00204802
744.14 0.00217687 1 9.44925e-05 0.00208237
744.58 0.0022057 1 8.93405e-05 0.00211635
745.02 0.000234428 1 8.44534e-05 0.000149975
745.46 0.00426307 1 7.98185e-05 0.00418325
745.9 0.000291611 1 7.54234e-05 0.000216188
746.34 0.00132006 1 7.12567e-05 0.00124881
746.78 0.00434842 1 6.7307e-05 0.00428112
747.22 -0.000623307 1 6.35638e-05 -0.000686871
747.66 0.00240487 1 6.0017e-05 0.00234486
748.1 0.00243296 1 5.66568e-05 0.00237631
748.54 0.00146096 1 5.34742e-05 0.00140749
748.98 0.00248888 1 5.04603e-05 0.00243842
749.42 0.0045167 1 4.76068e-05 0.0044691
749.86 0.00354445 1 4.49056e-05 0.00349954
750.29 0.00357147 1 4.24056e-05 0.00352907
750.73 0.00359905 1 3.99836e-05 0.00355907
751.17 0.00362654 1 3.76922e-05 0.00358885
751.61 0.00365395 1 3.5525e-05 0.00361842
752.05 0.00268128 1 3.34755e-05 0.0026478
752.49 0.000708522 1 3.15378e-05 0.000676984
752.93 0.00173569 1 2.97062e-05 0.00170598
753.37 0.00276278 1 2.79753e-05 0.0027348
753.81 0.00178979 1 2.63398e-05 0.00176345
754.25 0.00281672 1 2.47949e-05 0.00279192
754.69 0.00284357 1 2.33357e-05 0.00282024
755.13 0.00287035 1 2.19579e-05 0.0028484
755.57 0.000897059 1 2.06572e-05 0.000876402
756.01 -7.63086e-05 1 1.94296e-05 -9.57382e-05
756.45 0.00195025 1 1.82711e-05 0.00193198
756.89 0.00297674 1 1.71782e-05 0.00295956
757.33 0.00100315 1 1.61473e-05 0.000987006
757.77 0.0040295 1 1.51751e-05 0.00401432
758.21 0.00305577 1 1.42585e-05 0.00304152
758.64 -0.000918613 1 1.34135e-05 -0.000932026
759.08 -0.000892472 1 1.25982e-05 -0.00090507
759.52 0.000133602 1 1.18299e-05 0.000121773
759.96 0.00215961 1 1.11062e-05 0.0021485
760.4 0.000185554 1 1.04246e-05 0.000175129
760.84 -0.00178857 1 9.78284e-06 -0.00179835
761.28 -0.000762752 1 9.17865e-06 -0.000771931
761.72 0.000263 1 8.61e-06 0.00025439
762.16 -0.00171131 1 8.07489e-06 -0.00171938
762.6 0.00131432 1 7.57147e-06 0.00130675
763.03 0.00233931 1 7.1084e-06 0.0023322
763.47 0.000364823 1 6.6625e-06 0.00035816
763.91 0.00139028 1 6.24327e-06 0.00138403
764.35 -0.000584327 1 5.8492e-06 -0.000590176
764.79 0.00144101 1 5.47887e-06 0.00143553
765.23 0.0024663 1 5.13092e-06 0.00246117
765.67 0.00149153 1 4.80407e-06 0.00148672
766.11 0.000516702 1 4.4971e-06 0.000512205
766.54 0.000541254 1 4.21522e-06 0.000537038
766.98 -0.000433675 1 3.94426e-06 -0.00043762
767.42 0.00359134 1 3.68995e-06 0.00358765
767.86 0.00361631 1 3.45132e-06 0.00361286
768.3 0.000641233 1 3.22745e-06 0.000638005
768.74 -0.000333897 1 3.01747e-06 -0.000336914
769.17 0.00269036 1 2.8249e-06 0.00268754
769.61 -0.00128486 1 2.64003e-06 -0.0012875
770.05 -0.000260131 1 2.46674e-06 -0.000262598
770.49 0.00476455 1 2.30435e-06 0.00476225
770.93 -0.000210807 1 2.1522e-06 -0.000212959
771.37 0.00181379 1 2.00968e-06 0.00181178
771.8 0.00183779 1 1.87914e-06 0.00183591
772.24 -0.0031377 1 1.75398e-06 -0.00313946
772.68 0.00188677 1 1.63682e-06 0.00188513
773.12 -8.87986e-05 1 1.52716e-06 -9.03258e-05
773.56 0.00293559 1 1.42456e-06 0.00293417
774 0.00195995 1 1.32857e-06 0.00195862
774.43 -1.62902e-05 1 1.24076e-06 -1.7531e-05
774.87 0.00100799 1 1.15668e-06 0.00100683
775.31 0.00303223 1 1.07808e-06 0.00303115
775.75 0.00405644 1 1.0046e-06 0.00405544
776.19 8.06157e-05 1 9.35943e-07 7.96798e-05
776.62 0.00210421 1 8.73204e-07 0.00210334
777.06 -0.000871683 1 8.13189e-07 -0.000872496
777.5 0.00215239 1 7.57142e-07 0.00215164
777.94 0.000176441 1 7.0481e-07 0.000175736
778.37 0.00419991 1 6.57033e-07 0.00419926
778.81 0.0002239 1 6.1137e-07 0.000223289
779.25 -0.00075214 1 5.68762e-07 -0.000752709
779.69 0.000271793 1 5.29013e-07 0.000271264
780.13 0.0012957 1 4.9194e-07 0.00129521
780.56 -0.000680964 1 4.58129e-07 -0.000681422
781 0.000342892 1 4.25848e-07 0.000342466
781.44 0.00136672 1 3.95759e-07 0.00136633
781.88 0.000390533 1 3.6772e-07 0.000390165
782.31 -0.00358622 1 3.4217e-07 -0.00358656
782.75 -0.00156246 1 3.17797e-07 -0.00156277
783.19 -0.00053871 1 2.95099e-07 -0.000539005
783.63 0.000485016 1 2.73964e-07 0.000484742
784.06 0.00250818 1 2.54723e-07 0.00250793
784.5 0.000531873 1 2.36383e-07 0.000531636
784.94 0.00255554 1 2.19318e-07 0.00255533
785.37 -0.000421337 1 2.03791e-07 -0.000421541
785.81 0.000602304 1 1.89001e-07 0.000602115
786.25 -0.00037407 1 1.75248e-07 -0.000374245
786.69 0.00664954 1 1.62462e-07 0.00664938
787.12 0.00467261 1 1.50838e-07 0.00467245
787.56 0.00369619 1 1.39776e-07 0.00369605
788 0.00171977 1 1.29498e-07 0.00171964
788.43 0.0027428 1 1.20159e-07 0.00274268
788.87 0.00376636 1 1.11278e-07 0.00376625
789.31 0.00478991 1 1.03032e-07 0.0047898
789.75 0.00181345 1 9.53764e-08 0.00181335
790.18 0.00283645 1 8.84273e-08 0.00283636
790.62 -0.000140024 1 8.18236e-08 -0.000140106
791.06 0.0028835 1 7.56972e-08 0.00288342
791.49 0.00490648 1 7.01395e-08 0.00490641
791.93 -7.00006e-05 1 6.48613e-08 -7.00654e-05
792.37 -0.00104649 1 5.99678e-08 -0.00104655
792.8 0.00197649 1 5.55313e-08 0.00197643
793.24 0 1 5.13207e-08 -5.13207e-08
793.68 0.00402351 1 4.74194e-08 0.00402346
794.11 0.00204649 1 4.38847e-08 0.00204644
794.55 0.00407 1 4.0532e-08 0.00406996
794.99 0.00209352 1 3.74277e-08 0.00209348
795.42 0.0061165 1 3.46168e-08 0.00611647
795.86 0.00614002 1 3.19524e-08 0.00613999
796.3 0.00216355 1 2.94869e-08 0.00216352
796.73 0.00218655 1 2.72559e-08 0.00218652
797.17 0.00121009 1 2.51424e-08 0.00121007
797.61 0.00323364 1 2.31881e-08 0.00323362
798.04 0.00125666 1 2.14207e-08 0.00125664
798.48 0.00228023 1 1.97475e-08 0.00228021
798.91 0.00330327 1 1.8235e-08 0.00330325
799.35 0.00332686 1 1.68037e-08 0.00332684
799.79 -0.00164954 1 1.54815e-08 -0.00164956
800.22 0.000373533 1 1.42871e-08 0.000373519
800.66 0.00139716 1 1.31576e-08 0.00139715
801.1 0.0044208 1 1.21148e-08 0.00442079
