500.34 -0.000635266 1 5.10859e-05 -0.000686351
500.8 0.000456334 1 5.42177e-05 0.000402116
501.25 -0.00145406 1 5.74549e-05 -0.00151151
501.71 -0.000362451 1 6.0951e-05 -0.000423402
502.17 0.000729156 1 6.46457e-05 0.00066451
502.62 0.00181877 1 6.84624e-05 0.00175031
503.08 -0.00108962 1 7.25813e-05 -0.0011622
503.53 0 1 7.68343e-05 -7.68343e-05
503.99 0.00109161 1 8.14221e-05 0.00101019
504.44 0.000181227 1 8.6157e-05 9.50703e-05
504.9 0.000272835 1 9.12622e-05 0.000181573
505.36 0.00136444 1 9.66491e-05 0.00126779
505.81 0.00345406 1 0.000102205 0.00335185
506.27 0.000545658 1 0.000108191 0.000437466
506.72 0.000635266 1 0.000114363 0.000520903
507.18 0.00172686 1 0.000121009 0.00160585
507.63 0.000816462 1 0.000127858 0.000688604
508.09 0.00290805 1 0.000135231 0.00277282
508.54 -2.3584e-06 1 0.000142825 -0.000145183
509 0.00308922 1 0.000150996 0.00293822
509.45 0.0011788 1 0.000159409 0.00101939
509.91 0.00127036 1 0.000168457 0.00110191
510.36 0.00235993 1 0.000177767 0.00218217
510.82 0.00545148 1 0.000187777 0.00526371
511.27 0.00154104 1 0.000198072 0.00134296
511.73 0.00463257 1 0.000209135 0.00442344
512.19 0.0047241 1 0.000220768 0.00450333
512.64 0.00181362 1 0.000232725 0.0015809
513.1 0.00290513 1 0.000245565 0.00265957
513.55 0.00399464 1 0.000258757 0.00373588
514.01 0.00408612 1 0.000272916 0.00381321
514.46 0.00317561 1 0.000287457 0.00288815
514.92 0.00326707 1 0.000303057 0.00296402
515.37 0.00435654 1 0.000319069 0.00403747
515.83 0.00344797 1 0.00033624 0.00311173
516.28 0.00253741 1 0.000353858 0.00218355
516.73 0.00162684 1 0.000372321 0.00125451
517.19 0.00371823 1 0.000392107 0.00332613
517.64 0.00280763 1 0.000412393 0.00239523
518.1 0.003899 1 0.000434123 0.00346487
518.55 0.000988361 1 0.000456391 0.00053197
519.01 0.0030797 1 0.000480233 0.00259946
519.46 0.00216903 1 0.000504655 0.00166438
519.92 0.00226033 1 0.00053079 0.00172954
520.37 0.000349632 1 0.000557549 -0.000207917
520.83 0.0034409 1 0.000586173 0.00285473
521.28 0.00253016 1 0.000615466 0.0019147
521.74 0.000621391 1 0.000646785 -2.53944e-05
522.19 0.00171062 1 0.000678823 0.00103179
522.65 0.000801806 1 0.000713061 8.87454e-05
523.1 0.00289099 1 0.000748068 0.00214293
523.55 0.00298016 1 0.000784631 0.00219553
524.01 0.00307129 1 0.000823677 0.00224761
524.46 0.00416041 1 0.000863574 0.00329684
524.92 0.00325149 1 0.00090616 0.00234533
525.37 0.00334057 1 0.000949653 0.00239092
525.83 0.00143161 1 0.000996058 0.000435548
526.28 0.00352064 1 0.00104343 0.00247721
526.73 0.00260965 1 0.00109283 0.00151682
527.19 0.00370061 1 0.00114549 0.00255512
527.64 0.00278957 1 0.00119922 0.00159035
528.1 0.00488048 1 0.00125647 0.00362401
528.55 0.00496939 1 0.00131485 0.00365454
529.01 0.00506025 1 0.00137704 0.00368321
529.46 0.00514911 1 0.00144041 0.00370869
529.91 0.00223794 1 0.0015064 0.00073154
530.37 0.00532871 1 0.00157663 0.00375208
530.82 0.00341748 1 0.00164816 0.00176932
531.28 0.0045082 1 0.00172427 0.00278394
531.73 0.00559692 1 0.00180174 0.00379518
532.18 0.0066856 1 0.0018823 0.0048033
532.64 0.00277623 1 0.00196796 0.000808272
533.09 0.00486486 1 0.00205509 0.00280976
533.54 0.00295345 1 0.00214564 0.000807813
534 0.00604398 1 0.00224184 0.00380214
534.45 0.00713252 1 0.00233963 0.00479288
534.91 0.00422298 1 0.00244349 0.00177949
535.36 0.00731145 1 0.00254901 0.00476244
535.81 0.00539988 1 0.00265854 0.00274134
536.27 0.00449024 1 0.00277477 0.00171548
536.72 0.00557861 1 0.00289278 0.00268583
537.17 0.00566694 1 0.00301519 0.00265175
537.63 0.0067572 1 0.003145 0.0036122
538.08 0.00784546 1 0.0032767 0.00456875
538.54 0.00693564 1 0.00341631 0.00351933
538.99 0.0100238 1 0.00355788 0.00646595
539.44 0.00611198 1 0.00370456 0.00240742
539.9 0.00820205 1 0.00385992 0.00434213
540.35 0.00629012 1 0.00401736 0.00227276
540.8 0.00737816 1 0.00418035 0.0031978
541.26 0.00646811 1 0.00435288 0.00211523
541.71 0.0125561 1 0.00452759 0.00802848
542.16 0.011644 1 0.00470833 0.00693565
542.62 0.0127338 1 0.00489951 0.00783431
543.07 0.0108216 1 0.00509297 0.00572868
543.52 0.0109094 1 0.00529297 0.00561648
543.98 0.00799915 1 0.00550435 0.0024948
544.43 0.00908686 1 0.00571811 0.00336875
544.88 0.0101745 1 0.00593893 0.00423559
545.34 0.0122641 1 0.00617216 0.00609194
545.79 0.0143517 1 0.00640783 0.00794384
546.24 0.0114392 1 0.00665113 0.00478809
546.69 0.0105267 1 0.00690223 0.00362448
547.15 0.0136161 1 0.00716717 0.00644893
547.6 0.0157035 1 0.00743464 0.00826886
548.05 0.0137909 1 0.00771048 0.00608037
548.51 0.0148801 1 0.00800133 0.00687878
548.96 0.0139674 1 0.00829472 0.00567265
549.41 0.0140546 1 0.00859709 0.00545749
549.86 0.0141417 1 0.00890863 0.00523311
550.32 0.0152308 1 0.00923679 0.00599401
550.77 0.0163179 1 0.00956751 0.00675036
551.22 0.0154049 1 0.00990801 0.00549688
551.68 0.0174938 1 0.0102664 0.00722739
552.13 0.0185807 1 0.0106273 0.0079534
552.58 0.0166676 1 0.0109986 0.00566894
553.03 0.0197544 1 0.0113806 0.00837382
553.49 0.0178431 1 0.0117822 0.0060609
553.94 0.0179298 1 0.0121862 0.00574358
554.39 0.0210165 1 0.0126015 0.00841496
554.84 0.0231031 1 0.0130282 0.0100748
555.3 0.0201916 1 0.0134765 0.00671506
555.75 0.0222781 1 0.013927 0.00835104
556.2 0.0203645 1 0.0143896 0.00597489
556.65 0.0214509 1 0.0148645 0.0065864
557.11 0.0225392 1 0.0153628 0.00717631
557.56 0.0226254 1 0.0158632 0.00676225
558.01 0.0247117 1 0.0163764 0.00833522
558.46 0.0257978 1 0.0169028 0.00889505
558.92 0.0248858 1 0.0174546 0.00743128
559.37 0.0279719 1 0.018008 0.00996388
559.82 0.0260579 1 0.0185752 0.00748274
560.27 0.0261438 1 0.0191562 0.00698764
560.72 0.0282297 1 0.0197513 0.0084784
561.18 0.0273174 1 0.0203744 0.00694305
561.63 0.0264032 1 0.0209985 0.00540465
562.08 0.0274889 1 0.0216373 0.00585156
562.53 0.0295745 1 0.0222909 0.00728361
562.99 0.030662 1 0.0229745 0.00768748
563.44 0.0307475 1 0.0236586 0.00708892
563.89 0.0308329 1 0.024358 0.00647499
564.34 0.0339183 1 0.0250728 0.00884552
564.79 0.0330037 1 0.0258033 0.00720036
565.25 0.0350908 1 0.0265663 0.00852449
565.7 0.033176 1 0.0273289 0.00584714
566.15 0.0332611 1 0.0281075 0.00515368
566.6 0.0343462 1 0.0289022 0.00544395
567.05 0.0354312 1 0.0297133 0.00571786
567.5 0.0375161 1 0.0305409 0.00697526
567.96 0.0376029 1 0.0314039 0.006199
568.41 0.0386877 1 0.032265 0.00642272
568.86 0.0367724 1 0.0331428 0.00362964
569.31 0.0398571 1 0.0340374 0.00581966
569.76 0.0389417 1 0.034949 0.00399271
570.21 0.0410262 1 0.0358775 0.00514872
570.67 0.0391125 1 0.0368442 0.0022683
571.12 0.0401969 1 0.0378072 0.00238967
571.57 0.0412812 1 0.0387874 0.00249385
572.02 0.0433655 1 0.0397847 0.00358079
572.47 0.0434496 1 0.0407992 0.00265048
572.92 0.0465337 1 0.0418308 0.00470291
573.37 0.0486178 1 0.0428797 0.00573806
573.83 0.0467036 1 0.0439697 0.00273394
574.28 0.0487875 1 0.0450533 0.00373421
574.73 0.0478713 1 0.046154 0.00171727
575.18 0.047955 1 0.0472719 0.000683175
575.63 0.0500387 1 0.0484067 0.00163196
576.08 0.0501223 1 0.0495586 0.00056371
576.53 0.0492058 1 0.0507273 -0.00152151
576.98 0.0532892 1 0.0519128 0.0013764
577.44 0.0533744 1 0.0531419 0.000232484
577.89 0.0524577 1 0.0543611 -0.0019034
578.34 0.0555409 1 0.0555967 -5.57983e-05
578.79 0.055624 1 0.0568486 -0.00122457
579.24 0.0547071 1 0.0581167 -0.00340957
579.69 0.0567901 1 0.0594007 -0.0026106
580.14 0.0588729 1 0.0607005 -0.0018275
580.59 0.0599558 1 0.0620158 -0.00206006
581.04 0.0610385 1 0.0633466 -0.00230807
581.49 0.0611211 1 0.0646924 -0.00357131
581.95 0.0642055 1 0.0660836 -0.00187809
582.4 0.064288 1 0.0674594 -0.00317135
582.85 0.0673704 1 0.0688495 -0.00147906
583.3 0.0674528 1 0.0702537 -0.00280093
583.75 0.068535 1 0.0716717 -0.00313666
584.2 0.0696172 1 0.0731031 -0.00348593
584.65 0.0716992 1 0.0745476 -0.00284842
585.1 0.0737812 1 0.076005 -0.00222379
585.55 0.0748631 1 0.0774748 -0.00261166
586 0.0729449 1 0.0789566 -0.00601168
586.45 0.0750267 1 0.0804501 -0.00542344
586.9 0.0781083 1 0.0819549 -0.00384655
587.35 0.0781899 1 0.0834705 -0.00528059
587.8 0.0802713 1 0.0849965 -0.00472513
588.25 0.0843527 1 0.0865324 -0.00217971
588.71 0.0824358 1 0.0881124 -0.00567653
589.16 0.087517 1 0.0896671 -0.00215001
589.61 0.0855982 1 0.0912303 -0.00563211
590.06 0.0886792 1 0.0928015 -0.00412232
590.51 0.0907601 1 0.0943803 -0.00362012
590.96 0.092841 1 0.095966 -0.00312498
591.41 0.0949217 1 0.0975581 -0.00263637
591.86 0.0950024 1 0.0991561 -0.00415372
592.31 0.096083 1 0.100759 -0.00467648
592.76 0.0981635 1 0.102368 -0.00420405
593.21 0.100244 1 0.10398 -0.00373584
593.66 0.102324 1 0.105595 -0.00327126
594.11 0.104404 1 0.107214 -0.00280969
594.56 0.105484 1 0.108835 -0.0033505
595.01 0.107564 1 0.110458 -0.00289307
595.46 0.108644 1 0.112081 -0.00343674
595.91 0.110724 1 0.113705 -0.00298086
596.36 0.112804 1 0.115329 -0.00252477
596.81 0.114884 1 0.116951 -0.0020678
597.26 0.116963 1 0.118572 -0.00160928
597.71 0.116043 1 0.120191 -0.00414852
598.16 0.120122 1 0.121807 -0.00168482
598.61 0.122201 1 0.123419 -0.0012175
599.06 0.12128 1 0.125026 -0.00374586
599.51 0.123359 1 0.126629 -0.00326919
599.96 0.126438 1 0.128225 -0.00178678
600.41 0.126517 1 0.129815 -0.00329793
600.86 0.131596 1 0.131398 0.000198075
601.31 0.130675 1 0.132973 -0.00229806
601.76 0.134753 1 0.134539 0.000214383
602.21 0.137832 1 0.136095 0.0017361
602.65 0.137908 1 0.137608 0.000300324
603.1 0.138986 1 0.139144 -0.000157531
603.55 0.139064 1 0.140669 -0.00160402
604 0.144143 1 0.142181 0.00196154
604.45 0.14522 1 0.143681 0.00153983
604.9 0.145298 1 0.145167 0.000131532
605.35 0.147376 1 0.146639 0.000737295
605.8 0.147454 1 0.148096 -0.000642228
606.25 0.148531 1 0.149537 -0.0010064
606.7 0.153608 1 0.150963 0.00264539
607.15 0.153686 1 0.152372 0.00131375
607.6 0.152763 1 0.153764 -0.00100074
608.05 0.15484 1 0.155138 -0.000297517
608.5 0.156917 1 0.156493 0.000423959
608.95 0.160994 1 0.15783 0.0031642
609.39 0.160069 1 0.159118 0.000951052
609.84 0.160146 1 0.160416 -0.000270183
610.29 0.163222 1 0.161693 0.00152871
610.74 0.162299 1 0.16295 -0.000651871
611.19 0.165375 1 0.164186 0.00118843
611.64 0.166451 1 0.165401 0.00104993
612.09 0.168527 1 0.166594 0.0019329
612.54 0.167603 1 0.167765 -0.000162406
612.99 0.167679 1 0.168915 -0.00123581
613.44 0.168755 1 0.170042 -0.00128718
613.88 0.169829 1 0.171122 -0.0012938
614.33 0.169904 1 0.172206 -0.00230137
614.78 0.17398 1 0.173266 0.000713186
615.23 0.174055 1 0.174305 -0.000250206
615.68 0.17313 1 0.175322 -0.0021917
616.13 0.175205 1 0.176317 -0.0011115
616.58 0.17628 1 0.17729 -0.00100991
617.03 0.178355 1 0.178242 0.000112729
617.47 0.175428 1 0.179153 -0.0037252
617.92 0.178502 1 0.180065 -0.00156229
618.37 0.179577 1 0.180957 -0.00137986
618.82 0.179651 1 0.18183 -0.00217858
619.27 0.178726 1 0.182685 -0.00395921
619.72 0.1798 1 0.183522 -0.00372261
620.17 0.179874 1 0.184343 -0.00446971
620.61 0.181946 1 0.185131 -0.00318546
621.06 0.18202 1 0.185923 -0.00390348
621.51 0.180093 1 0.186702 -0.00660858
621.96 0.181167 1 0.187469 -0.00630208
622.41 0.18324 1 0.188226 -0.00498542
622.86 0.183313 1 0.188973 -0.00566012
623.3 0.186385 1 0.189698 -0.00331305
623.75 0.186458 1 0.190433 -0.00397558
624.2 0.186531 1 0.191165 -0.00463465
624.65 0.188604 1 0.191896 -0.0032922
625.1 0.187676 1 0.192626 -0.00495028
625.54 0.187747 1 0.193343 -0.00559629
625.99 0.186819 1 0.194081 -0.0072618
626.44 0.191892 1 0.194826 -0.00293452
626.89 0.191964 1 0.195581 -0.00361687
627.34 0.194036 1 0.196347 -0.00231137
627.78 0.195106 1 0.197111 -0.00200469
628.23 0.195178 1 0.197909 -0.00273099
628.68 0.19625 1 0.198727 -0.00247744
629.13 0.195321 1 0.199568 -0.00424689
629.58 0.198392 1 0.200435 -0.00204222
630.02 0.200462 1 0.20131 -0.00084774
630.47 0.202533 1 0.202236 0.000296997
630.92 0.202604 1 0.203197 -0.000593068
631.37 0.203675 1 0.204196 -0.000520995
631.81 0.206744 1 0.205212 0.00153213
632.26 0.206815 1 0.206294 0.000520251
632.71 0.209885 1 0.207424 0.00246134
633.16 0.213955 1 0.208603 0.00535233
633.61 0.213026 1 0.209835 0.00319021
634.05 0.215094 1 0.211094 0.00399969
634.5 0.216164 1 0.21244 0.00372382
634.95 0.219234 1 0.213848 0.00538616
635.4 0.219303 1 0.215319 0.00398398
635.84 0.222371 1 0.216823 0.00554804
636.29 0.224441 1 0.21843 0.00601061
636.74 0.22751 1 0.220109 0.0074012
637.18 0.228578 1 0.221822 0.00675585
637.63 0.229646 1 0.223649 0.00599778
638.08 0.233715 1 0.225554 0.00816172
638.53 0.233784 1 0.227538 0.00624607
638.97 0.236851 1 0.229556 0.00729469
639.42 0.238919 1 0.231702 0.00721778
639.87 0.241988 1 0.23393 0.00805792
640.32 0.245056 1 0.236241 0.00881453
640.76 0.247122 1 0.238582 0.00853996
641.21 0.25119 1 0.241059 0.0101309
641.66 0.255258 1 0.243619 0.0116384
642.1 0.257324 1 0.246202 0.0111213
642.55 0.259391 1 0.248925 0.0104663
643 0.260458 1 0.251727 0.00873119
643.44 0.262524 1 0.254543 0.00798104
643.89 0.267591 1 0.257498 0.0100931
644.34 0.270658 1 0.260526 0.0101316
644.79 0.275725 1 0.263625 0.0120995
645.23 0.27679 1 0.26672 0.01007
645.68 0.277856 1 0.269947 0.00790903
646.13 0.279922 1 0.273233 0.00668905
646.57 0.285987 1 0.276499 0.00948806
647.02 0.287053 1 0.279887 0.00716559
647.47 0.291119 1 0.283319 0.00779931
647.91 0.292183 1 0.286712 0.00547117
648.36 0.295248 1 0.290212 0.0050361
648.81 0.297314 1 0.293738 0.00357604
649.25 0.301377 1 0.297202 0.00417551
649.7 0.303442 1 0.300755 0.00268722
650.15 0.305507 1 0.304311 0.00119608
650.59 0.310571 1 0.307783 0.00278751
651.04 0.313635 1 0.31132 0.00231483
651.48 0.313698 1 0.314758 -0.00105937
651.93 0.320763 1 0.318242 0.00252029
652.38 0.319827 1 0.321687 -0.00186009
652.82 0.321889 1 0.325007 -0.00311776
653.27 0.321953 1 0.328345 -0.00639149
653.72 0.325017 1 0.331614 -0.00659702
654.16 0.327079 1 0.334735 -0.00765608
654.61 0.330142 1 0.33784 -0.0076981
655.06 0.330206 1 0.340848 -0.0106429
655.5 0.333267 1 0.343686 -0.0104188
655.95 0.33233 1 0.346473 -0.0141425
656.39 0.333392 1 0.349075 -0.0156837
656.84 0.345454 1 0.351603 -0.0061487
657.29 0.347517 1 0.353985 -0.00646886
657.73 0.347577 1 0.356166 -0.0085887
658.18 0.34564 1 0.358235 -0.0125958
658.62 0.3477 1 0.360093 -0.0123929
659.07 0.349762 1 0.361815 -0.0120534
659.52 0.351824 1 0.36335 -0.0115268
659.96 0.350884 1 0.364663 -0.0137791
660.41 0.356945 1 0.365806 -0.00886051
660.85 0.356005 1 0.366721 -0.0107165
661.3 0.355066 1 0.367446 -0.0123801
661.74 0.358125 1 0.367942 -0.00981628
662.19 0.358186 1 0.368226 -0.01004
662.64 0.358246 1 0.368281 -0.0100345
663.08 0.358305 1 0.368109 -0.00980357
663.53 0.360366 1 0.367699 -0.00733359
663.97 0.358424 1 0.367067 -0.0086429
664.42 0.356484 1 0.366182 -0.00969813
664.86 0.359543 1 0.365083 -0.00554
665.31 0.361602 1 0.363717 -0.00211517
665.75 0.35966 1 0.362147 -0.00248696
666.2 0.357719 1 0.360301 -0.00258199
666.65 0.358778 1 0.358214 0.000564113
667.09 0.356836 1 0.355942 0.000893778
667.54 0.354895 1 0.353384 0.0015103
667.98 0.350952 1 0.350658 0.000294238
668.43 0.35001 1 0.347642 0.00236829
668.87 0.348067 1 0.344476 0.00359148
669.32 0.349125 1 0.34102 0.00810527
669.76 0.343182 1 0.337434 0.00574803
670.21 0.342239 1 0.33356 0.00867917
670.65 0.336295 1 0.329578 0.00671746
671.1 0.333353 1 0.325314 0.00803928
671.54 0.333409 1 0.320964 0.0124451
671.99 0.327466 1 0.316339 0.0111272
672.43 0.324521 1 0.311652 0.0128691
672.88 0.318578 1 0.3067 0.0118776
673.32 0.315633 1 0.301712 0.0139212
673.77 0.310689 1 0.29647 0.0142196
674.21 0.306744 1 0.291216 0.0155279
674.66 0.2978 1 0.285723 0.0120775
675.1 0.294855 1 0.280243 0.0146119
675.55 0.28491 1 0.274538 0.0103723
675.99 0.279964 1 0.268872 0.0110928
676.44 0.27402 1 0.262997 0.0110228
676.88 0.270074 1 0.257185 0.0128887
677.33 0.263128 1 0.251182 0.0119467
677.77 0.253182 1 0.245265 0.00791736
678.22 0.248236 1 0.239175 0.00906184
678.66 0.24029 1 0.233192 0.00709714
679.11 0.234344 1 0.227056 0.00728751
679.55 0.229396 1 0.221048 0.00834827
679.99 0.223449 1 0.215041 0.00840761
680.44 0.214503 1 0.208909 0.00559383
680.88 0.207555 1 0.202932 0.00462312
681.33 0.200608 1 0.196848 0.00376065
681.77 0.19366 1 0.190935 0.00272534
682.22 0.184713 1 0.184933 -0.000219914
682.66 0.179765 1 0.179116 0.00064815
683.11 0.169817 1 0.173228 -0.00341125
683.55 0.166868 1 0.167537 -0.000669049
683.99 0.157919 1 0.161918 -0.00399896
684.44 0.153971 1 0.156252 -0.00228087
684.88 0.148022 1 0.150797 -0.00277466
685.33 0.141073 1 0.145309 -0.00423557
685.77 0.134124 1 0.140038 -0.0059147
686.21 0.129174 1 0.134866 -0.00569237
686.66 0.123225 1 0.129682 -0.00645749
687.1 0.115275 1 0.124721 -0.00944643
687.55 0.111325 1 0.11976 -0.00843481
687.99 0.105375 1 0.115023 -0.00964829
688.44 0.102425 1 0.110297 -0.00787187
688.88 0.0944739 1 0.105794 -0.01132
689.32 0.0915227 1 0.10141 -0.00988688
689.77 0.0885724 1 0.0970497 -0.00847731
690.21 0.0836208 1 0.0929091 -0.00928829
690.65 0.0796691 1 0.0888902 -0.00922115
691.1 0.0757182 1 0.0849062 -0.00918801
691.54 0.0727661 1 0.0811343 -0.00836819
691.99 0.0668148 1 0.0774027 -0.0105878
692.43 0.0628623 1 0.0738767 -0.0110144
692.87 0.0609096 1 0.0704713 -0.00956167
693.32 0.0579578 1 0.0671122 -0.00915437
693.76 0.0550047 1 0.0639473 -0.00894261
694.2 0.0520515 1 0.0608993 -0.00884785
694.65 0.0510991 1 0.0579011 -0.00680205
695.09 0.0461454 1 0.0550841 -0.00893871
695.53 0.0421916 1 0.0523784 -0.0101868
695.98 0.0422386 1 0.049724 -0.00748543
696.42 0.0382844 1 0.0472366 -0.00895227
696.86 0.0373299 1 0.0448536 -0.00752366
697.31 0.0353764 1 0.0425218 -0.00714539
697.75 0.0304216 1 0.0403421 -0.0099205
698.19 0.0304666 1 0.0382589 -0.00779233
698.64 0.0275124 1 0.0362253 -0.00871297
699.08 0.026557 1 0.034329 -0.00777199
699.52 0.0246014 1 0.0325207 -0.00791932
699.97 0.0246466 1 0.0307595 -0.0061129
700.41 0.0206907 1 0.0291208 -0.0084301
700.85 0.0227345 1 0.0275614 -0.00482695
701.3 0.0167791 1 0.0260459 -0.00926678
701.74 0.0178225 1 0.0246385 -0.006816
702.18 0.0168658 1 0.023302 -0.00643628
702.63 0.0169098 1 0.0220055 -0.00509577
703.07 0.0139526 1 0.0208039 -0.00685124
703.51 0.0139952 1 0.0196647 -0.00566943
703.96 0.0130386 1 0.0185615 -0.00552284
704.4 0.0130809 1 0.0175407 -0.00445977
704.84 0.0111229 1 0.0165744 -0.00545153
705.28 0.00916475 1 0.0156604 -0.0064956
705.73 0.0102073 1 0.0147769 -0.00456955
706.17 0.00824876 1 0.0139609 -0.00571212
706.61 0.01029 1 0.0131899 -0.00289988
707.06 0.00833195 1 0.0124456 -0.00411363
707.5 0.00737277 1 0.0117589 -0.00438613
707.94 0.00741339 1 0.0111107 -0.00369736
708.38 0.0044538 1 0.0104991 -0.00604533
708.83 0.00649493 1 0.00990942 -0.0034145
709.27 0.00453493 1 0.00936594 -0.00483101
709.71 0.00657473 1 0.00885345 -0.00227872
710.15 0.00361433 1 0.00837025 -0.00475592
710.6 0.00265461 1 0.00790469 -0.00525008
711.04 0.000693789 1 0.00747588 -0.00678209
711.48 0.00373276 1 0.00707171 -0.00333895
711.92 0.00377153 1 0.00669078 -0.00291925
712.37 -0.000189033 1 0.00632383 -0.00651287
712.81 -0.000150683 1 0.00598589 -0.00613658
713.25 0.000887459 1 0.00566736 -0.0047799
713.69 0.000925393 1 0.0053671 -0.00444171
714.13 -3.68819e-05 1 0.00508403 -0.00512091
714.58 1.4847e-06 1 0.00481125 -0.00480976
715.02 3.87869e-05 1 0.00455989 -0.0045211
715.46 -0.000924121 1 0.00432281 -0.00524693
715.9 0.000112761 1 0.00409914 -0.00398638
716.35 0.000150264 1 0.00388343 -0.00373316
716.79 -0.000813281 1 0.00368448 -0.00449776
717.23 0.00122296 1 0.00349664 -0.00227367
717.67 -0.000741005 1 0.00331923 -0.00406024
718.11 -0.000705186 1 0.00315164 -0.00385682
718.56 -0.000668772 1 0.00298975 -0.00365852
719 0.000366616 1 0.00284021 -0.00247359
719.44 0.00240179 1 0.00269878 -0.000296991
719.88 0.00143675 1 0.00256498 -0.00112823
720.32 0.000471496 1 0.00243835 -0.00196685
720.76 -0.00249397 1 0.00231846 -0.00481243
721.21 0.00254112 1 0.00220239 0.000338728
721.65 -0.000424786 1 0.00209493 -0.00251971
722.09 -0.00139091 1 0.00199306 -0.00338397
722.53 -0.00235725 1 0.00189646 -0.00425371
722.97 -0.000323804 1 0.00180482 -0.00212863
723.41 -0.000290578 1 0.00171786 -0.00200844
723.86 -0.000256823 1 0.00163347 -0.0018903
724.3 -0.00122404 1 0.00155516 -0.0027792
724.74 0.00180853 1 0.00148076 0.00032777
725.18 -0.000159128 1 0.00141004 -0.00156917
725.62 -0.001127 1 0.00134282 -0.00246982
726.06 -9.50971e-05 1 0.00127889 -0.00137399
726.5 0.00293659 1 0.00121807 0.00171852
726.95 -3.12366e-05 1 0.00115892 -0.00119015
727.39 0 1 0.00110389 -0.00110389
727.83 0.00203101 1 0.00105151 0.000979508
728.27 0.00106181 1 0.00100162 6.01927e-05
728.71 9.23842e-05 1 0.000954094 -0.00086171
729.15 -0.000877258 1 0.000908817 -0.00178608
729.59 0.000152883 1 0.000865671 -0.000712788
730.03 0.00018281 1 0.000824549 -0.000641739
730.48 -0.0017868 1 0.00078448 -0.00257128
730.92 0.00324269 1 0.000747148 0.00249554
731.36 -0.000728021 1 0.000711551 -0.00143957
731.8 0.00130106 1 0.000677606 0.000623452
732.24 0.00332993 1 0.000645232 0.0026847
732.68 0.00135859 1 0.000614354 0.000744239
733.12 0.00138705 1 0.000584902 0.000802151
733.56 0.00241531 1 0.000556809 0.0018585
734 0.00344337 1 0.00053001 0.00291336
734.44 0.000471225 1 0.000504446 -3.32214e-05
734.89 0.00249951 1 0.000479519 0.00201999
735.33 0.00252697 1 0.000456282 0.00207068
735.77 0.00155423 1 0.000434116 0.00112011
736.21 0.000581297 1 0.000412973 0.000168324
736.65 0.00460817 1 0.000392806 0.00421537
737.09 0.00563486 1 0.000373571 0.00526129
737.53 0.00466135 1 0.000355227 0.00430613
737.97 0.00468766 1 0.000337734 0.00434993
738.41 0.00171378 1 0.000321053 0.00139273
738.85 0.00373972 1 0.000305149 0.00343457
739.29 0.00276547 1 0.000289987 0.00247548
739.73 0.00179104 1 0.000275533 0.00151551
740.17 0.00181643 1 0.000261757 0.00155467
740.61 0.00184164 1 0.000248627 0.00159301
741.05 0.00486668 1 0.000236117 0.00463056
741.49 0.00289153 1 0.000224197 0.00266734
741.93 0.00291622 1 0.000212842 0.00270337
742.37 0.00594073 1 0.000202027 0.0057387
742.81 0.00396507 1 0.000191727 0.00377334
743.26 0.00198978 1 0.000181702 0.00180808
743.7 0.00301378 1 0.000172375 0.0028414
744.14 0.00303761 1 0.000163497 0.00287411
744.58 0.00406127 1 0.000155048 0.00390622
745.02 0.00208477 1 0.000147008 0.00193776
745.46 0.0041081 1 0.00013936 0.00396875
745.9 0.00213128 1 0.000132084 0.0019992
746.34 0.0021543 1 0.000125165 0.00202913
746.78 0.00617715 1 0.000118586 0.00605857
747.22 0.00219985 1 0.000112331 0.00208752
747.66 0.0022224 1 0.000106386 0.00211601
748.1 0.00424479 1 0.000100736 0.00414406
748.54 0.00426703 1 9.5368e-05 0.00417166
748.98 0.00328912 1 9.02687e-05 0.00319885
749.42 0.00331106 1 8.54255e-05 0.00322563
749.86 0.00533285 1 8.08265e-05 0.00525202
750.29 0.00435401 1 7.6557e-05 0.00427745
750.73 0.00637551 1 7.24076e-05 0.0063031
751.17 0.00439687 1 6.84698e-05 0.0043284
751.61 0.00741809 1 6.47335e-05 0.00735336
752.05 0.00443917 1 6.11892e-05 0.00437798
752.49 0.00446011 1 5.78275e-05 0.00440228
752.93 0.00448091 1 5.46399e-05 0.00442627
753.37 0.00350157 1 5.16179e-05 0.00344996
753.81 0.0015221 1 4.87534e-05 0.00147335
754.25 0.0035425 1 4.60388e-05 0.00349646
754.69 0.00456277 1 4.34668e-05 0.0045193
755.13 0.00658291 1 4.10305e-05 0.00654188
755.57 0.00360292 1 3.8723e-05 0.00356419
756.01 0.0026228 1 3.65381e-05 0.00258626
756.45 0.00264255 1 3.44697e-05 0.00260808
756.89 0.00366218 1 3.2512e-05 0.00362967
757.33 0.000681692 1 3.06594e-05 0.000651033
757.77 0.00270108 1 2.89067e-05 0.00267217
758.21 0.00472035 1 2.72488e-05 0.0046931
758.64 0.00173906 1 2.57155e-05 0.00171335
759.08 0.0037581 1 2.42312e-05 0.00373387
759.52 0.000777021 1 2.28279e-05 0.000754193
759.96 0.00279583 1 2.15017e-05 0.00277433
760.4 0.00181452 1 2.02486e-05 0.00179427
760.84 -0.00116689 1 1.90647e-05 -0.00118596
761.28 0.00285158 1 1.79465e-05 0.00283363
761.72 0.00286995 1 1.68905e-05 0.00285306
762.16 0.000888209 1 1.58935e-05 0.000872315
762.6 -9.36354e-05 1 1.49524e-05 -0.000108588
763.03 0.00292401 1 1.40838e-05 0.00290992
763.47 0.00194196 1 1.32447e-05 0.00192872
763.91 0.000959813 1 1.24531e-05 0.00094736
764.35 -2.24334e-05 1 1.17065e-05 -3.41398e-05
764.79 0.00199522 1 1.10024e-05 0.00198422
765.23 0.00201278 1 1.03387e-05 0.00200244
765.67 0.00203025 1 9.71306e-06 0.00202054
766.11 0.00304762 1 9.12349e-06 0.0030385
766.54 0.00206451 1 8.58026e-06 0.00205593
766.98 0.0010817 1 8.05629e-06 0.00107365
767.42 0.00309881 1 7.56282e-06 0.00309125
767.86 0.00511583 1 7.09816e-06 0.00510873
768.3 0.00413276 1 6.66074e-06 0.0041261
768.74 0.00214961 1 6.24903e-06 0.00214336
769.17 0.00216599 1 5.87016e-06 0.00216012
769.61 0.00218268 1 5.50516e-06 0.00217717
770.05 0.000199282 1 5.16183e-06 0.00019412
770.49 0.00321581 1 4.83896e-06 0.00321097
770.93 0.000232261 1 4.53538e-06 0.000227726
771.37 0.00524864 1 4.25e-06 0.00524439
771.8 0.000264569 1 3.98771e-06 0.000260582
772.24 -0.000719199 1 3.73533e-06 -0.000722934
772.68 0.000296961 1 3.49823e-06 0.000293463
773.12 0.00131305 1 3.27553e-06 0.00130978
773.56 0.00432908 1 3.0664e-06 0.00432601
774 0.00134503 1 2.87006e-06 0.00134216
774.43 0.00436056 1 2.68981e-06 0.00435788
774.87 0.0013764 1 2.51659e-06 0.00137388
775.31 0.00339216 1 2.35406e-06 0.00338981
775.75 0.00340787 1 2.20159e-06 0.00340567
776.19 -0.00057648 1 2.05859e-06 -0.000578539
776.62 0.00243876 1 1.92744e-06 0.00243683
777.06 0.00145429 1 1.80154e-06 0.00145249
777.5 0.00346978 1 1.68353e-06 0.00346809
777.94 0.000485204 1 1.57294e-06 0.000483631
778.37 0.00650023 1 1.4716e-06 0.00649876
778.81 0.00151556 1 1.37439e-06 0.00151419
779.25 0.00153084 1 1.28334e-06 0.00152956
779.69 0.00154607 1 1.1981e-06 0.00154487
780.13 0.00156126 1 1.11829e-06 0.00156014
780.56 -0.00142394 1 1.04523e-06 -0.00142499
781 0.000591159 1 9.75223e-07 0.000590183
781.44 0.00160622 1 9.09724e-07 0.00160531
781.88 0.000621237 1 8.48456e-07 0.000620389
782.31 -0.00136412 1 7.92417e-07 -0.00136491
782.75 0.000650824 1 7.38759e-07 0.000650085
783.19 0.00166573 1 6.88599e-07 0.00166505
783.63 0.00368061 1 6.41717e-07 0.00367997
784.06 0.000695116 1 5.98871e-07 0.000694517
784.5 0.00270993 1 5.57879e-07 0.00270937
784.94 0.00472471 1 5.1959e-07 0.00472419
785.37 -0.00126087 1 4.84619e-07 -0.00126135
785.81 -0.00124614 1 4.51181e-07 -0.00124659
786.25 0.00376857 1 4.19967e-07 0.00376815
786.69 0.00178325 1 3.90835e-07 0.00178286
787.12 0.00279758 1 3.64249e-07 0.00279721
787.56 0.000812215 1 3.38849e-07 0.000811876
788 0.00282683 1 3.15158e-07 0.00282652
788.43 0.00384111 1 2.93551e-07 0.00384081
788.87 0.000855692 1 2.7292e-07 0.000855419
789.31 0.00287026 1 2.53689e-07 0.00287001
789.75 0.00388482 1 2.35766e-07 0.00388459
790.18 0.00289904 1 2.19432e-07 0.00289882
790.62 -8.64259e-05 1 2.0385e-07 -8.66297e-05
791.06 0.0019281 1 1.89336e-07 0.00192791
791.49 0.00294229 1 1.76117e-07 0.00294212
791.93 -4.31934e-05 1 1.63514e-07 -4.33569e-05
792.37 -2.86832e-05 1 1.51783e-07 -2.8835e-05
792.8 0.00598549 1 1.41105e-07 0.00598535
793.24 0 1 1.3093e-07 -1.3093e-07
793.68 0.00401451 1 1.21464e-07 0.00401438
794.11 0.00402868 1 1.12854e-07 0.00402857
794.55 0.00604319 1 1.04655e-07 0.00604309
794.99 0.00205771 1 9.70315e-08 0.00205761
795.42 0.0050719 1 9.01012e-08 0.00507181
795.86 0.00408643 1 8.35054e-08 0.00408634
796.3 0.00210096 1 7.73772e-08 0.00210089
796.73 0.00111518 1 7.18092e-08 0.00111511
797.17 0.00412974 1 6.65132e-08 0.00412967
797.61 0.00314431 1 6.15956e-08 0.00314425
798.04 0.00215856 1 5.71303e-08 0.00215851
798.48 0.00217317 1 5.28857e-08 0.00217311
798.91 0.00418745 1 4.90331e-08 0.0041874
799.35 0.00520209 1 4.53723e-08 0.00520205
799.79 0.00221675 1 4.19764e-08 0.00221671
800.22 0.0032311 1 3.88961e-08 0.00323106
800.66 0.000245802 1 3.59709e-08 0.000245766
801.1 0.00426053 1 3.32591e-08 0.0042605
