500.34 0.000619457 1 7.25561e-05 0.000546901
500.8 0.00067433 1 7.69928e-05 0.000597337
501.25 -0.000271989 1 8.15786e-05 -0.000353568
501.71 0.000782885 1 8.65303e-05 0.000696355
502.17 0.00083776 1 9.17629e-05 0.000745997
502.62 -0.000108558 1 9.71675e-05 -0.000205726
503.08 -0.00205368 1 0.000102999 -0.00215668
503.53 0 1 0.000109021 -0.000109021
503.99 0.00105488 1 0.000115515 0.000939361
504.44 0.00110856 1 0.000122217 0.000986341
504.9 0.00116343 1 0.000129442 0.00103399
505.36 0.00121831 1 0.000137065 0.00108124
505.81 0.00127199 1 0.000144927 0.00112706
506.27 0.00132686 1 0.000153396 0.00117347
506.72 -0.000619457 1 0.000162127 -0.000781584
507.18 0.000435414 1 0.000171529 0.000263886
507.63 -0.000510908 1 0.000181216 -0.000692124
508.09 0.000543962 1 0.000191644 0.000352318
508.54 0.00159764 1 0.000202383 0.00139525
509 0.0016525 1 0.000213937 0.00143857
509.45 0.000706175 1 0.000225832 0.000480344
509.91 -0.000238962 1 0.000238624 -0.000477585
510.36 0.000814707 1 0.000251786 0.000562921
510.82 0.000869566 1 0.000265935 0.000603631
511.27 -7.67697e-05 1 0.000280487 -0.000357257
511.73 -2.19153e-05 1 0.000296123 -0.000318038
512.19 0.00103294 1 0.000312563 0.000720374
512.64 -0.00191341 1 0.00032946 -0.00224287
513.1 -0.00085856 1 0.000347603 -0.00120616
513.55 -0.000804908 1 0.000366243 -0.00117115
514.01 0.00224993 1 0.000386247 0.00186369
514.46 0.00230358 1 0.000406789 0.00189679
514.92 0.00135841 1 0.000428826 0.000929585
515.37 0.00241205 1 0.000451445 0.00196061
515.83 0.000466878 1 0.000475699 -8.82147e-06
516.28 0.00152051 1 0.000500582 0.00101993
516.73 -0.000425863 1 0.000526659 -0.000952521
517.19 0.000628953 1 0.000554601 7.4352e-05
517.64 0.00368257 1 0.000583248 0.00309932
518.1 0.00173738 1 0.000613932 0.00112345
518.55 0.00279099 1 0.000645376 0.00214562
519.01 0.00284579 1 0.000679039 0.00216675
519.46 0.00189939 1 0.000713521 0.00118587
519.92 0.00295418 1 0.00075042 0.00220376
520.37 0.00100777 1 0.000788199 0.000219575
520.83 0.00306255 1 0.000828607 0.00223395
521.28 0.000116135 1 0.00086996 -0.000753825
521.74 0.0021709 1 0.000914171 0.00125673
522.19 0.00122447 1 0.000959395 0.00026508
522.65 0.00427923 1 0.00100772 0.00327151
523.1 0.000332793 1 0.00105714 -0.000724343
523.55 0.00538635 1 0.00110874 0.0042776
524.01 0.000441087 1 0.00116385 -0.000722768
524.46 0.00149463 1 0.00122016 0.000274466
524.92 0.00254936 1 0.00128027 0.00126909
525.37 0.00360289 1 0.00134165 0.00226123
525.83 0.0036576 1 0.00140714 0.00225046
526.28 0.00271112 1 0.001474 0.00123712
526.73 0.00276463 1 0.00154371 0.00122092
527.19 0.00181932 1 0.00161804 0.000201284
527.64 0.00287282 1 0.00169386 0.00117896
528.1 0.0029275 1 0.00177466 0.00115284
528.55 0.00498098 1 0.00185705 0.00312393
529.01 0.00703564 1 0.00194481 0.00509084
529.46 0.00408911 1 0.00203425 0.00205486
529.91 0.00414257 1 0.00212736 0.00201521
530.37 0.00519721 1 0.00222648 0.00297073
530.82 0.00325066 1 0.00232743 0.000923228
531.28 0.00430528 1 0.00243483 0.00187045
531.73 0.00435871 1 0.00254417 0.00181454
532.18 0.00641213 1 0.00265787 0.00375426
532.64 0.00446672 1 0.00277875 0.00168797
533.09 0.00552013 1 0.00290173 0.0026184
533.54 0.00557352 1 0.00302952 0.002544
534 0.00662809 1 0.0031653 0.00346279
534.45 0.00868147 1 0.00330333 0.00537814
534.91 0.00573602 1 0.00344991 0.00228611
535.36 0.00678938 1 0.00359886 0.00319052
535.81 0.00684273 1 0.00375346 0.00308927
536.27 0.00889725 1 0.00391753 0.00497972
536.72 0.00695058 1 0.00408412 0.00286646
537.17 0.0080039 1 0.00425692 0.00374698
537.63 0.00905839 1 0.00444017 0.00461822
538.08 0.0111117 1 0.00462611 0.00648558
538.54 0.0101662 1 0.00482321 0.00534295
538.99 0.0122194 1 0.0050231 0.00719634
539.44 0.00927271 1 0.0052302 0.00404251
539.9 0.0123272 1 0.00544957 0.00687758
540.35 0.0123804 1 0.0056719 0.0067085
540.8 0.0104336 1 0.00590208 0.00453156
541.26 0.010488 1 0.00614572 0.00434232
541.71 0.0135413 1 0.00639247 0.00714878
542.16 0.0135945 1 0.00664776 0.00694669
542.62 0.0166488 1 0.0069178 0.00973103
543.07 0.015702 1 0.00719108 0.00851093
543.52 0.0147552 1 0.00747361 0.00728156
543.98 0.0148095 1 0.00777225 0.00703726
544.43 0.0158627 1 0.00807427 0.00778839
544.88 0.0159158 1 0.00838629 0.0075295
545.34 0.0179701 1 0.00871586 0.00925423
545.79 0.0170232 1 0.00904891 0.00797429
546.24 0.0180763 1 0.00939276 0.00868353
546.69 0.0171294 1 0.00974767 0.0073817
547.15 0.0191836 1 0.0101222 0.00906144
547.6 0.0192367 1 0.0105003 0.0087364
548.05 0.0202897 1 0.0108903 0.00939945
548.51 0.0213439 1 0.0113015 0.0100424
548.96 0.019397 1 0.0117164 0.00768058
549.41 0.02045 1 0.012144 0.00830598
549.86 0.0225029 1 0.0125846 0.00991835
550.32 0.0235571 1 0.0130488 0.0105083
550.77 0.0256101 1 0.0135166 0.0120935
551.22 0.024663 1 0.0139983 0.0106647
551.68 0.0257171 1 0.0145054 0.0112117
552.13 0.02577 1 0.0150161 0.0107539
552.58 0.023823 1 0.0155416 0.00828133
553.03 0.0258758 1 0.0160822 0.00979364
553.49 0.0259299 1 0.0166507 0.00927919
553.94 0.0249828 1 0.0172227 0.00776006
554.39 0.0290356 1 0.0178107 0.0112249
554.84 0.0280884 1 0.018415 0.00967348
555.3 0.0271424 1 0.0190498 0.00809263
555.75 0.0301952 1 0.0196879 0.0105073
556.2 0.030248 1 0.0203432 0.00990479
556.65 0.0313008 1 0.021016 0.0102848
557.11 0.0323547 1 0.0217222 0.0106325
557.56 0.0334075 1 0.0224313 0.0109762
558.01 0.0354602 1 0.0231587 0.0123015
558.46 0.0335129 1 0.0239049 0.00960804
558.92 0.0355668 1 0.0246872 0.0108796
559.37 0.0386194 1 0.025472 0.0131475
559.82 0.0366721 1 0.0262763 0.0103958
560.27 0.0387247 1 0.0271005 0.0116243
560.72 0.0387774 1 0.0279447 0.0108326
561.18 0.0398311 1 0.0288288 0.0110023
561.63 0.0418837 1 0.0297145 0.0121692
562.08 0.0409363 1 0.0306212 0.0103151
562.53 0.0439889 1 0.031549 0.0124398
562.99 0.0440426 1 0.0325196 0.0115229
563.44 0.0460951 1 0.0334911 0.012604
563.89 0.0461476 1 0.0344844 0.0116632
564.34 0.0452001 1 0.0354999 0.00970017
564.79 0.0472526 1 0.0365378 0.0107147
565.25 0.0493062 1 0.0376222 0.011684
565.7 0.0503586 1 0.038706 0.0116526
566.15 0.048411 1 0.0398129 0.00859812
566.6 0.0504634 1 0.040943 0.00952039
567.05 0.0495158 1 0.0420966 0.00741923
567.5 0.0545682 1 0.0432737 0.0112944
567.96 0.0536217 1 0.0445016 0.00912008
568.41 0.053674 1 0.045727 0.00794702
568.86 0.0547263 1 0.0469764 0.00774987
569.31 0.0557786 1 0.0482501 0.00752848
569.76 0.0558308 1 0.0495481 0.00628273
570.21 0.0598831 1 0.0508706 0.0090125
570.67 0.0559365 1 0.0522478 0.00368864
571.12 0.0599887 1 0.0536201 0.00636862
571.57 0.0610409 1 0.055017 0.00602386
572.02 0.062093 1 0.0564387 0.00565428
572.47 0.0641452 1 0.0578853 0.00625985
572.92 0.0631973 1 0.0593568 0.00384054
573.37 0.0692494 1 0.0608531 0.00839631
573.83 0.0653026 1 0.0624084 0.00289424
574.28 0.0673547 1 0.0639551 0.00339965
574.73 0.0684067 1 0.0655266 0.00288018
575.18 0.0704588 1 0.0671229 0.00333587
575.63 0.0685108 1 0.068744 -0.000233199
576.08 0.0715628 1 0.0703897 0.00117303
576.53 0.0716147 1 0.07206 -0.000445335
576.98 0.0726666 1 0.0737548 -0.00108819
577.44 0.0767197 1 0.0755124 0.00120727
577.89 0.0767716 1 0.0772563 -0.000484697
578.34 0.0778235 1 0.0790242 -0.0012007
578.79 0.0778753 1 0.0808159 -0.00294056
579.24 0.0799272 1 0.0826312 -0.00270408
579.69 0.081979 1 0.08447 -0.00249102
580.14 0.0830307 1 0.0863319 -0.00330114
580.59 0.0850825 1 0.0882167 -0.00313418
581.04 0.0861342 1 0.0901241 -0.00398986
581.49 0.087186 1 0.0920538 -0.00486787
581.95 0.0872388 1 0.0940492 -0.00681036
582.4 0.0922905 1 0.096023 -0.00373253
582.85 0.0933421 1 0.0980181 -0.00467598
583.3 0.0943937 1 0.100034 -0.00564033
583.75 0.0974453 1 0.102071 -0.00462518
584.2 0.0984969 1 0.104127 -0.0056301
584.65 0.0995485 1 0.106203 -0.00665463
585.1 0.1036 1 0.108298 -0.00469831
585.55 0.104652 1 0.110412 -0.00576063
586 0.106703 1 0.112544 -0.0058411
586.45 0.107754 1 0.114694 -0.00693917
586.9 0.108806 1 0.11686 -0.00805429
587.35 0.109857 1 0.119043 -0.00918587
587.8 0.114909 1 0.121242 -0.00633333
588.25 0.11496 1 0.123456 -0.00849604
588.71 0.118012 1 0.125734 -0.0077219
589.16 0.123064 1 0.127977 -0.00491348
589.61 0.121115 1 0.130233 -0.00911831
590.06 0.127166 1 0.132502 -0.00533569
590.51 0.128218 1 0.134782 -0.00656491
590.96 0.130269 1 0.137074 -0.00680522
591.41 0.13232 1 0.139376 -0.00705585
591.86 0.134371 1 0.141687 -0.00731604
592.31 0.138422 1 0.144007 -0.00558498
592.76 0.141473 1 0.146335 -0.00486186
593.21 0.139524 1 0.14867 -0.00914583
593.66 0.145575 1 0.151012 -0.00543606
594.11 0.147627 1 0.153358 -0.00573167
594.56 0.150678 1 0.155709 -0.00503178
595.01 0.153728 1 0.158064 -0.00433548
595.46 0.154779 1 0.160421 -0.00564186
595.91 0.15783 1 0.16278 -0.00494999
596.36 0.159881 1 0.16514 -0.00525892
596.81 0.164932 1 0.1675 -0.0025677
597.26 0.165983 1 0.169858 -0.00387536
597.71 0.167034 1 0.172215 -0.00518092
598.16 0.170085 1 0.174568 -0.00448337
598.61 0.174135 1 0.176917 -0.00278172
599.06 0.177186 1 0.179261 -0.00207497
599.51 0.178237 1 0.181599 -0.00336207
599.96 0.179287 1 0.183929 -0.00464202
600.41 0.183338 1 0.186252 -0.00291378
600.86 0.186389 1 0.188565 -0.0021763
601.31 0.188439 1 0.190868 -0.00242854
601.76 0.19649 1 0.193159 0.00333053
602.21 0.19754 1 0.195438 0.00210197
602.65 0.19959 1 0.197654 0.00193589
603.1 0.19964 1 0.199905 -0.00026513
603.55 0.203691 1 0.202141 0.00154932
604 0.207741 1 0.204361 0.00338029
604.45 0.207791 1 0.206563 0.00122881
604.9 0.211842 1 0.208746 0.0030959
605.35 0.217892 1 0.210909 0.00698257
605.8 0.214942 1 0.213052 0.00188984
606.25 0.215993 1 0.215174 0.000818688
606.7 0.222043 1 0.217273 0.00477009
607.15 0.225093 1 0.219348 0.00574501
607.6 0.225143 1 0.221399 0.00374438
608.05 0.226193 1 0.223424 0.00276913
608.5 0.229243 1 0.225423 0.00382013
608.95 0.231294 1 0.227395 0.00389826
609.39 0.234342 1 0.229296 0.00504614
609.84 0.233392 1 0.231212 0.00218035
610.29 0.238442 1 0.233098 0.00534408
610.74 0.237492 1 0.234954 0.00253806
611.19 0.238542 1 0.236779 0.00176297
611.64 0.240592 1 0.238573 0.00201946
612.09 0.246642 1 0.240334 0.00630812
612.54 0.244692 1 0.242062 0.0026295
612.99 0.245742 1 0.243758 0.00198408
613.44 0.244792 1 0.245419 -0.000627713
613.88 0.24784 1 0.247011 0.000829182
614.33 0.24889 1 0.248605 0.00028491
614.78 0.25094 1 0.250164 0.000775147
615.23 0.252989 1 0.251689 0.00130004
615.68 0.252039 1 0.253179 -0.00114034
616.13 0.251088 1 0.254634 -0.00354602
616.58 0.254138 1 0.256055 -0.0019171
617.03 0.256187 1 0.257441 -0.00125378
617.47 0.256236 1 0.258764 -0.0025278
617.92 0.256285 1 0.260083 -0.00379746
618.37 0.259335 1 0.261369 -0.00203395
618.82 0.258384 1 0.262622 -0.0042379
619.27 0.258433 1 0.263843 -0.00541006
619.72 0.260483 1 0.265034 -0.00455132
620.17 0.259532 1 0.266195 -0.00666267
620.61 0.26158 1 0.267302 -0.00572152
621.06 0.261629 1 0.268406 -0.00677726
621.51 0.261678 1 0.269485 -0.00780692
621.96 0.262728 1 0.27054 -0.00781208
622.41 0.262777 1 0.271571 -0.00879448
622.86 0.262826 1 0.272582 -0.00975599
623.3 0.266874 1 0.273552 -0.00667792
623.75 0.264923 1 0.274527 -0.00960433
624.2 0.266972 1 0.275488 -0.00851646
624.65 0.268021 1 0.276437 -0.00841684
625.1 0.268069 1 0.277378 -0.00930819
625.54 0.269117 1 0.278291 -0.00917379
625.99 0.266166 1 0.279222 -0.013056
626.44 0.272215 1 0.280153 -0.00793829
626.89 0.274264 1 0.281088 -0.00682411
627.34 0.273312 1 0.282029 -0.00871702
627.78 0.27536 1 0.28296 -0.00760056
628.23 0.278408 1 0.283927 -0.00551873
628.68 0.274457 1 0.284913 -0.0104557
629.13 0.279506 1 0.285921 -0.00641558
629.58 0.279554 1 0.286957 -0.00740288
630.02 0.282602 1 0.288001 -0.00539906
630.47 0.28465 1 0.289104 -0.00445397
630.92 0.284698 1 0.290249 -0.00555013
631.37 0.288747 1 0.291439 -0.00269243
631.81 0.288794 1 0.292653 -0.00385875
632.26 0.291842 1 0.293949 -0.00210708
632.71 0.296891 1 0.295307 0.00158333
633.16 0.295939 1 0.296732 -0.000792699
633.61 0.298987 1 0.298227 0.000759584
634.05 0.304034 1 0.299764 0.00426969
634.5 0.305082 1 0.301418 0.00366473
634.95 0.30913 1 0.303158 0.00597249
635.4 0.310178 1 0.304991 0.0051878
635.84 0.313225 1 0.306877 0.00634848
636.29 0.317273 1 0.308907 0.00836604
636.74 0.320321 1 0.311045 0.00927631
637.18 0.322368 1 0.313243 0.00912477
637.63 0.325416 1 0.315607 0.00980918
638.08 0.331464 1 0.318091 0.0133729
638.53 0.331511 1 0.3207 0.0108118
638.97 0.335558 1 0.323375 0.0121834
639.42 0.339606 1 0.326241 0.0133647
639.87 0.341653 1 0.329243 0.0124109
640.32 0.347701 1 0.332382 0.0153193
640.76 0.349748 1 0.335587 0.0141609
641.21 0.353795 1 0.339005 0.0147903
641.66 0.356843 1 0.342567 0.0142761
642.1 0.360889 1 0.346189 0.0147004
642.55 0.364936 1 0.350036 0.0149002
643 0.366984 1 0.354029 0.0129552
643.44 0.37103 1 0.358071 0.0129587
643.89 0.381077 1 0.362347 0.0187303
644.34 0.382125 1 0.366764 0.0153611
644.79 0.389172 1 0.371318 0.0178538
645.23 0.391218 1 0.375902 0.0153163
645.68 0.397265 1 0.380719 0.0165463
646.13 0.401312 1 0.385662 0.01565
646.57 0.403358 1 0.390613 0.0127456
647.02 0.411405 1 0.395789 0.0156164
647.47 0.415452 1 0.401073 0.0143791
647.91 0.417498 1 0.406337 0.0111612
648.36 0.423545 1 0.411811 0.0117336
648.81 0.426592 1 0.417369 0.00922281
649.25 0.432637 1 0.422874 0.00976351
649.7 0.437684 1 0.428566 0.00911779
650.15 0.441731 1 0.434311 0.00742012
650.59 0.447777 1 0.439966 0.00781018
651.04 0.452823 1 0.445778 0.00704522
651.48 0.451869 1 0.451475 0.000393897
651.93 0.456915 1 0.457302 -0.000387254
652.38 0.461962 1 0.463117 -0.00115573
652.82 0.468007 1 0.468777 -0.000769667
653.27 0.466054 1 0.474523 -0.00846939
653.72 0.4761 1 0.480211 -0.0041114
654.16 0.478145 1 0.485702 -0.00755699
654.61 0.480191 1 0.491229 -0.0110378
655.06 0.485238 1 0.49665 -0.0114127
655.5 0.491283 1 0.501833 -0.0105499
655.95 0.495329 1 0.506995 -0.0116665
656.39 0.497374 1 0.511893 -0.014519
656.84 0.50042 1 0.516732 -0.0163117
657.29 0.505466 1 0.521382 -0.0159157
657.73 0.507511 1 0.52573 -0.0182193
658.18 0.511557 1 0.529959 -0.0184019
658.62 0.514602 1 0.533864 -0.0192625
659.07 0.517648 1 0.537609 -0.0199614
659.52 0.522693 1 0.541086 -0.0183927
659.96 0.527738 1 0.544213 -0.0164752
660.41 0.527784 1 0.547119 -0.019335
660.85 0.530829 1 0.549661 -0.0188323
661.3 0.533874 1 0.551942 -0.0180681
661.74 0.538919 1 0.55385 -0.0149316
662.19 0.539964 1 0.555461 -0.0154965
662.64 0.53901 1 0.556716 -0.0177065
663.08 0.542054 1 0.557592 -0.0155375
663.53 0.544099 1 0.558118 -0.014019
663.97 0.543144 1 0.558266 -0.0151226
664.42 0.544189 1 0.558036 -0.0138468
664.86 0.545233 1 0.557432 -0.0121991
665.31 0.548278 1 0.556424 -0.00814575
665.75 0.547323 1 0.555053 -0.00773093
666.2 0.546368 1 0.553256 -0.00688853
666.65 0.548413 1 0.551058 -0.00264564
667.09 0.548457 1 0.548523 -6.58713e-05
667.54 0.545502 1 0.545535 -3.36699e-05
667.98 0.543546 1 0.542232 0.00131344
668.43 0.54259 1 0.538467 0.00412363
668.87 0.540634 1 0.534412 0.00622259
669.32 0.537679 1 0.529889 0.00779045
669.76 0.534723 1 0.525106 0.00961714
670.21 0.534767 1 0.519854 0.0149137
670.65 0.527811 1 0.514375 0.0134358
671.1 0.523856 1 0.508432 0.015424
671.54 0.518899 1 0.502298 0.0166015
671.99 0.514944 1 0.495707 0.0192368
672.43 0.506987 1 0.488964 0.0180226
672.88 0.500031 1 0.481778 0.0182538
673.32 0.494075 1 0.47448 0.019595
673.77 0.488119 1 0.466754 0.0213649
674.21 0.478162 1 0.458959 0.0192032
674.66 0.467206 1 0.450756 0.01645
675.1 0.46325 1 0.442527 0.0207228
675.55 0.454294 1 0.433913 0.0203808
675.99 0.443337 1 0.425314 0.0180226
676.44 0.433381 1 0.416357 0.0170235
676.88 0.421424 1 0.407457 0.0139665
677.33 0.414467 1 0.398227 0.0162405
677.77 0.40451 1 0.389094 0.0154161
678.22 0.392554 1 0.379661 0.0128927
678.66 0.382597 1 0.370365 0.0122321
679.11 0.37164 1 0.360799 0.0108415
679.55 0.360683 1 0.351406 0.00927725
679.99 0.349726 1 0.34199 0.0077362
680.44 0.337769 1 0.332351 0.00541775
680.88 0.328812 1 0.322936 0.00587598
681.33 0.317855 1 0.31333 0.00452514
681.77 0.305898 1 0.303976 0.00192163
682.22 0.294941 1 0.294463 0.000477927
682.66 0.285983 1 0.285228 0.000755626
683.11 0.273026 1 0.275863 -0.00283704
683.55 0.265069 1 0.266799 -0.00173065
683.99 0.254111 1 0.257838 -0.00372682
684.44 0.245154 1 0.24879 -0.00363587
684.88 0.234196 1 0.240068 -0.00587234
685.33 0.223239 1 0.231287 -0.008048
685.77 0.213281 1 0.222845 -0.00956414
686.21 0.206323 1 0.214554 -0.00823134
686.66 0.192365 1 0.206239 -0.0138733
687.1 0.186407 1 0.198276 -0.0118684
687.55 0.17945 1 0.190309 -0.0108592
687.99 0.168492 1 0.182699 -0.0142073
688.44 0.163534 1 0.175104 -0.0115699
688.88 0.155576 1 0.167866 -0.0122906
689.32 0.148617 1 0.160818 -0.012201
689.77 0.14066 1 0.153809 -0.0131495
690.21 0.134701 1 0.147153 -0.0124517
690.65 0.127742 1 0.140693 -0.0129502
691.1 0.120785 1 0.13429 -0.0135052
691.54 0.113826 1 0.12823 -0.0144035
691.99 0.108868 1 0.122236 -0.0133678
692.43 0.101909 1 0.116575 -0.0146658
692.87 0.0979504 1 0.11111 -0.01316
693.32 0.0929924 1 0.105723 -0.0127305
693.76 0.0880334 1 0.10065 -0.0126168
694.2 0.0830743 1 0.0957679 -0.0126936
694.65 0.0791161 1 0.0909691 -0.011853
695.09 0.073157 1 0.086464 -0.013307
695.53 0.0671978 1 0.0821405 -0.0149428
695.98 0.0662394 1 0.077903 -0.0116636
696.42 0.0632801 1 0.073936 -0.010656
696.86 0.0603207 1 0.0701394 -0.00981866
697.31 0.0573622 1 0.0664282 -0.00906605
697.75 0.0514027 1 0.0629632 -0.0115605
698.19 0.0494432 1 0.0596555 -0.0102123
698.64 0.0464845 1 0.0564305 -0.00994603
699.08 0.0425248 1 0.0534269 -0.0109021
699.52 0.0415651 1 0.0505665 -0.00900138
699.97 0.0396063 1 0.0477843 -0.00817802
700.41 0.0366464 1 0.045199 -0.00855257
700.85 0.0356866 1 0.0427425 -0.00705594
701.3 0.0297275 1 0.0403583 -0.0106308
701.74 0.0307675 1 0.0381476 -0.00738006
702.18 0.0268075 1 0.0360512 -0.00924374
702.63 0.0248483 1 0.0340206 -0.00917232
703.07 0.0248881 1 0.0321413 -0.00725317
703.51 0.0239279 1 0.0303624 -0.0064345
703.96 0.0229686 1 0.0286424 -0.00567378
704.4 0.0210082 1 0.0270531 -0.00604484
704.84 0.0210479 1 0.0255511 -0.00450324
705.28 0.0180874 1 0.0241322 -0.00604482
705.73 0.0181278 1 0.0227629 -0.00463511
706.17 0.0151673 1 0.0215001 -0.00633279
706.61 0.0152067 1 0.0203085 -0.00510187
707.06 0.0122469 1 0.0191599 -0.00691301
707.5 0.0132862 1 0.0181016 -0.00481549
707.94 0.0123254 1 0.0171041 -0.00477871
708.38 0.00936454 1 0.016164 -0.00679944
708.83 0.00940453 1 0.0152587 -0.00585413
709.27 0.00844358 1 0.0144253 -0.00598174
709.71 0.00848256 1 0.0136404 -0.00515779
710.15 0.00752149 1 0.012901 -0.00537955
710.6 0.00856125 1 0.0121894 -0.00362818
711.04 0.00560006 1 0.0115346 -0.00593454
711.48 0.00663881 1 0.0109179 -0.00427908
711.92 0.00667751 1 0.0103371 -0.00365957
712.37 0.00471702 1 0.00977795 -0.00506093
712.81 0.0017556 1 0.00926332 -0.00750772
713.25 0.00479412 1 0.00877847 -0.00398435
713.69 0.00383258 1 0.00832159 -0.00448901
714.13 0.00187098 1 0.00789098 -0.00602
714.58 0.00291019 1 0.00747608 -0.00456589
715.02 0.000948471 1 0.00709379 -0.00614532
715.46 0.000986693 1 0.00673318 -0.00574649
715.9 0.00202486 1 0.00639293 -0.00436807
716.35 -0.000936175 1 0.00606467 -0.00700084
716.79 0.00210187 1 0.00576179 -0.00365993
717.23 0.00113985 1 0.00547569 -0.00433584
717.67 -0.000822228 1 0.00520532 -0.00602755
718.11 -0.000784365 1 0.00494971 -0.00573407
718.56 -0.000745704 1 0.0047026 -0.00544831
719 0.00129204 1 0.00447412 -0.00318208
719.44 0.00132972 1 0.00425782 -0.0029281
719.88 0.000367338 1 0.00405295 -0.00368562
720.32 0.0014049 1 0.00385883 -0.00245393
720.76 -0.0025576 1 0.0036748 -0.0062324
721.21 0.00148068 1 0.0034964 -0.00201571
721.65 -0.00148194 1 0.00333097 -0.00481291
722.09 -0.00144462 1 0.00317393 -0.00461856
722.53 -0.000407372 1 0.00302478 -0.00343215
722.97 -0.00137018 1 0.00288306 -0.00425324
723.41 -0.00233305 1 0.00274835 -0.0050814
723.86 -0.00229514 1 0.0026174 -0.00491254
724.3 0.000741867 1 0.00249566 -0.00175379
724.74 -0.000221189 1 0.0023798 -0.00260099
725.18 -0.00118431 1 0.00226949 -0.00345379
725.62 0.000852513 1 0.00216442 -0.00131191
726.06 -0.00111073 1 0.00206432 -0.00317505
726.5 0.000925966 1 0.00196893 -0.00104296
726.95 0.000963431 1 0.00187597 -0.000912536
727.39 0 1 0.00178934 -0.00178934
727.83 -0.000963494 1 0.00170671 -0.0026702
728.27 7.29503e-05 1 0.00162788 -0.00155493
728.71 0.00110933 1 0.00155265 -0.000443322
729.15 -0.00185435 1 0.00148086 -0.0033352
729.59 -0.00281809 1 0.00141232 -0.0042304
730.03 -0.000781888 1 0.00134688 -0.00212877
730.48 0.00125507 1 0.00128301 -2.7935e-05
730.92 0.00129115 1 0.0012234 6.77537e-05
731.36 0.000327167 1 0.00116646 -0.000839294
731.8 0.00136313 1 0.00111208 0.000251046
732.24 0.00239903 1 0.00106013 0.00133889
732.68 0.00043487 1 0.00101051 -0.000575641
733.12 0.00147066 1 0.000963108 0.000507548
733.56 0.00350638 1 0.000917822 0.00258856
734 0.00454205 1 0.00087456 0.00366749
734.44 0.00157767 1 0.000833233 0.000744436
734.89 0.00261404 1 0.000792877 0.00182116
735.33 0.00164954 1 0.000755205 0.000894332
735.77 0.00368498 1 0.000719221 0.00296576
736.21 0.00172038 1 0.000684852 0.00103552
736.65 0.000755713 1 0.000652029 0.000103685
737.09 0.005791 1 0.000620683 0.00517031
737.53 0.00282623 1 0.000590752 0.00223548
737.97 0.0028614 1 0.000562174 0.00229923
738.41 0.00289653 1 0.000534892 0.00236164
738.85 0.0049316 1 0.00050885 0.00442275
739.29 0.00196662 1 0.000483994 0.00148263
739.73 0.00400159 1 0.000460274 0.00354132
740.17 0.00103651 1 0.00043764 0.000598869
740.61 0.00107138 1 0.000416047 0.00065533
741.05 0.00410619 1 0.00039545 0.00371075
741.49 0.00314096 1 0.000375805 0.00276516
741.93 0.00217568 1 0.000357072 0.00181861
742.37 0.00321035 1 0.000339211 0.00287114
742.81 0.00524497 1 0.000322184 0.00492279
743.26 0.00528033 1 0.000305596 0.00497473
743.7 0.00231486 1 0.000290148 0.00202471
744.14 0.00134933 1 0.00027543 0.0010739
744.58 0.00338376 1 0.00026141 0.00312235
745.02 0.00241815 1 0.000248056 0.00217009
745.46 0.00445249 1 0.000235341 0.00421715
745.9 0.00148678 1 0.000223234 0.00126354
746.34 0.00452103 1 0.000211711 0.00430932
746.78 0.00455523 1 0.000200743 0.00435449
747.22 0.00258939 1 0.000190308 0.00239908
747.66 0.0016235 1 0.00018038 0.00144312
748.1 0.00265758 1 0.000170937 0.00248664
748.54 0.0016916 1 0.000161958 0.00152965
748.98 0.00172559 1 0.00015342 0.00157217
749.42 0.00275953 1 0.000145304 0.00261423
749.86 0.00579344 1 0.000137591 0.00565585
750.29 0.00382653 1 0.000130425 0.0036961
750.73 0.00386035 1 0.000123454 0.0037369
751.17 0.00189413 1 0.000116833 0.0017773
751.61 0.00392787 1 0.000110546 0.00381732
752.05 0.000961572 1 0.000104577 0.000856995
752.49 0.00299523 1 9.89103e-05 0.00289632
752.93 0.00202886 1 9.35328e-05 0.00193532
753.37 0.00406244 1 8.84303e-05 0.00397401
753.81 0.00409599 1 8.35898e-05 0.0040124
754.25 0.0031295 1 7.89988e-05 0.0030505
754.69 0.00616297 1 7.46453e-05 0.00608832
755.13 0.0041964 1 7.05179e-05 0.00412588
755.57 0.0042298 1 6.66057e-05 0.0041632
756.01 0.00226316 1 6.28982e-05 0.00220027
756.45 0.00329649 1 5.93854e-05 0.00323711
756.89 0.00332978 1 5.60578e-05 0.00327373
757.33 0.00336304 1 5.29063e-05 0.00331014
757.77 0.00439626 1 4.99222e-05 0.00434634
758.21 0.00242945 1 4.70971e-05 0.00238236
758.64 -0.000538142 1 4.44824e-05 -0.000582624
759.08 0.00449498 1 4.19488e-05 0.00445303
759.52 0.00352807 1 3.95518e-05 0.00348852
759.96 0.00356113 1 3.72845e-05 0.00352385
760.4 0.00459416 1 3.51402e-05 0.00455902
760.84 -0.000372842 1 3.31128e-05 -0.000405955
761.28 0.000660124 1 3.11961e-05 0.000628928
761.72 0.00369306 1 2.93847e-05 0.00366367
762.16 0.00372596 1 2.7673e-05 0.00369829
762.6 0.00275884 1 2.60559e-05 0.00273278
763.03 0.00379094 1 2.45622e-05 0.00376638
763.47 0.00382376 1 2.31179e-05 0.00380064
763.91 0.00285655 1 2.17542e-05 0.00283479
764.35 0.00388931 1 2.04669e-05 0.00386884
764.79 0.00292205 1 1.92521e-05 0.00290279
765.23 0.00495475 1 1.81058e-05 0.00493665
765.67 0.000987434 1 1.70244e-05 0.00097041
766.11 0.00302009 1 1.60044e-05 0.00300408
766.54 0.00305198 1 1.50638e-05 0.00303691
766.98 0.00308458 1 1.41558e-05 0.00307042
767.42 0.00611716 1 1.32999e-05 0.00610386
767.86 0.00414971 1 1.24933e-05 0.00413722
768.3 0.00318224 1 1.17334e-05 0.00317051
768.74 0.00121475 1 1.10174e-05 0.00120373
769.17 0.00124649 1 1.0358e-05 0.00123614
769.61 0.00327896 1 9.72225e-06 0.00326923
770.05 0.00231139 1 9.1237e-06 0.00230227
770.49 0.00634381 1 8.56031e-06 0.00633525
770.93 0.0013762 1 8.03014e-06 0.00136817
771.37 0.00540858 1 7.53132e-06 0.00540105
771.8 0.00344019 1 7.07244e-06 0.00343312
772.24 0.00147253 1 6.63053e-06 0.0014659
772.68 0.00350484 1 6.21501e-06 0.00349862
773.12 0.00153713 1 5.82439e-06 0.00153131
773.56 0.00356941 1 5.45724e-06 0.00356395
774 0.00360166 1 5.11223e-06 0.00359655
774.43 0.00263317 1 4.79524e-06 0.00262837
774.87 0.000665384 1 4.49034e-06 0.000660894
775.31 0.00269759 1 4.204e-06 0.00269338
775.75 0.00172977 1 3.93514e-06 0.00172584
776.19 0.00376194 1 3.68275e-06 0.00375826
776.62 0.00579336 1 3.4511e-06 0.00578991
777.06 0.0048255 1 3.2285e-06 0.00482227
777.5 0.00185762 1 3.01967e-06 0.0018546
777.94 0.00188972 1 2.82379e-06 0.0018869
778.37 0.00592108 1 2.64414e-06 0.00591844
778.81 0.00395316 1 2.47166e-06 0.00395069
779.25 0.00198523 1 2.30998e-06 0.00198292
779.69 0.00101728 1 2.15844e-06 0.00101512
780.13 0.00404931 1 2.01646e-06 0.0040473
780.56 8.06103e-05 1 1.88637e-06 7.87239e-05
781 0.00311262 1 1.76159e-06 0.00311086
781.44 0.00214462 1 1.64475e-06 0.00214298
781.88 0.00117662 1 1.53535e-06 0.00117508
782.31 0.00220787 1 1.4352e-06 0.00220643
782.75 0.00123984 1 1.33922e-06 0.0012385
783.19 0.0032718 1 1.24941e-06 0.00327055
783.63 0.00430375 1 1.1654e-06 0.00430258
784.06 0.00333496 1 1.08855e-06 0.00333387
784.5 0.00236689 1 1.01496e-06 0.00236588
784.94 0.00339882 1 9.46155e-07 0.00339787
785.37 0.00143001 1 8.83258e-07 0.00142912
785.81 0.00246192 1 8.23063e-07 0.00246109
786.25 0.00249382 1 7.6682e-07 0.00249305
786.69 0.00152571 1 7.1428e-07 0.001525
787.12 0.00355688 1 6.66287e-07 0.00355621
787.56 0.00258876 1 6.20394e-07 0.00258814
788 0.00562064 1 5.77548e-07 0.00562006
788.43 0.00365178 1 5.38434e-07 0.00365125
788.87 0.00568365 1 5.01054e-07 0.00568315
789.31 0.00571552 1 4.66177e-07 0.00571505
789.75 0.00174738 1 4.33643e-07 0.00174694
790.18 0.00577851 1 4.03966e-07 0.0057781
790.62 0.00181036 1 3.75627e-07 0.00180999
791.06 0.00384221 1 3.49208e-07 0.00384186
791.49 0.00687334 1 3.25124e-07 0.00687301
791.93 0.00190519 1 3.02139e-07 0.00190488
792.37 0.000937033 1 2.80724e-07 0.000936752
792.8 0.00496815 1 2.61213e-07 0.00496789
793.24 0 1 2.42605e-07 -2.42605e-07
793.68 0.00503185 1 2.25277e-07 0.00503162
794.11 0.00506297 1 2.095e-07 0.00506276
794.55 0.00309481 1 1.94462e-07 0.00309462
794.99 0.00412666 1 1.80467e-07 0.00412648
795.42 0.00615779 1 1.67733e-07 0.00615762
795.86 0.00618964 1 1.55601e-07 0.00618948
796.3 0.00422149 1 1.44319e-07 0.00422135
796.73 0.000252625 1 1.34058e-07 0.00025249
797.17 0.00128448 1 1.2429e-07 0.00128436
797.61 0.00231635 1 1.1521e-07 0.00231623
798.04 0.00234749 1 1.06958e-07 0.00234738
798.48 0.00137936 1 9.9106e-08 0.00137927
798.91 0.00341052 1 9.19723e-08 0.00341043
799.35 0.0034424 1 8.51874e-08 0.00344231
799.79 0.00147429 1 7.88875e-08 0.00147421
800.22 0.00750546 1 7.31672e-08 0.00750538
800.66 0.000537359 1 6.77299e-08 0.000537292
801.1 0.00256927 1 6.26844e-08 0.0025692
