500.34 -0.000636308 1 3.88307e-05 -0.000675138
500.8 0.00245544 1 4.13087e-05 0.00241413
501.25 -0.000454799 1 4.38762e-05 -0.000498675
501.71 -0.00236304 1 4.66553e-05 -0.0024097
502.17 -0.000271287 1 4.95992e-05 -0.000320886
502.62 -0.000181524 1 5.26474e-05 -0.000234171
503.08 -0.00108976 1 5.59444e-05 -0.00114571
503.53 0 1 5.93565e-05 -5.93565e-05
503.99 9.17595e-05 1 6.30455e-05 2.87139e-05
504.44 -0.000818476 1 6.68615e-05 -0.000885338
504.9 -0.00272672 1 7.09853e-05 -0.0027977
505.36 -0.000634961 1 7.53464e-05 -0.000710308
505.81 0.0014548 1 7.98543e-05 0.00137494
506.27 0.000546552 1 8.47225e-05 0.000461829
506.72 0.000636308 1 8.97522e-05 0.000546555
507.18 0.000728055 1 9.51812e-05 0.000632873
507.63 -0.0011822 1 0.000100788 -0.00128298
508.09 -9.04567e-05 1 0.000106837 -0.000197293
508.54 -0.00200072 1 0.00011308 -0.0021138
509 9.10145e-05 1 0.000119813 -2.87987e-05
509.45 0.000180745 1 0.00012676 5.39856e-05
509.91 -0.00172754 1 0.000134247 -0.00186178
510.36 0.00136218 1 0.000141969 0.00122022
510.82 0.00245389 1 0.000150288 0.0023036
511.27 0.0015436 1 0.000158862 0.00138473
511.73 0.00163529 1 0.000168096 0.00146719
512.19 0.00172697 1 0.000177826 0.00154915
512.64 0.00181665 1 0.000187848 0.00162881
513.1 -9.16785e-05 1 0.000198633 -0.000290311
513.55 0.000997986 1 0.000209736 0.00078825
514.01 0.00208963 1 0.000221678 0.00186796
514.46 0.00117928 1 0.000233967 0.000945312
514.92 0.00227091 1 0.000247179 0.00202373
515.37 0.00336053 1 0.000260768 0.00309976
515.83 0.000452135 1 0.00027537 0.000176765
516.28 0.00154174 1 0.000290381 0.00125136
516.73 -0.000368674 1 0.000306145 -0.00067482
517.19 0.000722893 1 0.000323072 0.000399821
517.64 0.00281246 1 0.000340462 0.002472
518.1 0.000903998 1 0.000359126 0.000544872
518.55 0.00199353 1 0.000378291 0.00161524
519.01 8.50466e-05 1 0.000398851 -0.000313804
519.46 0.000174554 1 0.000419953 -0.000245398
519.92 0.000266036 1 0.000442579 -0.000176543
520.37 0.000355513 1 0.00046579 -0.000110277
520.83 0.00144696 1 0.000490666 0.000956296
521.28 -0.000463593 1 0.000516174 -0.000979767
521.74 0.000627823 1 0.000543499 8.43239e-05
522.19 -0.000282766 1 0.000571504 -0.00085427
522.65 -0.000191387 1 0.000601488 -0.000792875
523.1 -0.00110201 1 0.000632205 -0.00173422
523.55 0.00198734 1 0.000664346 0.001323
524.01 0.00107867 1 0.000698735 0.000379933
524.46 0.00116799 1 0.000733938 0.000434048
524.92 -0.000740731 1 0.000771585 -0.00151232
525.37 0.00134855 1 0.000810104 0.000538443
525.83 0.00243979 1 0.000851278 0.00158851
526.28 0.00152902 1 0.000893385 0.000635639
526.73 0.00161824 1 0.000937372 0.000680867
527.19 0.00170941 1 0.000984357 0.000725058
527.64 0.00279858 1 0.00103237 0.00176621
528.1 0.00288971 1 0.00108363 0.00180608
528.55 0.00297884 1 0.001136 0.00184284
529.01 0.00306992 1 0.00119187 0.00187805
529.46 0.004159 1 0.00124892 0.00291008
529.91 0.00124805 1 0.00130841 -6.03615e-05
530.37 0.00233905 1 0.00137185 0.000967205
530.82 0.00242806 1 0.00143657 0.000991486
531.28 0.00251901 1 0.00150555 0.00101346
531.73 0.00260796 1 0.00157589 0.00103207
532.18 0.00469688 1 0.00164916 0.00304772
532.64 0.00378775 1 0.0017272 0.00206056
533.09 0.00187662 1 0.00180671 6.99102e-05
533.54 0.00196546 1 0.00188948 7.59831e-05
534 0.00405625 1 0.00197756 0.00207868
534.45 0.00514503 1 0.00206726 0.00307778
534.91 0.00423576 1 0.00216266 0.00207309
535.36 0.00432448 1 0.00225976 0.00206472
535.81 0.00241318 1 0.00236071 5.24664e-05
536.27 0.00250381 1 0.00246801 3.5798e-05
536.72 0.00359244 1 0.00257714 0.00101531
537.17 0.00468105 1 0.00269051 0.00199054
537.63 0.00477158 1 0.00281092 0.00196066
538.08 0.00886012 1 0.00293329 0.00592683
538.54 0.00595059 1 0.00306321 0.00288739
538.99 0.00803907 1 0.00319516 0.0048439
539.44 0.0061275 1 0.00333208 0.00279542
539.9 0.00821787 1 0.00347734 0.00474053
540.35 0.00630624 1 0.00362477 0.00268148
540.8 0.00539458 1 0.00377763 0.00161695
541.26 0.00848484 1 0.00393968 0.00454516
541.71 0.0075731 1 0.00410403 0.00346908
542.16 0.00966133 1 0.00427431 0.00538703
542.62 0.0117515 1 0.00445468 0.0072968
543.07 0.00883964 1 0.00463749 0.00420215
543.52 0.00992776 1 0.00482675 0.00510101
543.98 0.00901779 1 0.00502708 0.00399071
544.43 0.0101058 1 0.00522996 0.00487588
544.88 0.00819384 1 0.00543985 0.00275399
545.34 0.0112838 1 0.00566185 0.00562191
545.79 0.0113717 1 0.0058865 0.00548519
546.24 0.0114596 1 0.00611874 0.00534083
546.69 0.00954741 1 0.00635876 0.00318865
547.15 0.0106372 1 0.00661239 0.00402478
547.6 0.0127249 1 0.00686878 0.00585615
548.05 0.0128127 1 0.00713357 0.00567908
548.51 0.0139023 1 0.00741314 0.00648914
548.96 0.0159899 1 0.00769555 0.00829436
549.41 0.0140775 1 0.007987 0.00609051
549.86 0.0151651 1 0.00828769 0.00687737
550.32 0.0162545 1 0.00860485 0.00764966
550.77 0.014342 1 0.0089249 0.00541707
551.22 0.0154294 1 0.00925486 0.00617453
551.68 0.0165187 1 0.00960262 0.00691609
552.13 0.017606 1 0.00995328 0.00765276
552.58 0.0156933 1 0.0103145 0.0053788
553.03 0.0187806 1 0.0106866 0.008094
553.49 0.0158697 1 0.0110783 0.00479142
553.94 0.0179568 1 0.0114728 0.00648399
554.39 0.0190439 1 0.0118789 0.00716502
554.84 0.021131 1 0.0122967 0.0088343
555.3 0.0192199 1 0.0127361 0.00648383
555.75 0.0203068 1 0.0131782 0.00712861
556.2 0.0203937 1 0.0136328 0.00676095
556.65 0.0204806 1 0.0141 0.0063806
557.11 0.0235693 1 0.0145909 0.00897846
557.56 0.0236561 1 0.0150843 0.00857177
558.01 0.0247428 1 0.0155911 0.00915172
558.46 0.0248294 1 0.0161114 0.00871807
558.92 0.0249179 1 0.0166574 0.0082605
559.37 0.0260045 1 0.0172058 0.00879868
559.82 0.025091 1 0.0177684 0.00732259
560.27 0.0251774 1 0.0183454 0.00683202
560.72 0.0272638 1 0.018937 0.00832675
561.18 0.025352 1 0.0195572 0.00579485
561.63 0.0264383 1 0.0201791 0.00625921
562.08 0.0275245 1 0.0208163 0.00670824
562.53 0.0286107 1 0.021469 0.00714173
562.99 0.0286987 1 0.0221524 0.00654637
563.44 0.0297848 1 0.0228369 0.00694784
563.89 0.0308708 1 0.0235376 0.00733319
564.34 0.0309567 1 0.0242545 0.00670222
564.79 0.0330426 1 0.0249879 0.00805476
565.25 0.0331303 1 0.0257547 0.00737569
565.7 0.0332161 1 0.0265218 0.00669435
566.15 0.0343018 1 0.0273058 0.006996
566.6 0.0353875 1 0.028107 0.00728049
567.05 0.0354731 1 0.0289254 0.00654767
567.5 0.0365586 1 0.0297612 0.00679739
567.96 0.037646 1 0.0306337 0.00701224
568.41 0.0397314 1 0.0315051 0.00822625
568.86 0.0368167 1 0.0323943 0.0044224
569.31 0.036902 1 0.0333014 0.00360059
569.76 0.0379873 1 0.0342265 0.00376072
570.21 0.0410724 1 0.0351697 0.00590269
570.67 0.0381594 1 0.0361527 0.00200673
571.12 0.0402444 1 0.0371327 0.00311172
571.57 0.0423294 1 0.0381311 0.00419832
572.02 0.0434143 1 0.0391479 0.00426647
572.47 0.0424992 1 0.0401831 0.00231613
572.92 0.043584 1 0.0412367 0.00234726
573.37 0.0476687 1 0.0423088 0.00535985
573.83 0.0457552 1 0.0434239 0.0023313
574.28 0.0478398 1 0.0445334 0.00330635
574.73 0.0469243 1 0.0456615 0.00126285
575.18 0.0480088 1 0.0468079 0.00120083
575.63 0.0480931 1 0.0479728 0.000120317
576.08 0.0491775 1 0.0491561 2.13725e-05
576.53 0.0492617 1 0.0503577 -0.00109594
576.98 0.0523459 1 0.0515774 0.000768448
577.44 0.0524319 1 0.0528431 -0.000411209
577.89 0.0555159 1 0.0540994 0.00141648
578.34 0.0545999 1 0.0553737 -0.000773797
578.79 0.0546838 1 0.0566657 -0.00198192
579.24 0.0567676 1 0.0579753 -0.00120772
579.69 0.0588514 1 0.0593024 -0.000451053
580.14 0.0579351 1 0.0606468 -0.00271173
580.59 0.0600187 1 0.0620082 -0.00198955
581.04 0.0611022 1 0.0633865 -0.00228431
581.49 0.0631857 1 0.0647815 -0.00159578
581.95 0.0632709 1 0.0662244 -0.00295341
582.4 0.0663543 1 0.0676522 -0.00129791
582.85 0.0664375 1 0.0690959 -0.00265834
583.3 0.0665207 1 0.0705551 -0.00403441
583.75 0.0716038 1 0.0720296 -0.000425802
584.2 0.0706868 1 0.073519 -0.0028322
584.65 0.0717698 1 0.075023 -0.00325326
585.1 0.0748526 1 0.0765413 -0.00168863
585.55 0.0769354 1 0.0780734 -0.00113792
586 0.0750182 1 0.0796189 -0.00460076
586.45 0.0771008 1 0.0811775 -0.00407674
586.9 0.0791834 1 0.0827488 -0.00356542
587.35 0.0792658 1 0.0843322 -0.00506638
587.8 0.0823483 1 0.0859274 -0.00357915
588.25 0.0834306 1 0.0875338 -0.00410326
588.71 0.0865147 1 0.0891871 -0.00267246
589.16 0.0885968 1 0.0908148 -0.002218
589.61 0.0866789 1 0.0924523 -0.00577336
590.06 0.0897609 1 0.0940989 -0.004338
590.51 0.0908428 1 0.0957542 -0.00491137
590.96 0.0929247 1 0.0974176 -0.0044929
591.41 0.0960065 1 0.0990885 -0.00308202
591.86 0.0980881 1 0.100766 -0.00267812
592.31 0.0991697 1 0.10245 -0.0032806
592.76 0.101251 1 0.10414 -0.00288883
593.21 0.0993327 1 0.105835 -0.00650218
593.66 0.104414 1 0.107534 -0.00311999
594.11 0.106495 1 0.109237 -0.00274159
594.56 0.106576 1 0.110943 -0.00436633
595.01 0.109658 1 0.112651 -0.00299349
595.46 0.110739 1 0.114361 -0.0036224
595.91 0.114819 1 0.116072 -0.00125234
596.36 0.1139 1 0.117783 -0.00388258
596.81 0.117981 1 0.119493 -0.00151241
597.26 0.119062 1 0.121203 -0.00214108
597.71 0.121142 1 0.12291 -0.00176786
598.16 0.124223 1 0.124615 -0.000391974
598.61 0.124303 1 0.126316 -0.00201268
599.06 0.126383 1 0.128013 -0.00162921
599.51 0.128464 1 0.129704 -0.00124078
599.96 0.130544 1 0.13139 -0.000846644
600.41 0.130624 1 0.13307 -0.00244601
600.86 0.134704 1 0.134742 -3.80908e-05
601.31 0.135784 1 0.136406 -0.000622121
601.76 0.139863 1 0.138061 0.00180268
602.21 0.140943 1 0.139706 0.0012371
602.65 0.144021 1 0.141305 0.00271634
603.1 0.1411 1 0.142928 -0.00182795
603.55 0.14418 1 0.14454 -0.000360333
604 0.148259 1 0.146139 0.00211995
604.45 0.147338 1 0.147725 -0.000386344
604.9 0.149417 1 0.149296 0.000121524
605.35 0.153496 1 0.150852 0.00264429
605.8 0.153575 1 0.152393 0.00118266
606.25 0.153654 1 0.153917 -0.000262641
606.7 0.156733 1 0.155424 0.00130906
607.15 0.156811 1 0.156913 -0.000101559
607.6 0.15989 1 0.158384 0.00150615
608.05 0.159968 1 0.159836 0.000132812
608.5 0.163047 1 0.161268 0.00177904
608.95 0.164125 1 0.16268 0.0014454
609.39 0.165201 1 0.16404 0.0011614
609.84 0.166279 1 0.16541 0.000869175
610.29 0.168357 1 0.166759 0.00159864
610.74 0.169435 1 0.168085 0.00135023
611.19 0.167513 1 0.169389 -0.00187564
611.64 0.171591 1 0.170669 0.000921412
612.09 0.172668 1 0.171926 0.000741704
612.54 0.172746 1 0.17316 -0.000414483
612.99 0.174823 1 0.17437 0.000453084
613.44 0.1759 1 0.175556 0.000344583
613.88 0.175976 1 0.176692 -0.000716025
614.33 0.175053 1 0.17783 -0.00277688
614.78 0.17913 1 0.178943 0.00018638
615.23 0.179206 1 0.180033 -0.000826289
615.68 0.178283 1 0.181098 -0.00281502
616.13 0.17936 1 0.18214 -0.00278001
616.58 0.181436 1 0.183158 -0.00172154
617.03 0.181513 1 0.184153 -0.00263994
617.47 0.180587 1 0.185103 -0.004516
617.92 0.183663 1 0.186053 -0.00239003
618.37 0.18474 1 0.186982 -0.00224247
618.82 0.184815 1 0.187889 -0.00307401
619.27 0.183891 1 0.188777 -0.00488544
619.72 0.186967 1 0.189645 -0.00267762
620.17 0.186043 1 0.190494 -0.00445152
620.61 0.186117 1 0.191308 -0.0051916
621.06 0.187192 1 0.192125 -0.00493263
621.51 0.186267 1 0.192926 -0.00665889
621.96 0.188343 1 0.193714 -0.00537176
622.41 0.190418 1 0.19449 -0.00407274
622.86 0.189493 1 0.195256 -0.00576343
623.3 0.190566 1 0.195996 -0.00543046
623.75 0.192641 1 0.196747 -0.00410593
624.2 0.192715 1 0.197492 -0.00477654
624.65 0.19279 1 0.198234 -0.00544431
625.1 0.193864 1 0.198976 -0.0051114
625.54 0.192937 1 0.199702 -0.00676517
625.99 0.193011 1 0.200449 -0.00743765
626.44 0.197085 1 0.201202 -0.00411648
626.89 0.198159 1 0.201963 -0.00380421
627.34 0.198233 1 0.202737 -0.00450352
627.78 0.198305 1 0.203506 -0.00520112
628.23 0.202379 1 0.20431 -0.00193151
628.68 0.202452 1 0.205134 -0.00268192
629.13 0.202526 1 0.205981 -0.00345535
629.58 0.204599 1 0.206854 -0.00225487
630.02 0.204671 1 0.207735 -0.00306483
630.47 0.208744 1 0.208669 7.48145e-05
630.92 0.208816 1 0.209638 -0.000821064
631.37 0.211889 1 0.210645 0.00124428
631.81 0.21396 1 0.211671 0.00228977
632.26 0.213033 1 0.212764 0.000268805
632.71 0.218105 1 0.213906 0.00419932
633.16 0.216178 1 0.2151 0.00107807
633.61 0.21925 1 0.216348 0.00290184
634.05 0.22032 1 0.217625 0.00269553
634.5 0.222392 1 0.218991 0.00340127
634.95 0.227464 1 0.220421 0.00704277
635.4 0.226536 1 0.221919 0.00461711
635.84 0.230606 1 0.22345 0.00715548
636.29 0.230677 1 0.225089 0.0055888
636.74 0.232749 1 0.226802 0.00594696
637.18 0.234818 1 0.228552 0.00626665
637.63 0.237889 1 0.23042 0.00746933
638.08 0.24096 1 0.23237 0.00859035
638.53 0.240031 1 0.234403 0.00562794
638.97 0.2461 1 0.236473 0.009627
639.42 0.248171 1 0.238676 0.00949535
639.87 0.248241 1 0.240965 0.00727654
640.32 0.252312 1 0.243342 0.00896987
640.76 0.25638 1 0.245751 0.0106292
641.21 0.259451 1 0.248303 0.011148
641.66 0.261521 1 0.250942 0.0105789
642.1 0.263589 1 0.253606 0.00998243
642.55 0.267658 1 0.256417 0.0112417
643 0.269728 1 0.259312 0.0104162
643.44 0.272796 1 0.262223 0.0105732
643.89 0.276865 1 0.26528 0.0115857
644.34 0.279934 1 0.268414 0.0115201
644.79 0.281003 1 0.271624 0.0093795
645.23 0.284071 1 0.274831 0.00923956
645.68 0.28714 1 0.278178 0.00896144
646.13 0.290208 1 0.281588 0.00862013
646.57 0.293275 1 0.284979 0.00829664
647.02 0.298344 1 0.288499 0.00984509
647.47 0.300412 1 0.292066 0.00834609
647.91 0.301479 1 0.295594 0.00588487
648.36 0.303547 1 0.299236 0.00431054
648.81 0.308614 1 0.302906 0.0057083
649.25 0.311681 1 0.306514 0.00516619
649.7 0.312748 1 0.310217 0.0025308
650.15 0.317816 1 0.313925 0.00389053
650.59 0.319881 1 0.317547 0.00233453
651.04 0.321949 1 0.321239 0.000709757
651.48 0.322014 1 0.324828 -0.00281407
651.93 0.327081 1 0.328469 -0.00138797
652.38 0.333148 1 0.33207 0.00107793
652.82 0.335213 1 0.335543 -0.000329772
653.27 0.334279 1 0.339036 -0.00475623
653.72 0.337346 1 0.342459 -0.00511335
654.16 0.33441 1 0.34573 -0.0113191
654.61 0.339477 1 0.348986 -0.00950902
655.06 0.343542 1 0.352142 -0.00859918
655.5 0.345607 1 0.355121 -0.00951435
655.95 0.341672 1 0.358049 -0.016377
656.39 0.344736 1 0.360787 -0.0160503
656.84 0.356802 1 0.363448 -0.00664587
657.29 0.360867 1 0.365959 -0.00509176
657.73 0.356931 1 0.36826 -0.0113293
658.18 0.355996 1 0.370447 -0.0144511
658.62 0.359059 1 0.372413 -0.0133541
659.07 0.362124 1 0.37424 -0.0121164
659.52 0.361188 1 0.375872 -0.0146843
659.96 0.367251 1 0.377273 -0.0100219
660.41 0.367315 1 0.378498 -0.0111824
660.85 0.367378 1 0.379486 -0.0121078
661.3 0.369442 1 0.380275 -0.0108337
661.74 0.369504 1 0.380826 -0.0113222
662.19 0.371568 1 0.381158 -0.0095901
662.64 0.368631 1 0.38125 -0.0126191
663.08 0.370693 1 0.381105 -0.0104123
663.53 0.370756 1 0.380713 -0.00995705
663.97 0.372818 1 0.380089 -0.00727074
664.42 0.370881 1 0.379201 -0.00832005
664.86 0.371942 1 0.378088 -0.00614581
665.31 0.371005 1 0.376699 -0.00569384
665.75 0.371066 1 0.375094 -0.00402859
666.2 0.371128 1 0.373203 -0.00207495
666.65 0.36919 1 0.371059 -0.00186922
667.09 0.371251 1 0.368721 0.00252929
667.54 0.367313 1 0.366086 0.00122699
667.98 0.364373 1 0.363272 0.00110075
668.43 0.362434 1 0.360157 0.00227723
668.87 0.361494 1 0.356884 0.00461078
669.32 0.362556 1 0.353308 0.0092477
669.76 0.356615 1 0.349595 0.00702069
670.21 0.355676 1 0.345581 0.0100948
670.65 0.350736 1 0.341453 0.00928236
671.1 0.346796 1 0.33703 0.00976609
671.54 0.343855 1 0.332516 0.011339
671.99 0.337916 1 0.327715 0.0102006
672.43 0.334974 1 0.322848 0.0121262
672.88 0.331034 1 0.317704 0.0133305
673.32 0.325093 1 0.31252 0.0125728
673.77 0.323153 1 0.307071 0.0160816
674.21 0.317211 1 0.301608 0.0156022
674.66 0.30727 1 0.295895 0.0113751
675.1 0.305328 1 0.290194 0.0151335
675.55 0.297387 1 0.284259 0.0131284
675.99 0.291445 1 0.278362 0.0130828
676.44 0.283503 1 0.272247 0.0112564
676.88 0.27856 1 0.266196 0.0123642
677.33 0.271619 1 0.259946 0.011673
677.77 0.262676 1 0.253784 0.00889179
678.22 0.256734 1 0.247441 0.00929237
678.66 0.24979 1 0.241211 0.00857991
679.11 0.241848 1 0.234819 0.00702969
679.55 0.234905 1 0.22856 0.00634498
679.99 0.227961 1 0.222301 0.00565931
680.44 0.223018 1 0.215912 0.00710632
680.88 0.214074 1 0.209684 0.00439014
681.33 0.208131 1 0.203344 0.00478711
681.77 0.199186 1 0.197182 0.00200418
682.22 0.190243 1 0.190927 -0.000684699
682.66 0.184298 1 0.184866 -0.000568041
683.11 0.177354 1 0.17873 -0.00137571
683.55 0.172409 1 0.172799 -0.000390192
683.99 0.167464 1 0.166944 0.000520103
684.44 0.158519 1 0.161039 -0.00251969
684.88 0.150574 1 0.155354 -0.00478053
685.33 0.144629 1 0.149637 -0.00500733
685.77 0.137683 1 0.144145 -0.00646186
686.21 0.134737 1 0.138757 -0.00401945
686.66 0.128792 1 0.133356 -0.00456436
687.1 0.118846 1 0.128189 -0.00934296
687.55 0.1149 1 0.123022 -0.00812151
687.99 0.108953 1 0.118088 -0.00913513
688.44 0.106008 1 0.113168 -0.0071599
688.88 0.0970605 1 0.10848 -0.0114192
689.32 0.0941132 1 0.103916 -0.0098029
689.77 0.0911669 1 0.0993788 -0.00821187
690.21 0.0852193 1 0.0950705 -0.00985126
690.65 0.0802715 1 0.0908898 -0.0106183
691.1 0.0753247 1 0.0867464 -0.0114217
691.54 0.0723765 1 0.0828244 -0.0104479
691.99 0.0674294 1 0.0789455 -0.0115161
692.43 0.0654809 1 0.0752814 -0.00980051
692.87 0.0635323 1 0.0717437 -0.00821148
693.32 0.0585846 1 0.0682553 -0.00967068
693.76 0.0556356 1 0.0649697 -0.00933415
694.2 0.0506864 1 0.0618067 -0.0111203
694.65 0.0507382 1 0.0586966 -0.00795835
695.09 0.0467887 1 0.0557757 -0.00898698
695.53 0.042839 1 0.0529715 -0.0101324
695.98 0.0408903 1 0.0502218 -0.00933147
696.42 0.0389403 1 0.0476464 -0.00870613
696.86 0.0369901 1 0.0451804 -0.00819035
697.31 0.0360408 1 0.0427688 -0.00672796
697.75 0.0320903 1 0.0405159 -0.00842562
698.19 0.0311395 1 0.0383641 -0.00722459
698.64 0.0281897 1 0.0362651 -0.00807532
699.08 0.0262387 1 0.034309 -0.00807034
699.52 0.0262874 1 0.0324452 -0.00615782
699.97 0.0223371 1 0.0306314 -0.00829433
700.41 0.0213854 1 0.0289451 -0.00755964
700.85 0.0214337 1 0.0273419 -0.00590829
701.3 0.0164828 1 0.0257853 -0.00930248
701.74 0.0175306 1 0.0243411 -0.00681053
702.18 0.0145783 1 0.0229711 -0.00839286
702.63 0.0146269 1 0.0216436 -0.00701673
703.07 0.0116742 1 0.0204145 -0.00874036
703.51 0.0117213 1 0.0192508 -0.00752949
703.96 0.0127693 1 0.0181253 -0.00535593
704.4 0.0118161 1 0.0170851 -0.00526902
704.84 0.00886268 1 0.016102 -0.0072393
705.28 0.00890909 1 0.0151732 -0.00626414
705.73 0.00995637 1 0.014277 -0.00432059
706.17 0.00700241 1 0.0134505 -0.00644804
706.61 0.00804827 1 0.0126708 -0.00462254
707.06 0.00509499 1 0.0119195 -0.00682452
707.5 0.00614048 1 0.0112276 -0.00508713
707.94 0.00618579 1 0.0105758 -0.00438998
708.38 0.00223092 1 0.00996189 -0.00773097
708.83 0.00327688 1 0.00937121 -0.00609432
709.27 0.00432164 1 0.00882801 -0.00450637
709.71 0.00236621 1 0.00831691 -0.0059507
710.15 0.00141059 1 0.00783613 -0.00642554
710.6 0.0034558 1 0.00737402 -0.00391822
711.04 -0.00150019 1 0.00694946 -0.00844965
711.48 0.00154363 1 0.00655032 -0.00500669
711.92 0.000587271 1 0.00617512 -0.00558785
712.37 -0.00336829 1 0.0058147 -0.00918299
712.81 -0.000325031 1 0.00548372 -0.00580875
713.25 0.000718042 1 0.00517266 -0.00445462
713.69 0.000760927 1 0.00488032 -0.00411939
714.13 -0.00319638 1 0.00460556 -0.00780194
714.58 0.0018471 1 0.00434164 -0.00249455
715.02 -0.00011059 1 0.00409925 -0.00420985
715.46 -0.00406847 1 0.00387139 -0.00793986
715.9 -0.00302653 1 0.00365716 -0.00668369
716.35 -0.00298384 1 0.00345126 -0.0064351
716.79 -0.00094229 1 0.00326205 -0.00420434
717.23 9.90689e-05 1 0.00308405 -0.00298498
717.67 -0.00185976 1 0.00291656 -0.00477632
718.11 -0.00281879 1 0.00275891 -0.0055777
718.56 -0.00277708 1 0.00260722 -0.0053843
719 -0.0017365 1 0.00246764 -0.00420413
719.44 -0.0016961 1 0.00233614 -0.00403224
719.88 -0.000655904 1 0.00221222 -0.00286812
720.32 -0.0016159 1 0.0020954 -0.00371129
720.76 -0.00457609 1 0.00198523 -0.00656132
721.21 -0.00253557 1 0.001879 -0.00441458
721.65 -0.00249616 1 0.00178104 -0.0042772
722.09 -0.00345694 1 0.00168856 -0.0051455
722.53 -0.00241791 1 0.00160121 -0.00401912
722.97 -0.00237908 1 0.00151868 -0.00389776
723.41 -0.00234045 1 0.00144066 -0.00378111
723.86 -0.00230114 1 0.00136526 -0.0036664
724.3 -0.00226291 1 0.00129557 -0.00355848
724.74 -0.000224872 1 0.00122961 -0.00145449
725.18 -0.00218703 1 0.00116718 -0.00335421
725.62 -0.0041494 1 0.00110804 -0.00525744
726.06 -0.00211196 1 0.00105203 -0.00316398
726.5 0.000925284 1 0.000998938 -7.36535e-05
726.95 -3.68358e-05 1 0.000947496 -0.000984332
727.39 0 1 0.000899827 -0.000899827
727.83 -0.00196336 1 0.000854607 -0.00281797
728.27 -0.00192693 1 0.000811698 -0.00273863
728.71 -0.00089069 1 0.000770972 -0.00166166
729.15 -0.000854649 1 0.000732306 -0.00158695
729.59 -0.0018188 1 0.000695588 -0.00251439
730.03 -0.00278315 1 0.000660712 -0.00344386
730.48 -0.00374689 1 0.000626845 -0.00437373
730.92 -0.000711622 1 0.000595398 -0.00130702
731.36 -0.00267655 1 0.000565511 -0.00324206
731.8 -0.00264166 1 0.000537102 -0.00317876
732.24 0.00239304 1 0.000510095 0.00188294
732.68 0.00142755 1 0.000484417 0.000943133
733.12 -0.000538122 1 0.00046 -0.000998121
733.56 0.00149602 1 0.000436781 0.00105924
734 0.00352999 1 0.000414698 0.00311529
734.44 -0.00043623 1 0.000393696 -0.000829926
734.89 0.000598135 1 0.000373278 0.000224858
735.33 -0.000368443 1 0.000354299 -0.000722742
735.77 0.0036648 1 0.000336248 0.00332856
736.21 0.000697873 1 0.000319078 0.000378796
736.65 0.00273077 1 0.000302747 0.00242802
737.09 0.00476349 1 0.000287214 0.00447628
737.53 0.00379605 1 0.000272441 0.00352361
737.97 0.00182843 1 0.000258392 0.00157004
738.41 0.000860646 1 0.000245031 0.000615615
738.85 0.00389269 1 0.000232326 0.00366037
739.29 -0.00107542 1 0.000220246 -0.00129567
739.73 0.00295629 1 0.000208761 0.00274753
740.17 0.00098785 1 0.000197843 0.000790006
740.61 -0.000980757 1 0.000187465 -0.00116822
741.05 0.00505048 1 0.000177602 0.00487287
741.49 0.00108155 1 0.000168229 0.000913321
741.93 0.00211247 1 0.000159322 0.00195314
742.37 0.00114323 1 0.000150861 0.000992365
742.81 0.00117383 1 0.000142823 0.00103101
743.26 0.00320497 1 0.000135021 0.00306995
743.7 0.000235269 1 0.00012778 0.000107489
744.14 0.00226541 1 0.000120905 0.00214451
744.58 0.00129541 1 0.000114379 0.00118103
745.02 0.000325255 1 0.000108184 0.000217071
745.46 0.00235496 1 0.000102306 0.00225265
745.9 -0.00161549 1 9.67285e-05 -0.00171222
746.34 0.00441392 1 9.14374e-05 0.00432248
746.78 0.00444319 1 8.6419e-05 0.00435677
747.22 -0.000527687 1 8.16601e-05 -0.000609347
747.66 0.0025013 1 7.71482e-05 0.00242415
748.1 0.00153014 1 7.28711e-05 0.00145727
748.54 0.00155885 1 6.88176e-05 0.00149004
748.98 0.00358743 1 6.49767e-05 0.00352245
749.42 0.00161586 1 6.13379e-05 0.00155453
749.86 0.00464417 1 5.78913e-05 0.00458628
750.29 0.0026717 1 5.46996e-05 0.002617
750.73 0.00469975 1 5.16055e-05 0.00464814
751.17 0.00272766 1 4.86766e-05 0.00267899
751.61 0.00175545 1 4.59047e-05 0.00170955
752.05 0.00278311 1 4.32818e-05 0.00273983
752.49 0.00181064 1 4.08005e-05 0.00176984
752.93 -0.000161945 1 3.84537e-05 -0.000200399
753.37 0.00486534 1 3.62345e-05 0.00482911
753.81 0.000892509 1 3.41364e-05 0.000858372
754.25 -8.04453e-05 1 3.21532e-05 -0.000112598
754.69 0.00394648 1 3.0279e-05 0.0039162
755.13 0.00497329 1 2.85082e-05 0.00494478
755.57 0.00199999 1 2.68355e-05 0.00197315
756.01 2.65643e-05 1 2.52558e-05 1.30853e-06
756.45 5.30299e-05 1 2.37642e-05 2.92656e-05
756.89 0.00107938 1 2.23561e-05 0.00105703
757.33 0.00310563 1 2.10271e-05 0.0030846
757.77 0.00213176 1 1.97731e-05 0.00211199
758.21 0.00415778 1 1.859e-05 0.00413919
758.64 0.000183115 1 1.74987e-05 0.000165616
759.08 0.000208931 1 1.6445e-05 0.000192486
759.52 0.000234642 1 1.54516e-05 0.00021919
759.96 0.00126025 1 1.45152e-05 0.00124574
760.4 0.000285758 1 1.36327e-05 0.000272125
760.84 0.000311165 1 1.28013e-05 0.000298364
761.28 -0.000663526 1 1.2018e-05 -0.000675544
761.72 0.000361685 1 1.12804e-05 0.000350404
762.16 -0.0006132 1 1.05859e-05 -0.000623786
762.6 0.00341182 1 9.93204e-06 0.00340189
763.03 0.00343618 1 9.33025e-06 0.00342685
763.47 -0.000538981 1 8.7504e-06 -0.000547731
763.91 0.000485766 1 8.2049e-06 0.000477561
764.35 -0.00148958 1 7.69181e-06 -0.00149727
764.79 -0.000465008 1 7.20933e-06 -0.000472217
765.23 0.000559474 1 6.75571e-06 0.000552719
765.67 -0.000416129 1 6.32933e-06 -0.000422458
766.11 -0.000391815 1 5.92863e-06 -0.000397744
766.54 0.00163187 1 5.56046e-06 0.0016263
766.98 -0.00134398 1 5.20631e-06 -0.00134919
767.42 -0.00131991 1 4.87372e-06 -0.00132479
767.86 0.00170408 1 4.56142e-06 0.00169952
768.3 -0.00127201 1 4.26826e-06 -0.00127627
768.74 0.000751833 1 3.99312e-06 0.00074784
769.17 -0.00122494 1 3.74062e-06 -0.00122868
769.61 -0.000201249 1 3.49806e-06 -0.000204747
770.05 0.000822372 1 3.27055e-06 0.000819101
770.49 0.00484592 1 3.05721e-06 0.00484286
770.93 0.000869403 1 2.85719e-06 0.000866545
771.37 0.00189282 1 2.66971e-06 0.00189015
771.8 -8.43683e-05 1 2.49789e-06 -8.68662e-05
772.24 0.00193891 1 2.33303e-06 0.00193658
772.68 0.00196213 1 2.1786e-06 0.00195995
773.12 -0.00101471 1 2.03397e-06 -0.00101675
773.56 0.00300838 1 1.89856e-06 0.00300648
774 0.00203142 1 1.77179e-06 0.00202965
774.43 0.00105387 1 1.65575e-06 0.00105222
774.87 -0.00392321 1 1.54457e-06 -0.00392475
775.31 0.00209965 1 1.44055e-06 0.00209821
775.75 -0.000877536 1 1.34326e-06 -0.000878879
776.19 0.00014522 1 1.25228e-06 0.000143968
776.62 0.00316741 1 1.16909e-06 0.00316624
777.06 0.00119006 1 1.08947e-06 0.00118897
777.5 0.00221267 1 1.01505e-06 0.00221165
777.94 0.000235226 1 9.45527e-07 0.00023428
778.37 0.00325723 1 8.82008e-07 0.00325634
778.81 0.00227969 1 8.21259e-07 0.00227887
779.25 -0.00169789 1 7.64537e-07 -0.00169865
779.69 0.000324494 1 7.11585e-07 0.000323783
780.13 0.00134683 1 6.62163e-07 0.00134617
780.56 -0.00363137 1 6.1706e-07 -0.00363199
781 0.00139089 1 5.73969e-07 0.00139031
781.44 0.00141311 1 5.33777e-07 0.00141258
781.88 0.000435297 1 4.96297e-07 0.000434801
782.31 -0.00154305 1 4.62121e-07 -0.00154351
782.75 -0.00152093 1 4.29497e-07 -0.00152136
783.19 -0.000498844 1 3.99093e-07 -0.000499243
783.63 0.00152321 1 3.70765e-07 0.00152284
784.06 0.00154474 1 3.44956e-07 0.0015444
784.5 0.000566744 1 3.2034e-07 0.000566424
784.94 0.00458872 1 2.9742e-07 0.00458842
785.37 -0.00038983 1 2.7655e-07 -0.000390107
785.81 -0.000367904 1 2.56657e-07 -0.000368161
786.25 0.000653999 1 2.38147e-07 0.000653761
786.69 0.00367588 1 2.20925e-07 0.00367566
787.12 0.00269725 1 2.05258e-07 0.00269704
787.56 0.00271909 1 1.90337e-07 0.0027189
788 0.00174092 1 1.76465e-07 0.00174074
788.43 0.00176223 1 1.63852e-07 0.00176207
788.87 0.00178403 1 1.51848e-07 0.00178388
789.31 0.00280581 1 1.40694e-07 0.00280567
789.75 0.00182758 1 1.30332e-07 0.00182745
790.18 -0.00115115 1 1.2092e-07 -0.00115127
790.62 0.0008706 1 1.11969e-07 0.000870488
791.06 0.00289234 1 1.03659e-07 0.00289224
791.49 0.000913586 1 9.6115e-08 0.00091349
791.93 -0.00306468 1 8.89454e-08 -0.00306477
792.37 0.000957045 1 8.22936e-08 0.000956963
792.8 0.00297828 1 7.62587e-08 0.0029782
793.24 0 1 7.05269e-08 -7.05269e-08
793.68 0.00402172 1 6.52124e-08 0.00402166
794.11 0.00304295 1 6.03938e-08 0.00304289
794.55 0.00206468 1 5.58201e-08 0.00206463
794.99 0.00108641 1 5.15821e-08 0.00108636
795.42 0.00310766 1 4.7742e-08 0.00310761
795.86 0.0071294 1 4.40993e-08 0.00712936
796.3 0.00315115 1 4.07261e-08 0.00315111
796.73 -0.000827583 1 3.76715e-08 -0.00082762
797.17 0.00119419 1 3.47758e-08 0.00119415
797.61 0.00121597 1 3.2096e-08 0.00121594
798.04 0.00123727 1 2.96709e-08 0.00123724
798.48 0.00325908 1 2.73733e-08 0.00325906
798.91 0.00428041 1 2.52949e-08 0.00428039
799.35 0.00330226 1 2.33267e-08 0.00330223
799.79 -0.000675881 1 2.15071e-08 -0.000675903
800.22 0.0033455 1 1.98622e-08 0.00334548
800.66 -0.000632594 1 1.83054e-08 -0.000632612
801.1 0.00838933 1 1.68672e-08 0.00838931
