500.34 -0.00224122 1 6.62782e-05 -0.0023075
500.8 -0.00120644 1 7.04598e-05 -0.0012769
501.25 -0.00217241 1 7.47896e-05 -0.0022472
501.71 -0.00313763 1 7.94733e-05 -0.0032171
502.17 -0.00310284 1 8.44315e-05 -0.00318727
502.62 -0.00206881 1 8.95619e-05 -0.00215837
503.08 -0.00203403 1 9.51077e-05 -0.00212914
503.53 0 1 0.000100843 -0.000100843
503.99 -0.00196522 1 0.000107041 -0.00207226
504.44 6.88127e-05 1 0.000113447 -4.46346e-05
504.9 -0.0018964 1 0.000120366 -0.00201677
505.36 0.000138381 1 0.000127679 1.07024e-05
505.81 -0.00182759 1 0.000135233 -0.00196282
506.27 -0.00179281 1 0.000143386 -0.00193619
506.72 -0.00075878 1 0.000151804 -0.000910584
507.18 -0.001724 1 0.000160885 -0.00188488
507.63 -0.00168997 1 0.000170258 -0.00186023
508.09 -0.000655188 1 0.000180363 -0.000835551
508.54 -0.00162116 1 0.000190788 -0.00181195
509 0.000413619 1 0.000202024 0.000211596
509.45 -0.00255236 1 0.000213609 -0.00276596
509.91 -0.00151758 1 0.000226089 -0.00174366
510.36 -0.00148355 1 0.000238951 -0.0017225
510.82 -0.000448773 1 0.0002528 -0.000701574
511.27 -0.00141475 1 0.000267068 -0.00168182
511.73 -0.00237997 1 0.000282422 -0.0026624
512.19 0.000654802 1 0.000298594 0.000356209
512.64 -0.00131118 1 0.000315241 -0.00162642
513.1 -0.0022764 1 0.000333145 -0.00260955
513.55 -0.00224239 1 0.000351567 -0.00259395
514.01 -0.00120761 1 0.000371371 -0.00157898
514.46 0.000826402 1 0.000391739 0.000434663
514.92 -0.000138828 1 0.000413624 -0.000552452
515.37 0.00189519 1 0.000436122 0.00145906
515.83 -7.00469e-05 1 0.000460283 -0.00053033
516.28 -0.00203604 1 0.00048511 -0.00252115
516.73 0.000997973 1 0.000511168 0.000486806
517.19 -0.000967263 1 0.000539133 -0.0015064
517.64 -0.000933256 1 0.000567848 -0.0015011
518.1 0.00110151 1 0.000598651 0.000502854
518.55 0.000135509 1 0.000630265 -0.000494756
519.01 0.000170267 1 0.000664162 -0.000493895
519.46 -0.000795732 1 0.000698934 -0.00149467
519.92 0.000239022 1 0.0007362 -0.000497178
520.37 0.00027302 1 0.000774412 -0.000501392
520.83 -0.000692229 1 0.000815344 -0.00150757
521.28 -0.00265823 1 0.000857294 -0.00351553
521.74 -0.00162349 1 0.00090221 -0.0025257
522.19 0.000410503 1 0.000948223 -0.000537719
522.65 -0.000554753 1 0.000997464 -0.00155222
523.1 -0.00152077 1 0.00104788 -0.00256865
523.55 0.00151322 1 0.00110062 0.000412601
524.01 0.00154796 1 0.00115701 0.000390943
524.46 0.00158194 1 0.00121472 0.000367221
524.92 0.000616669 1 0.0012764 -0.000659726
525.37 0.00265065 1 0.00133948 0.00131117
525.83 0.00268537 1 0.00140687 0.0012785
526.28 0.00171935 1 0.00147577 0.000243579
526.73 0.00175332 1 0.00154771 0.000205609
527.19 0.00178804 1 0.00162451 0.000163524
527.64 0.000822002 1 0.00170297 -0.000880969
528.1 0.00285672 1 0.0017867 0.00107002
528.55 0.00389068 1 0.00187218 0.0020185
529.01 0.00192539 1 0.00196336 -3.79736e-05
529.46 0.00195934 1 0.00205642 -9.70723e-05
529.91 0.0019933 1 0.00215342 -0.000160126
530.37 0.002028 1 0.00225682 -0.000228819
530.82 0.00406195 1 0.00236226 0.00169968
531.28 0.00309664 1 0.0024746 0.000622047
531.73 0.00413059 1 0.0025891 0.00154148
532.18 0.00416452 1 0.00270833 0.0014562
532.64 0.00319921 1 0.00283526 0.000363955
533.09 0.00623315 1 0.00296455 0.0032686
533.54 0.00426707 1 0.00309907 0.00116801
534 0.00530175 1 0.00324218 0.00205957
534.45 0.00633568 1 0.00338784 0.00294783
534.91 0.00537035 1 0.00354273 0.00182762
535.36 0.00540427 1 0.00370031 0.00170396
535.81 0.00443818 1 0.00386407 0.000574109
536.27 0.00747285 1 0.00403808 0.00343476
536.72 0.00650675 1 0.00421498 0.00229177
537.17 0.00754066 1 0.00439869 0.00314196
537.63 0.00757531 1 0.00459376 0.00298155
538.08 0.0116092 1 0.00479192 0.00681729
538.54 0.0106439 1 0.00500222 0.00564163
538.99 0.0106777 1 0.00521576 0.00546198
539.44 0.00971163 1 0.00543726 0.00427437
539.9 0.0127463 1 0.00567216 0.00707411
540.35 0.0117801 1 0.00591049 0.00586965
540.8 0.00981402 1 0.00615753 0.00365648
541.26 0.0128486 1 0.00641933 0.00642931
541.71 0.0148825 1 0.00668477 0.00819774
542.16 0.0129164 1 0.0069597 0.00595668
542.62 0.015951 1 0.00725083 0.00870015
543.07 0.0139848 1 0.0075458 0.00643904
543.52 0.0150187 1 0.00785109 0.0071676
543.98 0.0140533 1 0.00817415 0.00587914
544.43 0.0150871 1 0.00850121 0.00658593
544.88 0.015121 1 0.00883948 0.0062815
545.34 0.0191556 1 0.00919716 0.00995841
545.79 0.0151894 1 0.009559 0.00563039
546.24 0.0182232 1 0.00993298 0.00829024
546.69 0.018257 1 0.0103194 0.00793766
547.15 0.0202916 1 0.0107276 0.00956405
547.6 0.0203254 1 0.0111401 0.00918533
548.05 0.0193592 1 0.011566 0.00779321
548.51 0.0203938 1 0.0120156 0.00837818
548.96 0.0224276 1 0.0124697 0.00995793
549.41 0.0244614 1 0.0129381 0.0115233
549.86 0.0224952 1 0.0134213 0.00907388
550.32 0.0265297 1 0.0139308 0.0125989
550.77 0.0245635 1 0.0144449 0.0101186
551.22 0.0245973 1 0.0149747 0.00962255
551.68 0.0256318 1 0.015533 0.0100988
552.13 0.0276656 1 0.0160958 0.0115697
552.58 0.0276993 1 0.0166755 0.0110238
553.03 0.0287331 1 0.0172724 0.0114607
553.49 0.0297676 1 0.0179007 0.0118669
553.94 0.0278013 1 0.0185335 0.00926788
554.39 0.0298351 1 0.0191845 0.0106506
554.84 0.0308688 1 0.0198542 0.0110146
555.3 0.0329033 1 0.0205584 0.0123449
555.75 0.033937 1 0.0212669 0.0126701
556.2 0.0319707 1 0.0219952 0.00997555
556.65 0.0350045 1 0.0227435 0.0122609
557.11 0.0350389 1 0.0235297 0.0115092
557.56 0.0360726 1 0.0243198 0.0117528
558.01 0.0391063 1 0.0251311 0.0139753
558.46 0.03714 1 0.0259639 0.0111761
558.92 0.0401744 1 0.0268379 0.0133366
559.37 0.0412081 1 0.0277153 0.0134928
559.82 0.0402418 1 0.0286154 0.0116264
560.27 0.0412755 1 0.0295384 0.0117371
560.72 0.0423091 1 0.0304847 0.0118244
561.18 0.0413436 1 0.0314765 0.00986706
561.63 0.0443772 1 0.0324709 0.0119063
562.08 0.0444109 1 0.0334897 0.0109212
562.53 0.0444445 1 0.034533 0.00991149
562.99 0.0484789 1 0.0356253 0.0128536
563.44 0.0505125 1 0.0367194 0.0137931
563.89 0.0505461 1 0.037839 0.0127071
564.34 0.0515798 1 0.0389845 0.0125952
564.79 0.0526134 1 0.0401562 0.0124572
565.25 0.0526477 1 0.0413811 0.0112666
565.7 0.0546813 1 0.0426065 0.0120749
566.15 0.0547149 1 0.0438588 0.0108562
566.6 0.0557485 1 0.0451382 0.0106103
567.05 0.0577821 1 0.0464452 0.0113369
567.5 0.0608157 1 0.0477798 0.0130359
567.96 0.05985 1 0.0491729 0.010677
568.41 0.0588835 1 0.0505642 0.00831935
568.86 0.0609171 1 0.0519837 0.00893334
569.31 0.0619506 1 0.0534318 0.00851884
569.76 0.0629842 1 0.0549085 0.00807566
570.21 0.0650177 1 0.056414 0.00860367
570.67 0.064052 1 0.057983 0.00606903
571.12 0.0650855 1 0.0595472 0.00553833
571.57 0.068119 1 0.0611406 0.00697844
572.02 0.0691525 1 0.0627633 0.00638925
572.47 0.070186 1 0.0644154 0.00577068
572.92 0.0702195 1 0.0660969 0.00412267
573.37 0.076253 1 0.0678078 0.00844519
573.83 0.0742872 1 0.0695873 0.00469993
574.28 0.0753207 1 0.0713579 0.00396277
574.73 0.0763542 1 0.0731581 0.00319611
575.18 0.0783876 1 0.0749877 0.00339997
575.63 0.0774211 1 0.0768467 0.000574419
576.08 0.0794545 1 0.078735 0.000719516
576.53 0.082488 1 0.0806526 0.00183536
576.98 0.0815214 1 0.0825993 -0.00107795
577.44 0.0865556 1 0.0846193 0.00193625
577.89 0.085589 1 0.0866245 -0.00103556
578.34 0.0876224 1 0.0886584 -0.00103604
578.79 0.0896558 1 0.0907208 -0.00106498
579.24 0.0896892 1 0.0928114 -0.00312217
579.69 0.0897226 1 0.0949299 -0.00520736
580.14 0.0937559 1 0.0970762 -0.00332026
580.59 0.0957893 1 0.0992499 -0.0034606
581.04 0.0978227 1 0.101451 -0.00362803
581.49 0.099856 1 0.103678 -0.00382223
581.95 0.10189 1 0.105983 -0.00409246
582.4 0.103923 1 0.108263 -0.00433962
582.85 0.104957 1 0.110569 -0.00561234
583.3 0.10699 1 0.1129 -0.00591018
583.75 0.111023 1 0.115256 -0.00423266
584.2 0.111057 1 0.117636 -0.0065793
584.65 0.11209 1 0.12004 -0.00794955
585.1 0.117123 1 0.122466 -0.00534288
585.55 0.118157 1 0.124915 -0.00675871
586 0.11819 1 0.127386 -0.00919644
586.45 0.121223 1 0.129879 -0.00865543
586.9 0.124256 1 0.132391 -0.00813504
587.35 0.12729 1 0.134924 -0.00763459
587.8 0.130323 1 0.137476 -0.00715336
588.25 0.131356 1 0.140047 -0.00869063
588.71 0.13539 1 0.142693 -0.00730262
589.16 0.139423 1 0.145298 -0.00587496
589.61 0.137456 1 0.14792 -0.0104634
590.06 0.14249 1 0.150557 -0.00806721
590.51 0.146523 1 0.153208 -0.00668543
590.96 0.147556 1 0.155873 -0.0083172
591.41 0.152589 1 0.158551 -0.00596164
591.86 0.155622 1 0.16124 -0.0056178
592.31 0.156656 1 0.16394 -0.00728473
592.76 0.159689 1 0.16665 -0.00696146
593.21 0.160722 1 0.169369 -0.008647
593.66 0.166755 1 0.172095 -0.00534031
594.11 0.167788 1 0.174828 -0.00704037
594.56 0.171821 1 0.177567 -0.00574611
595.01 0.174854 1 0.180311 -0.00545646
595.46 0.176887 1 0.183058 -0.00617031
595.91 0.18192 1 0.185807 -0.00388654
596.36 0.183953 1 0.188558 -0.00460403
596.81 0.188987 1 0.191308 -0.00232162
597.26 0.19002 1 0.194058 -0.00403815
597.71 0.193053 1 0.196805 -0.00375242
598.16 0.198086 1 0.199549 -0.00146326
598.61 0.200119 1 0.202288 -0.00216944
599.06 0.202152 1 0.205021 -0.00286975
599.51 0.205185 1 0.207748 -0.00256296
599.96 0.210218 1 0.210466 -0.000247829
600.41 0.211251 1 0.213174 -0.00192311
600.86 0.215284 1 0.215871 -0.000587541
601.31 0.218317 1 0.218557 -0.00023987
601.76 0.22235 1 0.221228 0.00112117
602.21 0.225383 1 0.223886 0.00149684
602.65 0.229415 1 0.226469 0.00294621
603.1 0.229448 1 0.229093 0.000354558
603.55 0.235481 1 0.231699 0.00378132
604 0.239513 1 0.234286 0.00522774
604.45 0.239546 1 0.236851 0.00269508
604.9 0.242579 1 0.239395 0.00318459
605.35 0.246612 1 0.241915 0.00469749
605.8 0.246645 1 0.24441 0.00223502
606.25 0.250678 1 0.246879 0.00379838
606.7 0.254711 1 0.249322 0.00538875
607.15 0.255744 1 0.251736 0.00400732
607.6 0.258776 1 0.254121 0.00465523
608.05 0.260809 1 0.256476 0.0043336
608.5 0.263842 1 0.258798 0.00504352
608.95 0.264875 1 0.261089 0.00378607
609.39 0.266907 1 0.263296 0.00361132
609.84 0.27094 1 0.265518 0.00542138
610.29 0.274972 1 0.267705 0.00726701
610.74 0.274005 1 0.269856 0.00414913
611.19 0.276038 1 0.271969 0.00406859
611.64 0.279071 1 0.274044 0.0050262
612.09 0.279103 1 0.276081 0.00302271
612.54 0.281136 1 0.278077 0.00305881
612.99 0.282169 1 0.280034 0.00213512
613.44 0.283201 1 0.281949 0.00125221
613.88 0.286233 1 0.283782 0.00245102
614.33 0.286266 1 0.285616 0.000650088
614.78 0.287299 1 0.287408 -0.00010888
615.23 0.290331 1 0.289157 0.00117435
615.68 0.289364 1 0.290864 -0.00150009
616.13 0.290397 1 0.292529 -0.00213216
616.58 0.293429 1 0.294151 -0.000721937
617.03 0.292462 1 0.295731 -0.0032696
617.47 0.294494 1 0.297236 -0.00274243
617.92 0.295526 1 0.298734 -0.00320781
618.37 0.292559 1 0.300191 -0.00763234
618.82 0.294591 1 0.301608 -0.00701671
619.27 0.297624 1 0.302986 -0.00536175
619.72 0.296656 1 0.304325 -0.00766844
620.17 0.300689 1 0.305627 -0.00493791
620.61 0.300721 1 0.306865 -0.00614442
621.06 0.300753 1 0.308097 -0.00734425
621.51 0.297786 1 0.309297 -0.0115112
621.96 0.298818 1 0.310465 -0.0116471
622.41 0.301851 1 0.311604 -0.00975391
622.86 0.302883 1 0.312717 -0.00983382
623.3 0.303915 1 0.313781 -0.009866
623.75 0.303947 1 0.314847 -0.0108999
624.2 0.30498 1 0.315894 -0.0109145
624.65 0.306012 1 0.316925 -0.0109128
625.1 0.307044 1 0.317942 -0.0108981
625.54 0.307076 1 0.318928 -0.011852
625.99 0.307108 1 0.31993 -0.0128215
626.44 0.309141 1 0.320929 -0.0117885
626.89 0.311173 1 0.32193 -0.0107572
627.34 0.311205 1 0.322937 -0.0117318
627.78 0.315237 1 0.323932 -0.0086946
628.23 0.315269 1 0.324963 -0.00969397
628.68 0.315302 1 0.326015 -0.010713
629.13 0.318334 1 0.327091 -0.00875674
629.58 0.319366 1 0.328196 -0.00883039
630.02 0.323398 1 0.329312 -0.00591429
630.47 0.32543 1 0.330493 -0.00506317
630.92 0.326462 1 0.331721 -0.00525854
631.37 0.330494 1 0.333001 -0.00250627
631.81 0.331526 1 0.334308 -0.00278268
632.26 0.331558 1 0.33571 -0.00415177
632.71 0.33759 1 0.337182 0.000408575
633.16 0.339622 1 0.33873 0.000892054
633.61 0.341654 1 0.340362 0.00129232
634.05 0.343686 1 0.342044 0.00164154
634.5 0.346718 1 0.34386 0.00285841
634.95 0.35075 1 0.345777 0.00497305
635.4 0.351782 1 0.347803 0.00397911
635.84 0.356813 1 0.349895 0.00691849
636.29 0.359846 1 0.352154 0.00769147
636.74 0.361878 1 0.35454 0.00733757
637.18 0.369909 1 0.357001 0.0129077
637.63 0.371941 1 0.359655 0.0122858
638.08 0.372973 1 0.362453 0.0105202
638.53 0.376005 1 0.365399 0.0106058
638.97 0.383036 1 0.368429 0.0146076
639.42 0.386068 1 0.371683 0.0143851
639.87 0.3891 1 0.3751 0.0140004
640.32 0.395132 1 0.378682 0.01645
640.76 0.396163 1 0.382348 0.0138152
641.21 0.402195 1 0.386267 0.0159282
641.66 0.405227 1 0.39036 0.0148675
642.1 0.413258 1 0.394531 0.0187277
642.55 0.41629 1 0.398971 0.0173197
643 0.424322 1 0.403587 0.0207354
643.44 0.427353 1 0.40827 0.0190828
643.89 0.432385 1 0.413233 0.0191517
644.34 0.438417 1 0.418369 0.0200478
644.79 0.441449 1 0.423675 0.0177736
645.23 0.44748 1 0.429024 0.0184555
645.68 0.454512 1 0.434656 0.0198559
646.13 0.458543 1 0.440444 0.0180991
646.57 0.462574 1 0.44625 0.0163239
647.02 0.470606 1 0.452331 0.0182747
647.47 0.474638 1 0.458549 0.0160888
647.91 0.477669 1 0.464752 0.0129166
648.36 0.487701 1 0.471214 0.016487
648.81 0.489732 1 0.477783 0.0119492
649.25 0.496763 1 0.4843 0.0124632
649.7 0.498795 1 0.491049 0.00774588
650.15 0.506826 1 0.49787 0.00895685
650.59 0.514857 1 0.504595 0.0102626
651.04 0.518889 1 0.511516 0.00737332
651.48 0.52292 1 0.51831 0.00460981
651.93 0.525951 1 0.525271 0.000680523
652.38 0.534983 1 0.532227 0.00275572
652.82 0.538014 1 0.539008 -0.000994109
653.27 0.542045 1 0.545903 -0.00385809
653.72 0.549077 1 0.552741 -0.00366398
654.16 0.549108 1 0.559352 -0.0102442
654.61 0.557139 1 0.566018 -0.00887889
655.06 0.561171 1 0.572568 -0.0113978
655.5 0.567201 1 0.578842 -0.0116408
655.95 0.570233 1 0.585105 -0.0148718
656.39 0.572264 1 0.591058 -0.0187948
656.84 0.576295 1 0.596954 -0.020659
657.29 0.582326 1 0.602634 -0.0203076
657.73 0.586357 1 0.60796 -0.0216032
658.18 0.589388 1 0.613155 -0.0237669
658.62 0.596419 1 0.61797 -0.0215507
659.07 0.60045 1 0.622604 -0.0221536
659.52 0.603482 1 0.626927 -0.023445
659.96 0.609512 1 0.630835 -0.0213227
660.41 0.615544 1 0.63449 -0.0189461
660.85 0.614574 1 0.637713 -0.0231383
661.3 0.623605 1 0.640635 -0.0170291
661.74 0.623636 1 0.643112 -0.0194758
662.19 0.627667 1 0.645243 -0.0175762
662.64 0.625698 1 0.646956 -0.0212574
663.08 0.630729 1 0.648214 -0.0174847
663.53 0.63376 1 0.649064 -0.0153036
663.97 0.630791 1 0.649459 -0.0186689
664.42 0.631822 1 0.649411 -0.0175892
664.86 0.635852 1 0.648914 -0.0130618
665.31 0.635883 1 0.647941 -0.0120573
665.75 0.633914 1 0.64653 -0.0126166
666.2 0.638945 1 0.644616 -0.00567165
666.65 0.635976 1 0.642225 -0.00624869
667.09 0.638006 1 0.639424 -0.00141758
667.54 0.636037 1 0.636089 -5.12842e-05
667.98 0.636068 1 0.63237 0.00369768
668.43 0.635099 1 0.628103 0.00699532
668.87 0.627129 1 0.623484 0.00364504
669.32 0.63016 1 0.618309 0.0118511
669.76 0.62219 1 0.612816 0.00937399
670.21 0.623221 1 0.606766 0.0164551
670.65 0.613251 1 0.600438 0.0128135
671.1 0.610282 1 0.593556 0.0167261
671.54 0.606312 1 0.586439 0.0198731
671.99 0.598343 1 0.578778 0.0195649
672.43 0.590373 1 0.570929 0.0194448
672.88 0.585404 1 0.562549 0.022855
673.32 0.577434 1 0.554029 0.023405
673.77 0.567465 1 0.545 0.0224656
674.21 0.560495 1 0.535879 0.0246161
674.66 0.547526 1 0.526273 0.0212534
675.1 0.541556 1 0.516626 0.0249298
675.55 0.529587 1 0.506522 0.0230652
675.99 0.519617 1 0.496428 0.023189
676.44 0.505648 1 0.485907 0.0197406
676.88 0.493678 1 0.475447 0.0182306
677.33 0.482708 1 0.464594 0.0181145
677.77 0.471738 1 0.45385 0.0178881
678.22 0.459769 1 0.442749 0.0170199
678.66 0.445799 1 0.431804 0.0139947
679.11 0.434829 1 0.420539 0.0142904
679.55 0.419859 1 0.409474 0.010385
679.99 0.406889 1 0.39838 0.00850941
680.44 0.39392 1 0.387022 0.00689788
680.88 0.38195 1 0.375924 0.00602537
681.33 0.36898 1 0.364601 0.00437881
681.77 0.35601 1 0.353574 0.00243584
682.22 0.34104 1 0.342359 -0.0013186
682.66 0.33107 1 0.331471 -0.000400781
683.11 0.315101 1 0.320431 -0.00533068
683.55 0.30413 1 0.309746 -0.00561532
683.99 0.29416 1 0.299182 -0.00502159
684.44 0.28419 1 0.288517 -0.00432665
684.88 0.27222 1 0.278239 -0.00601847
685.33 0.25825 1 0.267891 -0.00964067
685.77 0.24828 1 0.257946 -0.00966544
686.21 0.23931 1 0.24818 -0.00887019
686.66 0.22834 1 0.238388 -0.010048
687.1 0.21637 1 0.229013 -0.0126436
687.55 0.2084 1 0.219637 -0.0112375
687.99 0.197429 1 0.210684 -0.0132543
688.44 0.18846 1 0.201751 -0.0132916
688.88 0.177489 1 0.193242 -0.0157529
689.32 0.168519 1 0.184959 -0.0164405
689.77 0.160549 1 0.176726 -0.0161769
690.21 0.153578 1 0.16891 -0.0153318
690.65 0.145608 1 0.161329 -0.015721
691.1 0.137638 1 0.153819 -0.0161807
691.54 0.132667 1 0.146714 -0.0140466
691.99 0.123697 1 0.139692 -0.0159943
692.43 0.115727 1 0.133063 -0.0173365
692.87 0.110756 1 0.126669 -0.0159125
693.32 0.104786 1 0.120369 -0.0155825
693.76 0.0978155 1 0.114441 -0.0166254
694.2 0.0938448 1 0.10874 -0.0148951
694.65 0.0878748 1 0.103141 -0.0152659
695.09 0.083904 1 0.0978883 -0.0139843
695.53 0.0789333 1 0.0928519 -0.0139186
695.98 0.0739632 1 0.08792 -0.0139568
696.42 0.0689924 1 0.0833072 -0.0143148
696.86 0.0680216 1 0.0788965 -0.0108749
697.31 0.0650514 1 0.0745895 -0.00953804
697.75 0.0590806 1 0.0705722 -0.0114916
698.19 0.0561098 1 0.0667414 -0.0106316
698.64 0.0511395 1 0.0630105 -0.011871
699.08 0.0481686 1 0.0595398 -0.0113711
699.52 0.0451977 1 0.0562384 -0.0110407
699.97 0.0432275 1 0.0530313 -0.00980385
700.41 0.0402565 1 0.0500551 -0.00979854
700.85 0.0372855 1 0.0472308 -0.00994522
701.3 0.0343152 1 0.0444935 -0.0101782
701.74 0.0343442 1 0.0419589 -0.00761473
702.18 0.0303732 1 0.0395591 -0.00918587
702.63 0.0264028 1 0.037238 -0.0108352
703.07 0.0244317 1 0.0350934 -0.0106616
703.51 0.0254606 1 0.0330666 -0.00760599
703.96 0.0234902 1 0.0311102 -0.00762004
704.4 0.0225191 1 0.0293058 -0.00678675
704.84 0.0195479 1 0.0276036 -0.00805565
705.28 0.0185768 1 0.0259986 -0.00742179
705.73 0.0166062 1 0.0244526 -0.00784636
706.17 0.014635 1 0.0230297 -0.00839463
706.61 0.0176638 1 0.0216899 -0.00402607
707.06 0.0126932 1 0.0204011 -0.00770788
707.5 0.013722 1 0.0192163 -0.00549438
707.94 0.0117507 1 0.0181021 -0.00635136
708.38 0.00877939 1 0.0170543 -0.00827496
708.83 0.00880872 1 0.0160478 -0.00723912
709.27 0.00783738 1 0.0151236 -0.00728626
709.71 0.00786602 1 0.0142553 -0.00638927
710.15 0.00589464 1 0.0134395 -0.0075449
710.6 0.00692389 1 0.0126564 -0.00573255
711.04 0.00395247 1 0.0119378 -0.00798534
711.48 0.00798103 1 0.0112629 -0.00328186
711.92 0.00400957 1 0.010629 -0.00661946
712.37 0.00203874 1 0.0100206 -0.0079819
712.81 0.00406724 1 0.00946233 -0.00539509
713.25 0.00309572 1 0.0089379 -0.00584218
713.69 0.000124182 1 0.00844523 -0.00832105
714.13 0.000152621 1 0.00798233 -0.00782971
714.58 0.00118169 1 0.00753774 -0.00635606
715.02 0.00121009 1 0.00712941 -0.00591933
715.46 -0.00176154 1 0.00674549 -0.00850702
715.9 0.000266821 1 0.00638441 -0.00611759
716.35 -0.000704198 1 0.00603722 -0.00674142
716.79 0.000324119 1 0.00571796 -0.00539384
717.23 -0.000647585 1 0.00541738 -0.00606497
717.67 -0.00261931 1 0.00513429 -0.0077536
718.11 -0.00359105 1 0.00486755 -0.0084586
718.56 -0.00156218 1 0.00461057 -0.00617274
719 -0.00253397 1 0.00437376 -0.00690773
719.44 -0.00250577 1 0.00415034 -0.00665611
719.88 0.000522399 1 0.00393944 -0.00341704
720.32 -0.00244945 1 0.00374027 -0.00618972
720.76 -0.00342132 1 0.00355209 -0.00697341
721.21 -0.00239257 1 0.00337027 -0.00576284
721.65 -0.00336448 1 0.00320224 -0.00656673
722.09 -0.00433642 1 0.00304325 -0.00737967
722.53 -0.00230837 1 0.00289274 -0.00520111
722.97 -0.00428035 1 0.00275018 -0.00703053
723.41 -0.00325234 1 0.0026151 -0.00586744
723.86 -0.00222372 1 0.00248421 -0.00470793
724.3 -0.00419576 1 0.0023629 -0.00655866
724.74 -0.00216782 1 0.0022478 -0.00441562
725.18 -0.0031399 1 0.00213854 -0.00527844
725.62 -0.00111201 1 0.00203479 -0.0031468
726.06 -0.00208413 1 0.00193623 -0.00402036
726.5 -0.00105628 1 0.00184256 -0.00289884
726.95 -0.00202781 1 0.00175155 -0.00377936
727.39 0 1 0.00166698 -0.00166698
727.83 -0.00397221 1 0.00158653 -0.00555874
728.27 -0.00194444 1 0.00150998 -0.00345442
728.71 -0.000916695 1 0.00143713 -0.00235382
729.15 -0.00388897 1 0.00136777 -0.00525674
729.59 -0.00586126 1 0.00130173 -0.007163
730.03 -0.000833579 1 0.00123884 -0.00207242
730.48 -0.00380529 1 0.00117761 -0.00498289
730.92 -0.00177764 1 0.0011206 -0.00289824
731.36 -0.00275002 1 0.00106628 -0.0038163
731.8 -0.00272242 1 0.00101452 -0.00373694
732.24 0.00130516 1 0.000965197 0.000339965
732.68 -0.00266728 1 0.000918185 -0.00358546
733.12 -0.00363973 1 0.000873378 -0.00451311
733.56 0.000387789 1 0.000830668 -0.000442879
734 -0.000584708 1 0.000789959 -0.00137467
734.44 -0.00155722 1 0.000751154 -0.00230838
734.89 -0.00152914 1 0.000713346 -0.00224248
735.33 -0.00250169 1 0.000678129 -0.00317982
735.77 0.000525736 1 0.000644562 -0.000118826
736.21 -0.00244686 1 0.00061257 -0.00305943
736.65 -0.000419467 1 0.00058208 -0.00100155
737.09 0.0016079 1 0.000553024 0.00105488
737.53 -0.00136474 1 0.000525337 -0.00189008
737.97 -0.000337411 1 0.000498956 -0.000836367
738.41 -0.0013101 1 0.000473824 -0.00178392
738.85 -0.000282797 1 0.000449882 -0.00073268
739.29 -0.00125552 1 0.000427078 -0.0016826
739.73 0.00177175 1 0.000405361 0.00136638
740.17 -0.00020101 1 0.00038468 -0.00058569
740.61 -0.00117378 1 0.00036499 -0.00153877
741.05 0.000853428 1 0.000346246 0.000507182
741.49 0.000880622 1 0.000328405 0.000552217
741.93 -9.22017e-05 1 0.000311426 -0.000403627
742.37 -0.00106504 1 0.00029527 -0.00136031
742.81 0.000962101 1 0.0002799 0.000682201
743.26 0.00198984 1 0.000264956 0.00172489
743.7 0.00101695 1 0.000251068 0.000765886
744.14 4.40479e-05 1 0.000237863 -0.000193815
744.58 7.11257e-05 1 0.000225309 -0.000154183
745.02 0.00109819 1 0.000213376 0.000884811
745.46 0.00112523 1 0.000202036 0.000923198
745.9 -0.000847736 1 0.000191262 -0.001039
746.34 0.000179279 1 0.000181026 -1.74699e-06
746.78 0.00120628 1 0.000171305 0.00103497
747.22 -0.00176674 1 0.000162074 -0.00192881
747.66 -0.00173977 1 0.00015331 -0.00189308
748.1 0.000287188 1 0.000144991 0.000142197
748.54 0.00231413 1 0.000137096 0.00217703
748.98 0.000341053 1 0.000129605 0.000211447
749.42 0.00336796 1 0.000122499 0.00324546
749.86 0.00039486 1 0.00011576 0.0002791
750.29 -0.00257887 1 0.000109511 -0.00268838
750.73 0.001448 1 0.000103445 0.00134456
751.17 0.00347486 1 9.76956e-05 0.00337716
751.61 0.0025017 1 9.22471e-05 0.00240945
752.05 -0.000471477 1 8.70849e-05 -0.000558561
752.49 0.000555337 1 8.2195e-05 0.000473142
752.93 -0.000417862 1 7.7564e-05 -0.000495426
753.37 0.000608926 1 7.31792e-05 0.000535746
753.81 0.0006357 1 6.90283e-05 0.000566672
754.25 0.000662462 1 6.50997e-05 0.000597362
754.69 0.00168921 1 6.13823e-05 0.00162783
755.13 0.00471595 1 5.78654e-05 0.00465808
755.57 0.00074267 1 5.4539e-05 0.000688131
756.01 -0.000230618 1 5.13933e-05 -0.000282011
756.45 -0.000203919 1 4.84193e-05 -0.000252338
756.89 0.000822769 1 4.56082e-05 0.00077716
757.33 0.000849444 1 4.29515e-05 0.000806492
757.77 0.00287611 1 4.04414e-05 0.00283567
758.21 -9.72402e-05 1 3.80702e-05 -0.00013531
758.64 -0.0020712 1 3.58803e-05 -0.00210709
759.08 -4.45752e-05 1 3.3763e-05 -7.83382e-05
759.52 -1.79567e-05 1 3.17643e-05 -4.9721e-05
759.96 0.00100865 1 2.98777e-05 0.000978773
760.4 0.00203525 1 2.80975e-05 0.00200715
760.84 6.18332e-05 1 2.6418e-05 3.54152e-05
761.28 -0.00191159 1 2.48339e-05 -0.00193643
761.72 0.000114973 1 2.334e-05 9.16333e-05
762.16 0.00214153 1 2.19315e-05 0.0021196
762.6 0.00216807 1 2.06038e-05 0.00214747
763.03 0.002194 1 1.93802e-05 0.00217462
763.47 0.000220528 1 1.81997e-05 0.000202329
763.91 -0.00175296 1 1.70876e-05 -0.00177004
764.35 -0.00172645 1 1.60402e-05 -0.00174249
764.79 0.000300045 1 1.50539e-05 0.000284991
765.23 0.00232653 1 1.41254e-05 0.00231241
765.67 -0.00164699 1 1.32515e-05 -0.00166024
766.11 0.00237948 1 1.24291e-05 0.00236705
766.54 -0.000594664 1 1.16725e-05 -0.000606336
766.98 -0.00156821 1 1.09437e-05 -0.00157916
767.42 0.00045823 1 1.02583e-05 0.000447972
767.86 0.00248466 1 9.61392e-06 0.00247505
768.3 0.00151109 1 9.00816e-06 0.00150208
768.74 -0.00146249 1 8.43886e-06 -0.00147093
769.17 0.00256332 1 7.91573e-06 0.0025554
769.61 0.00158972 1 7.41249e-06 0.00158231
770.05 0.00261611 1 6.93983e-06 0.00260917
770.49 0.0046425 1 6.49599e-06 0.004636
770.93 -0.00033112 1 6.0793e-06 -0.0003372
771.37 0.00169525 1 5.68818e-06 0.00168956
771.8 -0.000278982 1 5.32923e-06 -0.000284312
772.24 -0.000252624 1 4.98437e-06 -0.000257609
772.68 -0.000226273 1 4.66087e-06 -0.000230934
773.12 0.00180007 1 4.35749e-06 0.00179571
773.56 0.00182641 1 4.07302e-06 0.00182234
774 -0.000147259 1 3.80635e-06 -0.000151066
774.43 -0.00112153 1 3.56192e-06 -0.00112509
774.87 0.00190479 1 3.32737e-06 0.00190146
775.31 0.0029311 1 3.10764e-06 0.00292799
775.75 -0.00104259 1 2.90183e-06 -0.00104549
776.19 0.000983709 1 2.7091e-06 0.000981
776.62 -0.000990593 1 2.53262e-06 -0.000993125
777.06 -0.0019643 1 2.36346e-06 -0.00196667
777.5 0.00206198 1 2.20515e-06 0.00205978
777.94 0.00108826 1 2.05703e-06 0.00108621
778.37 0.00211394 1 1.92151e-06 0.00211202
778.81 0.000140213 1 1.79172e-06 0.000138421
779.25 -0.00283352 1 1.67036e-06 -0.00283519
779.69 0.00219274 1 1.5569e-06 0.00219118
780.13 0.002219 1 1.45085e-06 0.00221755
780.56 -0.00175535 1 1.35393e-06 -0.0017567
781 0.000270901 1 1.2612e-06 0.00026964
781.44 -0.000702854 1 1.17458e-06 -0.000704029
781.88 -0.00167661 1 1.09369e-06 -0.00167771
782.31 0.000349027 1 1.01982e-06 0.000348007
782.75 -0.00262474 1 9.49203e-07 -0.00262569
783.19 0.000401491 1 8.83298e-07 0.000400607
783.63 0.000427717 1 8.21802e-07 0.000426896
784.06 0.00145335 1 7.65692e-07 0.00145258
784.5 0.00247957 1 7.12097e-07 0.00247885
784.94 0.000505784 1 6.62119e-07 0.000505122
785.37 -0.0014686 1 6.16547e-07 -0.00146921
785.81 -0.00144238 1 5.73045e-07 -0.00144296
786.25 -0.00141617 1 5.32504e-07 -0.00141671
786.69 0.000610034 1 4.9473e-07 0.000609539
787.12 0.00163564 1 4.60315e-07 0.00163518
787.56 -0.000338152 1 4.27491e-07 -0.00033858
788 0.00168805 1 3.96926e-07 0.00168765
788.43 0.000713655 1 3.69096e-07 0.000713285
788.87 0.000739853 1 3.42569e-07 0.000739511
789.31 0.00376605 1 3.17883e-07 0.00376573
789.75 -0.000207753 1 2.94917e-07 -0.000208048
790.18 0.000817846 1 2.74023e-07 0.000817572
790.62 0.00084404 1 2.54123e-07 0.000843786
791.06 0.00387023 1 2.3562e-07 0.00387
791.49 0.00189583 1 2.18797e-07 0.00189561
791.93 -0.00107798 1 2.02785e-07 -0.00107818
792.37 -0.00105179 1 1.87907e-07 -0.00105197
792.8 0.00297381 1 1.74388e-07 0.00297363
793.24 0 1 1.61528e-07 -1.61528e-07
793.68 0.00402619 1 1.49586e-07 0.00402604
794.11 0.00305179 1 1.38741e-07 0.00305165
794.55 0.00307798 1 1.28432e-07 0.00307785
794.99 -0.00089583 1 1.18865e-07 -0.000895949
795.42 0.00412977 1 1.10183e-07 0.00412966
795.86 0.00515596 1 1.01934e-07 0.00515586
796.3 0.00118215 1 9.42839e-08 0.00118206
796.73 -0.000792247 1 8.73453e-08 -0.000792334
797.17 0.000233949 1 8.07574e-08 0.000233869
797.61 0.00126015 1 7.46513e-08 0.00126007
798.04 0.00028575 1 6.91166e-08 0.000285681
798.48 0.00131195 1 6.38649e-08 0.00131189
798.91 0.00233756 1 5.91068e-08 0.0023375
799.35 -0.00063624 1 5.45937e-08 -0.000636294
799.79 0.000389966 1 5.0415e-08 0.000389916
800.22 0.00141558 1 4.66313e-08 0.00141553
800.66 -0.00155821 1 4.30447e-08 -0.00155825
801.1 0.000468001 1 3.9726e-08 0.000467962
