500.34 0.00120566 1 6.52139e-05 0.00114044
500.8 0.00232019 1 6.91834e-05 0.00225101
501.25 0.00143224 1 7.3285e-05 0.00135896
501.71 0.000546788 1 7.77128e-05 0.000469076
502.17 -0.000338666 1 8.23903e-05 -0.000421056
502.62 0.00277339 1 8.72204e-05 0.00268617
503.08 -0.00111206 1 9.2431e-05 -0.00120449
503.53 0 1 9.78091e-05 -9.78091e-05
503.99 0.00111455 1 0.000103608 0.00101094
504.44 0.00222661 1 0.000109591 0.00211702
504.9 0.000341156 1 0.00011604 0.000225116
505.36 0.0014557 1 0.000122841 0.00133286
505.81 0.00256776 1 0.000129853 0.0024379
506.27 -0.000317704 1 0.000137406 -0.000455111
506.72 -0.000205658 1 0.00014519 -0.000350847
507.18 0.00290888 1 0.000153569 0.00275531
507.63 0.00102091 1 0.000162201 0.000858712
508.09 0.00113544 1 0.000171489 0.000963946
508.54 0.000247463 1 0.000181053 6.64098e-05
509 0.00236197 1 0.00019134 0.00217063
509.45 0.00247399 1 0.000201926 0.00227206
509.91 0.000588481 1 0.000213309 0.000375172
510.36 0.00270048 1 0.000225017 0.00247546
510.82 0.00381496 1 0.0002376 0.00357736
511.27 -7.30643e-05 1 0.000250538 -0.000323603
511.73 0.00304139 1 0.000264436 0.00277696
512.19 0.00315584 1 0.000279045 0.0028768
512.64 0.000267788 1 0.000294056 -2.62675e-05
513.1 0.00238221 1 0.000310169 0.00207204
513.55 0.000494135 1 0.000326718 0.000167417
514.01 0.000608533 1 0.000344475 0.000264058
514.46 0.00372043 1 0.000362704 0.00335773
514.92 0.0008348 1 0.000382254 0.000452546
515.37 0.00394667 1 0.000402316 0.00354435
515.83 0.00106101 1 0.000423821 0.000637187
516.28 0.00317285 1 0.000445878 0.00272697
516.73 0.00128467 1 0.000468987 0.00081568
517.19 0.00139896 1 0.000493743 0.000905213
517.64 0.00251074 1 0.000519117 0.00199163
518.1 0.00362499 1 0.000546287 0.00307871
518.55 0.00373674 1 0.000574123 0.00316262
519.01 0.00185096 1 0.000603915 0.00124704
519.46 0.00496267 1 0.000634423 0.00432825
519.92 0.00107684 1 0.000667062 0.00040978
520.37 0.00218851 1 0.000700469 0.00148804
520.83 0.00430264 1 0.000736193 0.00356645
521.28 0.00241426 1 0.000772741 0.00164152
521.74 0.00152835 1 0.000811805 0.000716541
522.19 0.00363993 1 0.000851754 0.00278817
522.65 0.00275396 1 0.000894433 0.00185953
523.1 0.00286549 1 0.000938057 0.00192743
523.55 0.006977 1 0.000983608 0.00599339
524.01 0.00209095 1 0.00103224 0.00105871
524.46 0.00120241 1 0.00108191 0.000120494
524.92 0.00131631 1 0.00113492 0.000181388
525.37 0.00342771 1 0.00118904 0.00223867
525.83 0.00354155 1 0.00124677 0.00229478
526.28 0.0046529 1 0.00130568 0.00334721
526.73 0.00476421 1 0.0013671 0.00339711
527.19 0.00187797 1 0.00143256 0.000445404
527.64 0.00298922 1 0.00149932 0.0014899
528.1 0.00510291 1 0.00157045 0.00353246
528.55 0.0052141 1 0.00164295 0.00357115
529.01 0.00432773 1 0.00172016 0.00260757
529.46 0.00643886 1 0.00179883 0.00464002
529.91 0.00354995 1 0.00188071 0.00166924
530.37 0.00566347 1 0.00196785 0.00369563
530.82 0.0057745 1 0.00205657 0.00371793
531.28 0.00488795 1 0.00215094 0.00273702
531.73 0.00499891 1 0.00224697 0.00275193
532.18 0.00710982 1 0.00234682 0.004763
532.64 0.00722317 1 0.00245295 0.00477022
533.09 0.00733401 1 0.00256089 0.00477313
533.54 0.00744482 1 0.00267302 0.0047718
534 0.00655805 1 0.00279213 0.00376592
534.45 0.00866877 1 0.00291318 0.00575559
534.91 0.00478192 1 0.0030417 0.00174022
535.36 0.00589257 1 0.00317225 0.00272032
535.81 0.00700317 1 0.00330772 0.00369545
536.27 0.0081162 1 0.00345146 0.00466474
536.72 0.00722672 1 0.00359736 0.00362936
537.17 0.0093372 1 0.00374866 0.00558854
537.63 0.00945009 1 0.00390908 0.00554102
538.08 0.0105605 1 0.0040718 0.00648869
538.54 0.00967329 1 0.00424424 0.00542905
538.99 0.0117836 1 0.00441907 0.00736452
539.44 0.00789385 1 0.00460016 0.00329369
539.9 0.0130065 1 0.00479194 0.00821458
540.35 0.0101167 1 0.00498624 0.00513044
540.8 0.0092268 1 0.00518735 0.00403945
541.26 0.00933932 1 0.00540017 0.00393915
541.71 0.0134493 1 0.00561565 0.00783369
542.16 0.0135593 1 0.00583853 0.00772079
542.62 0.0146717 1 0.00607421 0.00859748
543.07 0.0137816 1 0.00631266 0.0074689
543.52 0.0128914 1 0.00655912 0.00633226
543.98 0.0140036 1 0.00681956 0.00718403
544.43 0.0131133 1 0.00708288 0.00603044
544.88 0.012223 1 0.00735485 0.00486814
545.34 0.016335 1 0.00764203 0.00869301
545.79 0.0144446 1 0.00793217 0.00651243
546.24 0.0135541 1 0.00823164 0.00532247
546.69 0.0136636 1 0.00854066 0.0051229
547.15 0.0157754 1 0.00886666 0.00690873
547.6 0.0168847 1 0.00919569 0.00768904
548.05 0.016994 1 0.00953498 0.00745904
548.51 0.0191057 1 0.00989265 0.00921302
548.96 0.0192148 1 0.0102534 0.00896145
549.41 0.018324 1 0.0106251 0.00769885
549.86 0.018433 1 0.011008 0.00742497
550.32 0.0215444 1 0.0114113 0.0101331
550.77 0.0196534 1 0.0118177 0.00783569
551.22 0.0207622 1 0.012236 0.00852625
551.68 0.0218735 1 0.0126762 0.00919726
552.13 0.0209822 1 0.0131195 0.00786276
552.58 0.0220909 1 0.0135754 0.00851549
553.03 0.0241995 1 0.0140443 0.0101552
553.49 0.0223105 1 0.0145373 0.00777318
553.94 0.023419 1 0.0150332 0.00838578
554.39 0.0265275 1 0.0155429 0.0109846
554.84 0.0266358 1 0.0160665 0.0105694
555.3 0.0247465 1 0.0166164 0.00813013
555.75 0.0258548 1 0.017169 0.00868573
556.2 0.0259629 1 0.0177364 0.00822654
556.65 0.027071 1 0.0183188 0.00875229
557.11 0.0291815 1 0.0189298 0.0102517
557.56 0.0282895 1 0.0195432 0.00874624
558.01 0.0303974 1 0.0201724 0.010225
558.46 0.0295052 1 0.0208175 0.00868769
558.92 0.0316153 1 0.0214937 0.0101216
559.37 0.034723 1 0.0221719 0.0125511
559.82 0.0328306 1 0.0228668 0.00996388
560.27 0.0339382 1 0.0235786 0.0103596
560.72 0.0340457 1 0.0243075 0.00973812
561.18 0.0351554 1 0.0250707 0.0100848
561.63 0.0362628 1 0.025835 0.0104277
562.08 0.03437 1 0.0266172 0.00775277
562.53 0.0354772 1 0.0274175 0.00805969
562.99 0.0365867 1 0.0282544 0.00833227
563.44 0.0376937 1 0.0290918 0.00860191
563.89 0.0388006 1 0.0299478 0.0088528
564.34 0.0399075 1 0.0308228 0.00908477
564.79 0.0410143 1 0.0317167 0.00929761
565.25 0.0411234 1 0.0326504 0.008473
565.7 0.04123 1 0.0335834 0.00764663
566.15 0.0413366 1 0.034536 0.00680062
566.6 0.0444431 1 0.0355083 0.0089348
567.05 0.0445495 1 0.0365004 0.00804902
567.5 0.0456558 1 0.0375126 0.00814315
567.96 0.0467644 1 0.0385681 0.00819624
568.41 0.0468705 1 0.0396212 0.00724933
568.86 0.0469766 1 0.0406947 0.00628194
569.31 0.0470826 1 0.0417886 0.00529397
569.76 0.0491885 1 0.0429032 0.00628532
570.21 0.0502943 1 0.0440384 0.00625591
570.67 0.0494024 1 0.0452203 0.00418209
571.12 0.051508 1 0.0463975 0.00511047
571.57 0.0516136 1 0.0475957 0.0040179
572.02 0.0547191 1 0.0488147 0.00590433
572.47 0.0538244 1 0.0500547 0.00376973
572.92 0.0549297 1 0.0513156 0.00361409
573.37 0.0590349 1 0.0525975 0.00643741
573.83 0.0571424 1 0.0539296 0.00321283
574.28 0.0592474 1 0.0552538 0.00399362
574.73 0.0573524 1 0.0565989 0.000753436
575.18 0.0614572 1 0.0579649 0.00349232
575.63 0.060562 1 0.0593516 0.00121034
576.08 0.0616666 1 0.0607591 0.00090758
576.53 0.0617712 1 0.0621871 -0.000415875
576.98 0.0628757 1 0.0636356 -0.000759912
577.44 0.0679824 1 0.0651374 0.00284504
577.89 0.0650867 1 0.0666269 -0.00154023
578.34 0.0661909 1 0.0681365 -0.00194565
578.79 0.068295 1 0.0696661 -0.00137106
579.24 0.068399 1 0.0712153 -0.00281627
579.69 0.0705029 1 0.072784 -0.00228108
580.14 0.0716067 1 0.074372 -0.00276526
580.59 0.0737104 1 0.075979 -0.00226857
581.04 0.073814 1 0.0776048 -0.00379077
581.49 0.0739176 1 0.0792491 -0.00533157
581.95 0.0760233 1 0.0809488 -0.00492554
582.4 0.0781266 1 0.0826297 -0.00450307
582.85 0.0812298 1 0.0843281 -0.00309827
583.3 0.0823329 1 0.0860437 -0.00371081
583.75 0.0844359 1 0.0877763 -0.00334033
584.2 0.0855389 1 0.0895253 -0.00398644
584.65 0.0866417 1 0.0912904 -0.00464875
585.1 0.0887444 1 0.0930712 -0.00432684
585.55 0.089847 1 0.0948673 -0.00502029
586 0.0899495 1 0.0966781 -0.00672864
586.45 0.0920519 1 0.0985033 -0.00645144
586.9 0.0941542 1 0.100342 -0.00618818
587.35 0.0952563 1 0.102195 -0.00693837
587.8 0.0993584 1 0.10406 -0.00470149
588.25 0.0994604 1 0.105937 -0.006477
588.71 0.101565 1 0.107869 -0.00630419
589.16 0.106666 1 0.109769 -0.00310305
589.61 0.105768 1 0.11168 -0.00591256
590.06 0.106869 1 0.113602 -0.00673212
590.51 0.109971 1 0.115532 -0.00556112
590.96 0.111072 1 0.117471 -0.00639891
591.41 0.114173 1 0.119418 -0.00524484
591.86 0.115274 1 0.121373 -0.00609824
592.31 0.119375 1 0.123334 -0.00395841
592.76 0.119476 1 0.125301 -0.00582467
593.21 0.120577 1 0.127273 -0.00669629
593.66 0.125678 1 0.12925 -0.00357255
594.11 0.126778 1 0.131231 -0.0044527
594.56 0.128879 1 0.133215 -0.00433599
595.01 0.130979 1 0.135201 -0.00422165
595.46 0.133079 1 0.137188 -0.00410889
595.91 0.134179 1 0.139176 -0.00499693
596.36 0.137279 1 0.141164 -0.00388497
596.81 0.140379 1 0.143151 -0.00277218
597.26 0.143479 1 0.145136 -0.00165774
597.71 0.143578 1 0.147119 -0.00354083
598.16 0.145678 1 0.149098 -0.00342061
598.61 0.148777 1 0.151073 -0.00229621
599.06 0.149876 1 0.153043 -0.00316681
599.51 0.151975 1 0.155007 -0.00303152
599.96 0.155074 1 0.156964 -0.00188949
600.41 0.157173 1 0.158913 -0.00173985
600.86 0.160272 1 0.160854 -0.000581734
601.31 0.16137 1 0.162785 -0.00141426
601.76 0.166469 1 0.164705 0.00176344
602.21 0.167567 1 0.166615 0.000952233
602.65 0.170663 1 0.16847 0.00219285
603.1 0.169761 1 0.170355 -0.000593847
603.55 0.172859 1 0.172226 0.000633141
604 0.175957 1 0.174083 0.00187467
604.45 0.176055 1 0.175923 0.00013158
604.9 0.177153 1 0.177748 -0.000595278
605.35 0.18325 1 0.179555 0.00369492
605.8 0.183347 1 0.181344 0.002003
606.25 0.183445 1 0.183115 0.000329764
606.7 0.188542 1 0.184866 0.003676
607.15 0.189639 1 0.186596 0.00304247
607.6 0.189735 1 0.188306 0.00142994
608.05 0.188832 1 0.189993 -0.00116086
608.5 0.194929 1 0.191658 0.00327076
608.95 0.194025 1 0.1933 0.000725486
609.39 0.198119 1 0.194882 0.00323752
609.84 0.198215 1 0.196476 0.00173984
610.29 0.200311 1 0.198044 0.00226711
610.74 0.199407 1 0.199587 -0.000180129
611.19 0.201503 1 0.201104 0.000398647
611.64 0.203599 1 0.202595 0.0010039
612.09 0.205694 1 0.204058 0.00163606
612.54 0.207789 1 0.205494 0.00229549
612.99 0.205885 1 0.206902 -0.00101748
613.44 0.20798 1 0.208282 -0.000302589
613.88 0.208073 1 0.209605 -0.00153199
614.33 0.209167 1 0.210929 -0.00176142
614.78 0.212262 1 0.212224 3.74574e-05
615.23 0.213356 1 0.213492 -0.000135343
615.68 0.214451 1 0.214731 -0.000279877
616.13 0.212545 1 0.215941 -0.00339628
616.58 0.213639 1 0.217124 -0.00348476
617.03 0.215733 1 0.218279 -0.00254562
617.47 0.217825 1 0.219381 -0.00155656
617.92 0.218918 1 0.220482 -0.00156401
618.37 0.221012 1 0.221557 -0.000545263
618.82 0.219105 1 0.222606 -0.00350098
619.27 0.218198 1 0.22363 -0.00543194
619.72 0.219291 1 0.22463 -0.00533902
620.17 0.219384 1 0.225608 -0.00622321
620.61 0.222475 1 0.226542 -0.00406668
621.06 0.223568 1 0.227477 -0.00390896
621.51 0.22166 1 0.228392 -0.00673199
621.96 0.222752 1 0.22929 -0.00653723
622.41 0.222845 1 0.230171 -0.00732627
622.86 0.224937 1 0.231037 -0.00610082
623.3 0.225026 1 0.231872 -0.00684592
623.75 0.225118 1 0.232715 -0.00759739
624.2 0.22721 1 0.23355 -0.00634025
624.65 0.227301 1 0.234378 -0.00707675
625.1 0.229392 1 0.235202 -0.00580928
625.54 0.228481 1 0.236005 -0.00752408
625.99 0.229572 1 0.236829 -0.00725625
626.44 0.233663 1 0.237655 -0.0039923
626.89 0.231754 1 0.238489 -0.00673514
627.34 0.231844 1 0.239332 -0.00748778
627.78 0.235932 1 0.240169 -0.00423621
628.23 0.237023 1 0.24104 -0.00401764
628.68 0.238113 1 0.241931 -0.00381861
629.13 0.237202 1 0.242845 -0.0056426
629.58 0.241292 1 0.243785 -0.0024932
630.02 0.24338 1 0.244734 -0.00135415
630.47 0.244469 1 0.245737 -0.00126828
630.92 0.245558 1 0.246778 -0.0012202
631.37 0.248647 1 0.247861 0.000786189
631.81 0.249734 1 0.248964 0.00077056
632.26 0.248823 1 0.25014 -0.00131716
632.71 0.253911 1 0.25137 0.00254158
633.16 0.255 1 0.252657 0.00234277
633.61 0.256088 1 0.254006 0.0020824
634.05 0.259174 1 0.255388 0.00378669
634.5 0.259262 1 0.256869 0.00239288
634.95 0.26335 1 0.258424 0.00492579
635.4 0.267437 1 0.260056 0.00738161
635.84 0.267523 1 0.261729 0.00579368
636.29 0.27261 1 0.263524 0.00908629
636.74 0.274697 1 0.265406 0.00929118
637.18 0.277782 1 0.267334 0.010448
637.63 0.277869 1 0.269399 0.00846999
638.08 0.281955 1 0.27156 0.0103951
638.53 0.283042 1 0.273821 0.00922072
638.97 0.288126 1 0.27613 0.0119962
639.42 0.290212 1 0.278594 0.0116183
639.87 0.291298 1 0.281163 0.0101347
640.32 0.296384 1 0.28384 0.012544
640.76 0.299467 1 0.286561 0.0129062
641.21 0.303553 1 0.289452 0.0141007
641.66 0.302638 1 0.292452 0.010186
642.1 0.307721 1 0.295491 0.0122304
642.55 0.309806 1 0.298706 0.0111003
643 0.31289 1 0.302028 0.0108624
643.44 0.316973 1 0.305379 0.0115939
643.89 0.321057 1 0.308909 0.012148
644.34 0.326141 1 0.312541 0.0136002
644.79 0.328225 1 0.316272 0.0119537
645.23 0.333307 1 0.320011 0.013296
645.68 0.334391 1 0.323926 0.0104649
646.13 0.336474 1 0.327927 0.00854708
646.57 0.343556 1 0.331918 0.0116374
647.02 0.344639 1 0.336075 0.00856385
647.47 0.350722 1 0.340301 0.0104205
647.91 0.352802 1 0.344494 0.0083084
648.36 0.355885 1 0.348837 0.00704774
648.81 0.359967 1 0.353228 0.00673921
649.25 0.363048 1 0.357559 0.00548819
649.7 0.36513 1 0.362019 0.00311018
650.15 0.370211 1 0.366501 0.00371076
650.59 0.376291 1 0.370893 0.00539785
651.04 0.379372 1 0.375387 0.00398548
651.48 0.382452 1 0.379772 0.00267996
651.93 0.383533 1 0.384236 -0.000703563
652.38 0.388614 1 0.388669 -5.5679e-05
652.82 0.391693 1 0.392962 -0.00126945
653.27 0.390773 1 0.397298 -0.00652464
653.72 0.393853 1 0.401566 -0.0077127
654.16 0.395932 1 0.405662 -0.00973086
654.61 0.404012 1 0.409761 -0.00574941
655.06 0.404091 1 0.413755 -0.00966341
655.5 0.406169 1 0.417546 -0.0113771
655.95 0.406248 1 0.421295 -0.0150468
656.39 0.408326 1 0.424823 -0.0164974
656.84 0.413405 1 0.428278 -0.0148732
657.29 0.420483 1 0.431565 -0.0110818
657.73 0.42156 1 0.434606 -0.0130457
658.18 0.422638 1 0.437526 -0.0148878
658.62 0.423715 1 0.440186 -0.0164707
659.07 0.426793 1 0.442693 -0.0159006
659.52 0.429871 1 0.444976 -0.0151057
659.96 0.432946 1 0.446981 -0.0140343
660.41 0.437024 1 0.448788 -0.0117643
660.85 0.434099 1 0.450309 -0.0162099
661.3 0.439176 1 0.451604 -0.0124281
661.74 0.440251 1 0.452608 -0.0123571
662.19 0.440328 1 0.45336 -0.0130316
662.64 0.440404 1 0.453825 -0.0134208
663.08 0.443479 1 0.453998 -0.0105196
663.53 0.441555 1 0.453882 -0.0123275
663.97 0.443629 1 0.453477 -0.00984857
664.42 0.442704 1 0.452762 -0.0100577
664.86 0.441778 1 0.451765 -0.0099872
665.31 0.443853 1 0.45044 -0.00658669
665.75 0.441927 1 0.448844 -0.00691736
666.2 0.444001 1 0.446905 -0.00290318
666.65 0.443076 1 0.444655 -0.00157935
667.09 0.443149 1 0.442158 0.000990696
667.54 0.441223 1 0.439301 0.00192134
667.98 0.440295 1 0.436216 0.00407913
668.43 0.438369 1 0.432765 0.00560347
668.87 0.434441 1 0.429108 0.00533291
669.32 0.432514 1 0.425083 0.00743122
669.76 0.431585 1 0.420876 0.0107099
670.21 0.426658 1 0.416302 0.0103562
670.65 0.421729 1 0.411574 0.0101558
671.1 0.417802 1 0.406484 0.0113181
671.54 0.416873 1 0.401268 0.0156048
671.99 0.412945 1 0.395699 0.0172461
672.43 0.404015 1 0.390034 0.0139811
672.88 0.398086 1 0.384027 0.0140595
673.32 0.394156 1 0.377956 0.0161999
673.77 0.387227 1 0.371558 0.0156695
674.21 0.380297 1 0.365128 0.0151689
674.66 0.372368 1 0.358387 0.0139808
675.1 0.368437 1 0.351647 0.0167899
675.55 0.356507 1 0.344614 0.0118926
675.99 0.353576 1 0.337615 0.0159602
676.44 0.347645 1 0.330345 0.0173006
676.88 0.337714 1 0.323139 0.0145745
677.33 0.327783 1 0.315684 0.0120988
677.77 0.319851 1 0.308325 0.0115261
678.22 0.31192 1 0.300739 0.0111805
678.66 0.302987 1 0.293278 0.00970899
679.11 0.292056 1 0.285615 0.00644051
679.55 0.287123 1 0.278104 0.00901892
679.99 0.276189 1 0.270586 0.00560364
680.44 0.268257 1 0.262902 0.00535496
680.88 0.258323 1 0.255407 0.00291667
681.33 0.252391 1 0.24777 0.00462077
681.77 0.241457 1 0.240343 0.00111387
682.22 0.232524 1 0.232798 -0.000274323
682.66 0.226589 1 0.225481 0.00110775
683.11 0.215656 1 0.21807 -0.00241434
683.55 0.21072 1 0.210903 -0.00018215
683.99 0.200785 1 0.203822 -0.00303721
684.44 0.194851 1 0.19668 -0.00182853
684.88 0.185915 1 0.189799 -0.00388418
685.33 0.177981 1 0.182877 -0.00489588
685.77 0.170045 1 0.176225 -0.00618083
686.21 0.161108 1 0.169697 -0.00858843
686.66 0.155173 1 0.163152 -0.00797875
687.1 0.146236 1 0.156887 -0.0106505
687.55 0.1403 1 0.150621 -0.0103208
687.99 0.135363 1 0.144638 -0.00927477
688.44 0.130427 1 0.138668 -0.00824117
688.88 0.121489 1 0.13298 -0.0114911
689.32 0.116551 1 0.127442 -0.0108912
689.77 0.109614 1 0.121935 -0.0123212
690.21 0.104676 1 0.116706 -0.0120304
690.65 0.0997369 1 0.111631 -0.0118941
691.1 0.0937994 1 0.106601 -0.0128014
691.54 0.0888602 1 0.101839 -0.0129791
691.99 0.0859222 1 0.0971297 -0.0112075
692.43 0.0829826 1 0.0926807 -0.00969816
692.87 0.0780427 1 0.0883851 -0.0103424
693.32 0.071104 1 0.0841491 -0.0130451
693.76 0.0681636 1 0.0801594 -0.0119958
694.2 0.0662231 1 0.0763184 -0.0100953
694.65 0.0622836 1 0.0725415 -0.0102579
695.09 0.0583426 1 0.0689943 -0.0106517
695.53 0.0544013 1 0.0655887 -0.0111873
695.98 0.0494612 1 0.0622491 -0.012788
696.42 0.0495194 1 0.0591211 -0.00960169
696.86 0.0485775 1 0.0561258 -0.00754832
697.31 0.0446366 1 0.0531962 -0.00855963
697.75 0.0416941 1 0.0504592 -0.00876505
698.19 0.0407514 1 0.0478447 -0.00709325
698.64 0.0378098 1 0.0452939 -0.00748404
699.08 0.0328667 1 0.0429164 -0.0100497
699.52 0.0319233 1 0.0406506 -0.00872735
699.97 0.0299809 1 0.038445 -0.00846413
700.41 0.028037 1 0.0363939 -0.00835689
700.85 0.0280929 1 0.0344433 -0.00635043
701.3 0.0221498 1 0.0325485 -0.0103988
701.74 0.0242052 1 0.0307901 -0.00658487
702.18 0.0192603 1 0.029121 -0.00986068
702.63 0.0193165 1 0.0275028 -0.00818633
703.07 0.0183712 1 0.0260038 -0.00763261
703.51 0.0174256 1 0.0245834 -0.00715788
703.96 0.015481 1 0.0232087 -0.00772774
704.4 0.0165349 1 0.0219373 -0.00540236
704.84 0.0145886 1 0.0207344 -0.00614583
705.28 0.012642 1 0.019597 -0.00695497
705.73 0.0136964 1 0.0184981 -0.00480172
706.17 0.0127494 1 0.0174836 -0.00473427
706.61 0.0128021 1 0.0165254 -0.00372339
707.06 0.00885569 1 0.0156008 -0.00674509
707.5 0.0109079 1 0.014748 -0.00384008
707.94 0.00895983 1 0.0139432 -0.0049834
708.38 0.00601153 1 0.013184 -0.00717252
708.83 0.00906415 1 0.0124522 -0.00338805
709.27 0.00611534 1 0.0117778 -0.00566248
709.71 0.00716628 1 0.011142 -0.00397569
710.15 0.00321697 1 0.0105425 -0.00732552
710.6 0.00626856 1 0.0099649 -0.00369634
711.04 0.00331874 1 0.00943289 -0.00611415
711.48 0.00536867 1 0.00893138 -0.00356271
711.92 0.00341835 1 0.00845863 -0.00504028
712.37 0.00146889 1 0.00800314 -0.00653424
712.81 0.00151806 1 0.00758352 -0.00606546
713.25 0.00256697 1 0.00718787 -0.0046209
713.69 0.000615624 1 0.00681475 -0.00619912
714.13 -0.000335976 1 0.00646282 -0.0067988
714.58 0.00171326 1 0.0061235 -0.00441024
715.02 -0.00123886 1 0.00581063 -0.00704949
715.46 -0.000191237 1 0.00551533 -0.00570657
715.9 0.00185613 1 0.00523653 -0.0033804
716.35 -9.5696e-05 1 0.00496742 -0.00506312
716.79 0.000951147 1 0.00471901 -0.00376786
717.23 0.00099773 1 0.00448424 -0.00348651
717.67 4.4054e-05 1 0.00426231 -0.00421825
718.11 -0.00290988 1 0.00405242 -0.0069623
718.56 0.000136957 1 0.00384945 -0.00371249
719 -0.000817508 1 0.00366174 -0.00447924
719.44 -0.000772235 1 0.003484 -0.00425623
719.88 0.000272775 1 0.00331563 -0.00304286
720.32 -0.000682478 1 0.00315608 -0.00383856
720.76 -0.00163799 1 0.00300482 -0.00464281
721.21 0.00140723 1 0.00285818 -0.00145095
721.65 -0.00154883 1 0.00272221 -0.00427103
722.09 -0.000505143 1 0.00259314 -0.00309828
722.53 -0.00146173 1 0.00247057 -0.00393229
722.97 -0.00141857 1 0.00235412 -0.0037727
723.41 -0.00137569 1 0.00224345 -0.00361914
723.86 -0.00233211 1 0.0021359 -0.004468
724.3 -0.000289766 1 0.00203593 -0.00232569
724.74 -0.000247692 1 0.00194081 -0.0021885
725.18 -0.00220589 1 0.00185027 -0.00405616
725.62 -0.00216435 1 0.00176407 -0.00392842
726.06 -0.00212309 1 0.00168197 -0.00380505
726.5 0.000917909 1 0.00160375 -0.00068584
726.95 -4.04456e-05 1 0.00152755 -0.001568
727.39 0 1 0.00145657 -0.00145657
727.83 4.01737e-05 1 0.0013889 -0.00134872
728.27 0.00108008 1 0.00132435 -0.000244275
728.71 0.00111971 1 0.00126278 -0.000143073
729.15 0.00015908 1 0.00120404 -0.00104496
729.59 -0.00180182 1 0.00114799 -0.00294981
730.03 -0.000762978 1 0.0010945 -0.00185748
730.48 0.000276474 1 0.0010423 -0.000765828
730.92 0.000314787 1 0.000993608 -0.000678821
731.36 -0.000647158 1 0.000947119 -0.00159428
731.8 0.00139064 1 0.000902732 0.00048791
732.24 0.00242819 1 0.000860347 0.00156784
732.68 -0.00153452 1 0.000819874 -0.00235439
733.12 0.00150252 1 0.000781224 0.0007213
733.56 0.00453932 1 0.000744314 0.003795
734 0.00157586 1 0.000709066 0.000866799
734.44 0.00161217 1 0.000675406 0.000936762
734.89 0.00164904 1 0.000642549 0.0010065
735.33 -0.000315144 1 0.000611886 -0.00092703
735.77 0.00272043 1 0.000582607 0.00213782
736.21 0.00175577 1 0.000554651 0.00120111
736.65 0.00279087 1 0.00052796 0.0022629
737.09 0.00482573 1 0.000502479 0.00432325
737.53 0.00486036 1 0.000478154 0.00438221
737.97 0.00389477 1 0.000454936 0.00343983
738.41 0.00292894 1 0.000432777 0.00249617
738.85 0.00396289 1 0.00041163 0.00355126
739.29 0.00399661 1 0.000391452 0.00360516
739.73 0.00403011 1 0.000372201 0.00365791
740.17 0.00206339 1 0.000353837 0.00170956
740.61 0.00209645 1 0.000336321 0.00176013
741.05 0.0041293 1 0.000319616 0.00380968
741.49 0.00516192 1 0.000303688 0.00485823
741.93 0.00319433 1 0.000288502 0.00290583
742.37 0.00122653 1 0.000274026 0.000952507
742.81 0.00425852 1 0.00026023 0.00399829
743.26 0.00229102 1 0.000246792 0.00204423
743.7 0.00232259 1 0.00023428 0.00208831
744.14 0.00235396 1 0.000222362 0.0021316
744.58 0.00338512 1 0.000211011 0.00317411
745.02 0.00341608 1 0.000200202 0.00321588
745.46 0.00344684 1 0.000189911 0.00325693
745.9 0.00247741 1 0.000180115 0.00229729
746.34 0.00350778 1 0.000170792 0.00333698
746.78 0.00353795 1 0.000161921 0.00337603
747.22 0.00256793 1 0.000153481 0.00241445
747.66 0.00159772 1 0.000145454 0.00145227
748.1 0.00162733 1 0.00013782 0.00148951
748.54 0.00365674 1 0.000130562 0.00352618
748.98 0.00368598 1 0.000123662 0.00356231
749.42 0.00371503 1 0.000117104 0.00359792
749.86 0.00374389 1 0.000110873 0.00363302
750.29 0.00477193 1 0.000105084 0.00466685
750.73 0.00480045 1 9.94538e-05 0.00470099
751.17 0.00482879 1 9.41073e-05 0.00473468
751.61 0.00385695 1 8.90309e-05 0.00376792
752.05 0.000884944 1 8.4212e-05 0.000800732
752.49 0.00291277 1 7.96384e-05 0.00283313
752.93 0.00194042 1 7.52986e-05 0.00186512
753.37 0.00296791 1 7.11813e-05 0.00289673
753.81 0.00199523 1 6.72761e-05 0.00192796
754.25 0.00202239 1 6.35727e-05 0.00195882
754.69 0.00504939 1 6.00614e-05 0.00498933
755.13 0.00507623 1 5.6733e-05 0.0050195
755.57 0.00110291 1 5.35785e-05 0.00104933
756.01 0.00112944 1 5.05895e-05 0.00107885
756.45 0.00115581 1 4.7758e-05 0.00110805
756.89 0.000182029 1 4.5076e-05 0.000136953
757.33 0.0022081 1 4.25364e-05 0.00216556
757.77 0.00223402 1 4.0132e-05 0.00219389
758.21 0.00125979 1 3.78561e-05 0.00122194
758.64 -0.000715157 1 3.57498e-05 -0.000750907
759.08 0.00131033 1 3.37094e-05 0.00127662
759.52 0.00233568 1 3.17791e-05 0.0023039
759.96 0.00336089 1 2.99535e-05 0.00333094
760.4 0.00238596 1 2.82273e-05 0.00235773
760.84 0.000410898 1 2.65953e-05 0.000384303
761.28 -0.0025643 1 2.50527e-05 -0.00258935
761.72 0.00246037 1 2.3595e-05 0.00243677
762.16 -0.000515091 1 2.22177e-05 -0.000537309
762.6 0.00050932 1 2.09168e-05 0.000488403
763.03 0.00153305 1 1.97153e-05 0.00151334
763.47 0.00155722 1 1.85536e-05 0.00153866
763.91 0.00158125 1 1.7457e-05 0.0015638
764.35 0.000605172 1 1.6422e-05 0.00058875
764.79 0.00162897 1 1.54453e-05 0.00161353
765.23 0.00265265 1 1.45238e-05 0.00263813
765.67 -0.000323784 1 1.36547e-05 -0.000337438
766.11 0.00169967 1 1.2835e-05 0.00168683
766.54 0.000722477 1 1.20792e-05 0.000710398
766.98 -0.000254292 1 1.13497e-05 -0.000265642
767.42 -0.00023117 1 1.06622e-05 -0.000241832
767.86 0.00179185 1 1.00143e-05 0.00178183
768.3 0.000814756 1 9.40396e-06 0.000805352
768.74 0.000837564 1 8.82908e-06 0.000828734
769.17 -0.000140245 1 8.29966e-06 -0.000148545
769.61 0.000882364 1 7.78927e-06 0.000874575
770.05 -9.5125e-05 1 7.30883e-06 -0.000102434
770.49 0.00392729 1 6.85667e-06 0.00392043
770.93 -5.03883e-05 1 6.43122e-06 -5.68195e-05
771.37 0.00297184 1 6.03099e-06 0.00296581
771.8 0.00199348 1 5.66285e-06 0.00198781
772.24 -0.00398447 1 5.30838e-06 -0.00398978
772.68 0.00103749 1 4.97511e-06 0.00103252
773.12 0.00105937 1 4.66185e-06 0.00105471
773.56 0.00108117 1 4.36746e-06 0.0010768
774 0.00210289 1 4.09086e-06 0.0020988
774.43 0.00112403 1 3.83675e-06 0.0011202
774.87 -0.000854407 1 3.59236e-06 -0.000858
775.31 0.00116708 1 3.36288e-06 0.00116371
775.75 -0.00281151 1 3.14744e-06 -0.00281466
776.19 0.00120982 1 2.94522e-06 0.00120688
776.62 0.00223061 1 2.75963e-06 0.00222785
777.06 -0.00174819 1 2.58133e-06 -0.00175077
777.5 0.00127294 1 2.41407e-06 0.00127053
777.94 0.000294011 1 2.25721e-06 0.000291754
778.37 0.00231454 1 2.11336e-06 0.00231243
778.81 0.000335484 1 1.97527e-06 0.000333509
779.25 -0.00164363 1 1.84584e-06 -0.00164548
779.69 0.0013772 1 1.72455e-06 0.00137547
780.13 0.000397967 1 1.61092e-06 0.000396357
780.56 -0.00158179 1 1.50682e-06 -0.00158329
781 0.00043888 1 1.40699e-06 0.000437473
781.44 -0.000540505 1 1.31351e-06 -0.000541818
781.88 0.000480062 1 1.226e-06 0.000478836
782.31 -0.00249988 1 1.1459e-06 -0.00250103
782.75 -0.00147941 1 1.06914e-06 -0.00148048
783.19 0.00254102 1 9.9733e-07 0.00254003
783.63 -0.000438587 1 9.3016e-07 -0.000439517
784.06 0.0015813 1 8.68724e-07 0.00158043
784.5 0.000601615 1 8.09901e-07 0.000600806
784.94 0.00162189 1 7.54912e-07 0.00162114
785.37 -0.00135832 1 7.04648e-07 -0.00135903
785.81 0.000661888 1 6.56551e-07 0.000661231
786.25 -0.00131793 1 6.11616e-07 -0.00131854
786.69 0.00170222 1 5.69645e-07 0.00170165
787.12 0.00272189 1 5.31311e-07 0.00272136
787.56 0.00374199 1 4.94659e-07 0.00374149
788 0.00276206 1 4.60444e-07 0.0027616
788.43 -0.000218337 1 4.29214e-07 -0.000218766
788.87 0.000801699 1 3.99371e-07 0.000801299
789.31 0.000821716 1 3.7153e-07 0.000821345
789.75 -0.00115828 1 3.45562e-07 -0.00115863
790.18 -0.00013875 1 3.21878e-07 -0.000139072
790.62 -0.00211878 1 2.99264e-07 -0.00211908
791.06 -0.00109881 1 2.78184e-07 -0.00109909
791.49 0.00292069 1 2.5897e-07 0.00292043
791.93 -0.00105936 1 2.40635e-07 -0.0010596
792.37 -0.00203942 1 2.23554e-07 -0.00203965
792.8 0.00198006 1 2.07995e-07 0.00197986
793.24 0 1 1.93156e-07 -1.93156e-07
793.68 0.00201994 1 1.7934e-07 0.00201976
794.11 0.00103942 1 1.66763e-07 0.00103926
794.55 5.93639e-05 1 1.54775e-07 5.92092e-05
794.99 -0.000920689 1 1.43621e-07 -0.000920832
795.42 0.00109881 1 1.33472e-07 0.00109868
795.86 0.00411878 1 1.23805e-07 0.00411865
796.3 0.00113875 1 1.14815e-07 0.00113864
796.73 -0.00184172 1 1.06641e-07 -0.00184182
797.17 0.000178284 1 9.88592e-08 0.000178185
797.61 0.0011983 1 9.16275e-08 0.00119821
798.04 0.00221788 1 8.50553e-08 0.0022178
798.48 -0.000762064 1 7.88028e-08 -0.000762143
798.91 -0.000742444 1 7.31228e-08 -0.000742517
799.35 -0.000722345 1 6.77211e-08 -0.000722413
799.79 -0.00070222 1 6.27061e-08 -0.000702283
800.22 0.00231747 1 5.81531e-08 0.00231742
800.66 0.000337653 1 5.38258e-08 0.000337599
801.1 0.00335786 1 4.98106e-08 0.00335781
