500.34 0.000243082 1 5.27466e-05 0.000190336
500.8 0.00135222 1 5.60557e-05 0.00129617
501.25 -0.000541004 1 5.94808e-05 -0.000600484
501.71 -0.00243186 1 6.31846e-05 -0.00249504
502.17 -0.00132271 1 6.71042e-05 -0.00138981
502.62 -0.00021593 1 7.11585e-05 -0.000287089
503.08 -0.00110678 1 7.55396e-05 -0.00118232
503.53 0 1 8.00693e-05 -8.00693e-05
503.99 0.00110915 1 8.49618e-05 0.00102419
504.44 0.00021593 1 9.00179e-05 0.000125912
504.9 -0.00167492 1 9.54765e-05 -0.0017704
505.36 -0.000565771 1 0.000101244 -0.000667014
505.81 -0.000458996 1 0.0001072 -0.000566196
506.27 -0.00134985 1 0.000113625 -0.00146348
506.72 0.000756918 1 0.000120258 0.00063666
507.18 -0.00113394 1 0.00012741 -0.00126135
507.63 -0.00102718 1 0.00013479 -0.00116197
508.09 8.19495e-05 1 0.000142744 -6.07949e-05
508.54 -0.0018113 1 0.000150947 -0.00196224
509 0.000297824 1 0.000159785 0.000138039
509.45 -0.00159543 1 0.000168895 -0.00176433
509.91 -0.00148632 1 0.000178706 -0.00166503
510.36 -0.000379592 1 0.000188814 -0.000568406
510.82 0.000729504 1 0.000199693 0.00052981
511.27 -0.000163779 1 0.000210898 -0.000374677
511.73 0.000945301 1 0.000222953 0.000722348
512.19 -0.000945627 1 0.000235645 -0.00118127
512.64 -0.00183893 1 0.000248706 -0.00208764
513.1 0.00227012 1 0.000262748 0.00200737
513.55 -0.000623207 1 0.000277193 -0.0009004
514.01 -0.000514173 1 0.000292716 -0.000806889
514.46 0.00059248 1 0.000308676 0.000283804
514.92 0.000701492 1 0.00032582 0.000375673
515.37 0.00280812 1 0.000343437 0.00246469
515.83 -8.28884e-05 1 0.000362352 -0.000445241
516.28 0.00102372 1 0.000381782 0.000641936
516.73 0.000130313 1 0.000402169 -0.000271856
517.19 0.000239262 1 0.000424041 -0.000184779
517.64 0.00134583 1 0.000446492 0.000899337
518.1 0.00145475 1 0.000470569 0.000984182
518.55 0.00156129 1 0.000495272 0.00106602
519.01 0.00167018 1 0.00052175 0.00114843
519.46 0.000776688 1 0.000548905 0.000227784
519.92 0.00188555 1 0.000577997 0.00130755
520.37 0.000992023 1 0.000607819 0.000384204
520.83 0.00210085 1 0.000639754 0.00146109
521.28 0.00020729 1 0.000672474 -0.000465184
521.74 0.00231608 1 0.000707496 0.00160858
522.19 0.000422485 1 0.000743361 -0.000320876
522.65 0.00153124 1 0.000781733 0.000749504
523.1 0.000637605 1 0.00082101 -0.000183405
523.55 0.00174395 1 0.000862078 0.000881875
524.01 0.000852645 1 0.000905985 -5.33392e-05
524.46 0.00195895 1 0.000950896 0.00100806
524.92 0.0020676 1 0.000998888 0.00106872
525.37 0.00317387 1 0.00104796 0.00212591
525.83 0.00328248 1 0.00110037 0.00218211
526.28 0.0033887 1 0.00115392 0.00223477
526.73 0.0014949 1 0.00120983 0.000285065
527.19 0.00160343 1 0.00126951 0.000333927
527.64 0.000709586 1 0.00133044 -0.000620858
528.1 0.00281807 1 0.00139546 0.00142262
528.55 0.00292418 1 0.00146181 0.00146236
529.01 0.00303261 1 0.00153257 0.00150004
529.46 0.00113867 1 0.00160476 -0.000466096
529.91 0.0022447 1 0.00168 0.000564697
530.37 0.000353053 1 0.00176017 -0.00140711
530.82 0.00445903 1 0.0018419 0.00261713
531.28 0.00656733 1 0.00192895 0.00463838
531.73 0.00167325 1 0.00201765 -0.000344403
532.18 0.00577914 1 0.00210999 0.00366915
532.64 0.00388736 1 0.00220827 0.00167909
533.09 0.00599319 1 0.00230834 0.00368486
533.54 0.002099 1 0.00241243 -0.000313432
534 0.00720713 1 0.00252314 0.00468399
534.45 0.00731287 1 0.00263579 0.00467708
534.91 0.00242093 1 0.00275554 -0.00033461
535.36 0.00352662 1 0.00287734 0.000649277
535.81 0.00563227 1 0.00300388 0.00262839
536.27 0.00574023 1 0.0031383 0.00260193
536.72 0.00584582 1 0.00327492 0.0025709
537.17 0.00695137 1 0.00341676 0.00353462
537.63 0.00505924 1 0.00356732 0.00149192
538.08 0.00816472 1 0.00372023 0.0044445
538.54 0.00827252 1 0.00388246 0.00439006
538.99 0.00737794 1 0.00404715 0.00333079
539.44 0.00848332 1 0.00421792 0.0042654
539.9 0.007591 1 0.00439898 0.00319202
540.35 0.00769631 1 0.00458264 0.00311368
540.8 0.00780159 1 0.00477295 0.00302863
541.26 0.00890916 1 0.00497458 0.00393458
541.71 0.0100144 1 0.00517895 0.00483541
542.16 0.0101195 1 0.00539058 0.00472894
542.62 0.014227 1 0.00561462 0.00861236
543.07 0.0133321 1 0.00584155 0.00749051
543.52 0.0114371 1 0.00607636 0.00536074
543.98 0.00954444 1 0.00632476 0.00321968
544.43 0.0126494 1 0.00657618 0.00607322
544.88 0.0107543 1 0.00683614 0.00391818
545.34 0.0138615 1 0.00711095 0.00675059
545.79 0.0129664 1 0.00738889 0.00557749
546.24 0.0130712 1 0.00767606 0.00539511
546.69 0.0141759 1 0.00797271 0.00620322
547.15 0.016283 1 0.00828599 0.00799698
547.6 0.0163876 1 0.00860252 0.00778512
548.05 0.0164923 1 0.00892925 0.00756302
548.51 0.0175992 1 0.00927405 0.00832513
548.96 0.0177037 1 0.00962216 0.00808155
549.41 0.0178082 1 0.00998123 0.00782697
549.86 0.0169126 1 0.0103515 0.00656115
550.32 0.0200194 1 0.0107419 0.00927752
550.77 0.0191237 1 0.0111356 0.00798815
551.22 0.017228 1 0.0115413 0.00568675
551.68 0.0193346 1 0.0119687 0.00736595
552.13 0.0224388 1 0.0123994 0.0100394
552.58 0.021543 1 0.0128429 0.00870005
553.03 0.0226471 1 0.0132995 0.0093476
553.49 0.0207535 1 0.01378 0.00697349
553.94 0.0228575 1 0.0142638 0.00859373
554.39 0.0219615 1 0.0147614 0.00720007
554.84 0.0240654 1 0.0152731 0.00879223
555.3 0.0241715 1 0.0158111 0.00836039
555.75 0.0252754 1 0.0163523 0.00892306
556.2 0.0243791 1 0.0169084 0.00747074
556.65 0.0264828 1 0.0174797 0.00900316
557.11 0.0285888 1 0.0180796 0.0105091
557.56 0.0286924 1 0.0186825 0.0100099
558.01 0.0287959 1 0.0193014 0.00949456
558.46 0.0268994 1 0.0199365 0.0069629
558.92 0.0290052 1 0.0206029 0.00840228
559.37 0.0321085 1 0.0212717 0.0108368
559.82 0.0292119 1 0.0219577 0.00725421
560.27 0.0323152 1 0.0226609 0.00965424
560.72 0.0324184 1 0.0233817 0.00903665
561.18 0.0315238 1 0.024137 0.00738685
561.63 0.0356269 1 0.0248941 0.0107329
562.08 0.03373 1 0.0256695 0.0080605
562.53 0.033833 1 0.0264634 0.00736953
562.99 0.0349382 1 0.0272944 0.00764374
563.44 0.036041 1 0.0281266 0.00791445
563.89 0.0381439 1 0.028978 0.00916587
564.34 0.0402466 1 0.0298488 0.0103978
564.79 0.0393493 1 0.0307393 0.00860997
565.25 0.0404542 1 0.0316701 0.00878406
565.7 0.0415568 1 0.032601 0.00895576
566.15 0.0406593 1 0.0335521 0.00710715
566.6 0.0437617 1 0.0345237 0.00923804
567.05 0.0418641 1 0.0355159 0.00634826
567.5 0.0439664 1 0.0365288 0.00743764
567.96 0.045071 1 0.0375859 0.00748509
568.41 0.0461732 1 0.0386413 0.00753186
568.86 0.0472753 1 0.0397179 0.00755735
569.31 0.0463773 1 0.0408159 0.00556142
569.76 0.0474793 1 0.0419354 0.00554395
570.21 0.0515813 1 0.0430764 0.00850485
570.67 0.0486854 1 0.0442652 0.00442018
571.12 0.0507872 1 0.0454502 0.00533702
571.57 0.0508889 1 0.046657 0.00423195
572.02 0.0529906 1 0.0478857 0.00510493
572.47 0.0530922 1 0.0491363 0.00395588
572.92 0.0521937 1 0.0504089 0.00178479
573.37 0.0572952 1 0.0517036 0.00559162
573.83 0.0563988 1 0.0530497 0.0033491
574.28 0.0575002 1 0.0543889 0.00311127
574.73 0.0576014 1 0.05575 0.00185138
575.18 0.0597026 1 0.0571331 0.00256946
575.63 0.0618037 1 0.0585381 0.00326555
576.08 0.0619047 1 0.059965 0.00193973
576.53 0.0600057 1 0.0614136 -0.00140794
576.98 0.0631066 1 0.0628839 0.000222647
577.44 0.0652097 1 0.0644092 0.000800443
577.89 0.0653104 1 0.065923 -0.000612588
578.34 0.0684111 1 0.0674581 0.000953021
578.79 0.0665117 1 0.0690142 -0.00250257
579.24 0.0686122 1 0.0705914 -0.00197918
579.69 0.0707127 1 0.0721893 -0.00147661
580.14 0.070813 1 0.0738077 -0.00299464
580.59 0.0729133 1 0.0754464 -0.00253306
581.04 0.0760136 1 0.0771052 -0.0010916
581.49 0.0761137 1 0.0787837 -0.00266999
581.95 0.077216 1 0.0805197 -0.00330369
582.4 0.078316 1 0.0822373 -0.00392133
582.85 0.0824159 1 0.0839738 -0.00155791
583.3 0.0825157 1 0.0857288 -0.00321307
583.75 0.0846155 1 0.087502 -0.00288646
584.2 0.0857152 1 0.0892928 -0.00357768
584.65 0.0878148 1 0.0911011 -0.00328633
585.1 0.0909143 1 0.0929263 -0.002012
585.55 0.0920137 1 0.094768 -0.00275424
586 0.0901131 1 0.0966257 -0.00651259
586.45 0.0942124 1 0.0984989 -0.00428658
586.9 0.0963116 1 0.100387 -0.00407569
587.35 0.0954107 1 0.10229 -0.00687943
587.8 0.0995097 1 0.104207 -0.00469724
588.25 0.0996086 1 0.106137 -0.00652858
588.71 0.10271 1 0.108124 -0.00541399
589.16 0.105808 1 0.110079 -0.00427089
589.61 0.103907 1 0.112047 -0.00813953
590.06 0.108006 1 0.114025 -0.00601926
590.51 0.110104 1 0.116014 -0.00590943
590.96 0.112203 1 0.118012 -0.00580939
591.41 0.115301 1 0.12002 -0.00471845
591.86 0.117399 1 0.122035 -0.0046359
592.31 0.118497 1 0.124059 -0.00556103
592.76 0.122596 1 0.126089 -0.0034931
593.21 0.121694 1 0.128125 -0.00643136
593.66 0.126791 1 0.130167 -0.00337505
594.11 0.128889 1 0.132213 -0.00332338
594.56 0.129987 1 0.134263 -0.00427556
595.01 0.133085 1 0.136315 -0.00323078
595.46 0.133182 1 0.13837 -0.00518821
595.91 0.13828 1 0.140427 -0.00214702
596.36 0.138377 1 0.142483 -0.00410636
596.81 0.142474 1 0.14454 -0.00206536
597.26 0.144572 1 0.146595 -0.00202317
597.71 0.144669 1 0.148647 -0.00397889
598.16 0.148766 1 0.150697 -0.00193163
598.61 0.149863 1 0.152743 -0.0028805
599.06 0.151959 1 0.154784 -0.00282459
599.51 0.154056 1 0.156819 -0.00276299
599.96 0.155153 1 0.158847 -0.00369478
600.41 0.158249 1 0.160868 -0.00261903
600.86 0.160346 1 0.16288 -0.00253482
601.31 0.163442 1 0.164883 -0.00144122
601.76 0.167538 1 0.166875 0.000662703
602.21 0.170634 1 0.168856 0.00177788
602.65 0.172728 1 0.170782 0.00194671
603.1 0.173824 1 0.172737 0.00108687
603.55 0.17592 1 0.174679 0.00124104
604 0.181016 1 0.176606 0.00441014
604.45 0.181111 1 0.178516 0.00259507
604.9 0.181207 1 0.18041 0.000796739
605.35 0.185302 1 0.182286 0.00301603
605.8 0.184398 1 0.184144 0.000253832
606.25 0.189493 1 0.185982 0.003511
606.7 0.190588 1 0.1878 0.00278838
607.15 0.190683 1 0.189596 0.0010868
607.6 0.194778 1 0.191371 0.00340708
608.05 0.195873 1 0.193123 0.00275
608.5 0.197968 1 0.194851 0.00311632
608.95 0.199062 1 0.196556 0.00250677
609.39 0.201155 1 0.198198 0.002957
609.84 0.200249 1 0.199852 0.000397222
610.29 0.203344 1 0.20148 0.00186358
610.74 0.204438 1 0.203081 0.00135666
611.19 0.203532 1 0.204655 -0.00112296
611.64 0.205626 1 0.206201 -0.000574786
612.09 0.20972 1 0.207718 0.00200166
612.54 0.208814 1 0.209207 -0.000393214
612.99 0.211907 1 0.210666 0.00124096
613.44 0.212001 1 0.212096 -9.55188e-05
613.88 0.212092 1 0.213466 -0.00137368
614.33 0.214186 1 0.214837 -0.000651459
614.78 0.216279 1 0.216178 0.000100647
615.23 0.216372 1 0.217489 -0.00111733
615.68 0.216465 1 0.21877 -0.00230542
616.13 0.217558 1 0.220022 -0.00246374
616.58 0.218651 1 0.221243 -0.00259249
617.03 0.219744 1 0.222435 -0.00269197
617.47 0.220834 1 0.223573 -0.00273906
617.92 0.221927 1 0.224708 -0.00278184
618.37 0.223019 1 0.225816 -0.00279676
618.82 0.224111 1 0.226896 -0.0027845
619.27 0.223203 1 0.227949 -0.00474585
619.72 0.222295 1 0.228977 -0.0066817
620.17 0.225387 1 0.22998 -0.00459308
620.61 0.225477 1 0.230939 -0.00546162
621.06 0.225569 1 0.231897 -0.00632804
621.51 0.22466 1 0.232834 -0.00817373
621.96 0.227752 1 0.233752 -0.00600019
622.41 0.228843 1 0.234652 -0.00580907
622.86 0.227934 1 0.235536 -0.00760215
623.3 0.230023 1 0.236387 -0.00636416
623.75 0.229114 1 0.237246 -0.00813174
624.2 0.231205 1 0.238095 -0.00688963
624.65 0.230296 1 0.238936 -0.00864015
625.1 0.235386 1 0.239772 -0.00438577
625.54 0.233475 1 0.240588 -0.00711259
625.99 0.232565 1 0.241422 -0.00885634
626.44 0.237656 1 0.242259 -0.00460338
626.89 0.236746 1 0.243102 -0.00635673
627.34 0.237836 1 0.243955 -0.00611954
627.78 0.238924 1 0.244801 -0.00587769
628.23 0.242013 1 0.245682 -0.00366901
628.68 0.241103 1 0.246583 -0.00547993
629.13 0.243193 1 0.247507 -0.00431409
629.58 0.244282 1 0.248457 -0.00417524
630.02 0.246369 1 0.249416 -0.00304704
630.47 0.247458 1 0.250431 -0.00297298
630.92 0.248547 1 0.251485 -0.0029376
631.37 0.252636 1 0.252581 5.50223e-05
631.81 0.254723 1 0.253698 0.00102472
632.26 0.254812 1 0.254891 -7.94263e-05
632.71 0.2579 1 0.256139 0.00176126
633.16 0.261989 1 0.257446 0.00454258
633.61 0.262077 1 0.258817 0.00326033
634.05 0.262163 1 0.260222 0.00194108
634.5 0.266251 1 0.26173 0.00452083
634.95 0.268339 1 0.263314 0.0050247
635.4 0.269427 1 0.264978 0.0044487
635.84 0.272513 1 0.266686 0.00582675
636.29 0.2766 1 0.268519 0.00808145
636.74 0.277687 1 0.270442 0.00724507
637.18 0.281773 1 0.272415 0.00935813
637.63 0.28486 1 0.274528 0.0103317
638.08 0.285947 1 0.276742 0.00920447
638.53 0.289034 1 0.27906 0.00997373
638.97 0.290119 1 0.281428 0.00869003
639.42 0.295205 1 0.283958 0.0112474
639.87 0.296292 1 0.286597 0.00969454
640.32 0.301378 1 0.289348 0.01203
640.76 0.303462 1 0.292147 0.0113155
641.21 0.307548 1 0.295121 0.0124267
641.66 0.309634 1 0.29821 0.0114239
642.1 0.314718 1 0.30134 0.0133775
642.55 0.316804 1 0.304654 0.0121494
643 0.320889 1 0.30808 0.0128087
643.44 0.324973 1 0.311538 0.0134347
643.89 0.327058 1 0.315182 0.011876
644.34 0.332143 1 0.318932 0.0132105
644.79 0.334228 1 0.322787 0.0114413
645.23 0.337311 1 0.326652 0.010659
645.68 0.344395 1 0.3307 0.0136957
646.13 0.34748 1 0.334839 0.0126411
646.57 0.351562 1 0.338969 0.0125933
647.02 0.354647 1 0.343273 0.0113742
647.47 0.357731 1 0.34765 0.0100812
647.91 0.359813 1 0.351994 0.00781894
648.36 0.363897 1 0.356496 0.00740106
648.81 0.36898 1 0.361049 0.00793186
649.25 0.372062 1 0.365541 0.00652069
649.7 0.376146 1 0.37017 0.00597606
650.15 0.379229 1 0.374821 0.00440749
650.59 0.38331 1 0.379383 0.00392707
651.04 0.387393 1 0.384051 0.0033416
651.48 0.389474 1 0.388609 0.000865431
651.93 0.392557 1 0.39325 -0.00069363
652.38 0.397639 1 0.397861 -0.000221884
652.82 0.40072 1 0.402328 -0.00160804
653.27 0.399802 1 0.406841 -0.00703922
653.72 0.405884 1 0.411287 -0.00540252
654.16 0.409964 1 0.415555 -0.00559082
654.61 0.410046 1 0.419828 -0.00978165
655.06 0.414128 1 0.423994 -0.0098657
655.5 0.418208 1 0.427951 -0.00974302
655.95 0.418289 1 0.431866 -0.0135769
656.39 0.419368 1 0.435552 -0.0161842
656.84 0.426449 1 0.439166 -0.0127162
657.29 0.43153 1 0.442606 -0.0110761
657.73 0.431609 1 0.445792 -0.0141829
658.18 0.43269 1 0.448855 -0.0161653
658.62 0.433769 1 0.451648 -0.0178793
659.07 0.438849 1 0.454285 -0.0154367
659.52 0.439929 1 0.456691 -0.0167619
659.96 0.443007 1 0.458808 -0.0158005
660.41 0.447087 1 0.460722 -0.0136349
660.85 0.447165 1 0.462339 -0.0151744
661.3 0.449245 1 0.463724 -0.0144796
661.74 0.452322 1 0.464807 -0.0124847
662.19 0.452401 1 0.465629 -0.0132274
662.64 0.45448 1 0.466155 -0.0116747
663.08 0.451558 1 0.466378 -0.0148204
663.53 0.453636 1 0.466302 -0.0126655
663.97 0.457713 1 0.465926 -0.00821268
664.42 0.449792 1 0.465229 -0.0154374
664.86 0.453868 1 0.46424 -0.0103714
665.31 0.458946 1 0.46291 -0.00396412
665.75 0.459023 1 0.4613 -0.00227705
666.2 0.4551 1 0.459334 -0.00423325
666.65 0.455178 1 0.457046 -0.00186818
667.09 0.456254 1 0.4545 0.00175346
667.54 0.454331 1 0.451583 0.00274834
667.98 0.448407 1 0.448427 -1.98843e-05
668.43 0.451484 1 0.444892 0.00659144
668.87 0.446559 1 0.441142 0.00541688
669.32 0.443636 1 0.437011 0.00662438
669.76 0.43971 1 0.43269 0.00702042
670.21 0.438787 1 0.427989 0.0107973
670.65 0.435861 1 0.423127 0.0127347
671.1 0.426937 1 0.417889 0.009048
671.54 0.426012 1 0.41252 0.0134918
671.99 0.422087 1 0.406784 0.0153031
672.43 0.414161 1 0.400948 0.0132132
672.88 0.409237 1 0.394757 0.0144792
673.32 0.40731 1 0.388499 0.0188111
673.77 0.401385 1 0.381901 0.0194843
674.21 0.391458 1 0.375269 0.0161898
674.66 0.385533 1 0.368314 0.0172193
675.1 0.378606 1 0.361359 0.0172475
675.55 0.37068 1 0.3541 0.01658
675.99 0.360753 1 0.346875 0.0138775
676.44 0.352827 1 0.339369 0.0134579
676.88 0.344899 1 0.331929 0.0129706
677.33 0.336973 1 0.32423 0.0127429
677.77 0.328045 1 0.316629 0.0114159
678.22 0.319118 1 0.308794 0.0103243
678.66 0.31119 1 0.301087 0.0101032
679.11 0.303263 1 0.29317 0.0100926
679.55 0.292334 1 0.28541 0.00692428
679.99 0.285405 1 0.277642 0.0077629
680.44 0.275478 1 0.269704 0.00577407
680.88 0.266548 1 0.261959 0.00458955
681.33 0.258621 1 0.254068 0.00455241
681.77 0.250691 1 0.246394 0.00429733
682.22 0.236763 1 0.238598 -0.001835
682.66 0.230833 1 0.231038 -0.000204785
683.11 0.222904 1 0.22338 -0.000475584
683.55 0.213974 1 0.215975 -0.00200049
683.99 0.206044 1 0.208659 -0.00261579
684.44 0.200115 1 0.20128 -0.00116547
684.88 0.191184 1 0.194173 -0.00298866
685.33 0.181254 1 0.187021 -0.00576682
685.77 0.173323 1 0.180151 -0.00682781
686.21 0.167392 1 0.173408 -0.00601603
686.66 0.159462 1 0.166649 -0.00718694
687.1 0.14953 1 0.16018 -0.0106493
687.55 0.1446 1 0.153711 -0.00911067
687.99 0.134668 1 0.147534 -0.0128658
688.44 0.131737 1 0.141372 -0.00963462
688.88 0.123805 1 0.135502 -0.011697
689.32 0.118873 1 0.129788 -0.0109152
689.77 0.113941 1 0.124107 -0.0101653
690.21 0.109008 1 0.118713 -0.00970434
690.65 0.101075 1 0.113479 -0.0124038
691.1 0.0951436 1 0.108293 -0.0131494
691.54 0.0902102 1 0.103385 -0.0131748
691.99 0.0862781 1 0.0985318 -0.0122537
692.43 0.0823443 1 0.0939484 -0.0116041
692.87 0.0794103 1 0.0895242 -0.0101139
693.32 0.0744777 1 0.0851628 -0.0106851
693.76 0.0685433 1 0.0810563 -0.0125129
694.2 0.0646088 1 0.0771041 -0.0124953
694.65 0.0636756 1 0.0732194 -0.00954375
695.09 0.0557407 1 0.0695723 -0.0138316
695.53 0.0538057 1 0.0660721 -0.0122665
695.98 0.0518719 1 0.0626414 -0.0107695
696.42 0.0499365 1 0.0594294 -0.00949294
696.86 0.0470009 1 0.0563551 -0.00935423
697.31 0.0440665 1 0.0533498 -0.00928326
697.75 0.0411306 1 0.0505435 -0.00941294
698.19 0.0381944 1 0.0478643 -0.00966993
698.64 0.0352595 1 0.0452519 -0.00999242
699.08 0.033323 1 0.0428186 -0.00949558
699.52 0.0323863 1 0.040501 -0.00811473
699.97 0.0294508 1 0.0382465 -0.00879575
700.41 0.0275137 1 0.0361515 -0.00863777
700.85 0.0285764 1 0.0341606 -0.00558415
701.3 0.0216404 1 0.0322282 -0.0105878
701.74 0.0227027 1 0.0304362 -0.00773351
702.18 0.0197649 1 0.0287369 -0.00897203
702.63 0.0198283 1 0.0270909 -0.0072626
703.07 0.01589 1 0.0255675 -0.00967742
703.51 0.0159516 1 0.0241255 -0.00817387
703.96 0.0170144 1 0.0227313 -0.00571686
704.4 0.0140756 1 0.0214432 -0.00736759
704.84 0.0131366 1 0.020226 -0.00708939
705.28 0.0121975 1 0.0190764 -0.00687895
705.73 0.0122595 1 0.0179672 -0.0057077
706.17 0.00931993 1 0.0169444 -0.0076245
706.61 0.0113802 1 0.0159798 -0.00459957
707.06 0.0084416 1 0.0150502 -0.00660855
707.5 0.00850147 1 0.0141941 -0.00569258
707.94 0.00856114 1 0.0133874 -0.00482631
708.38 0.00462061 1 0.0126277 -0.00800708
708.83 0.00568124 1 0.0118965 -0.00621528
709.27 0.00474033 1 0.0112239 -0.00648362
709.71 0.00379922 1 0.0105909 -0.00679169
710.15 0.00385791 1 0.00999518 -0.00613726
710.6 0.00591774 1 0.0094223 -0.00350456
711.04 0.00197604 1 0.00889568 -0.00691963
711.48 0.00403415 1 0.00840026 -0.00436612
711.92 0.00309206 1 0.00793423 -0.00484217
712.37 0.00215108 1 0.00748619 -0.00533511
712.81 0.00020859 1 0.00707436 -0.00686577
713.25 0.0032659 1 0.00668694 -0.00342104
713.69 0.000323017 1 0.00632244 -0.00599942
714.13 0.000379934 1 0.00597947 -0.00559954
714.58 0.000437938 1 0.0056496 -0.00521166
715.02 0.00149445 1 0.00534622 -0.00385176
715.46 0.000550766 1 0.0050606 -0.00450984
715.9 -0.00139312 1 0.00479165 -0.00618477
716.35 -0.000335938 1 0.00453275 -0.00486868
716.79 0.00271977 1 0.0042944 -0.00157463
717.23 0.000775276 1 0.00406977 -0.00329449
717.67 0.000830581 1 0.00385799 -0.00302741
718.11 -0.00211432 1 0.00365827 -0.00577259
718.56 -0.00105817 1 0.00346569 -0.00452386
719 -0.00300348 1 0.0032881 -0.00629158
719.44 -0.000948989 1 0.00312042 -0.00406941
719.88 -0.000894704 1 0.00296204 -0.00385675
720.32 0.000159376 1 0.00281239 -0.00265301
720.76 -0.00278675 1 0.00267092 -0.00545766
721.21 -0.00173186 1 0.00253417 -0.00426603
721.65 -0.000678399 1 0.00240774 -0.00308614
722.09 -0.00262514 1 0.00228808 -0.00491322
722.53 -0.0025721 1 0.00217476 -0.00474686
722.97 -0.00251925 1 0.00206742 -0.00458667
723.41 -0.00146662 1 0.00196569 -0.0034323
723.86 -0.001413 1 0.0018671 -0.0032801
724.3 -0.00136079 1 0.00177572 -0.00313651
724.74 0.00269122 1 0.00168902 0.0010022
725.18 -0.00225699 1 0.00160672 -0.00386371
725.62 -0.000205399 1 0.00152857 -0.00173397
726.06 -0.00215402 1 0.00145434 -0.00360836
726.5 0.00189715 1 0.0013838 0.000513345
726.95 -0.00205074 1 0.00131527 -0.00336601
727.39 0 1 0.0012516 -0.0012516
727.83 -0.00094947 1 0.00119104 -0.00214051
728.27 0.000100851 1 0.00113343 -0.00103258
728.71 -0.00184904 1 0.00107861 -0.00292765
729.15 0.000200867 1 0.00102644 -0.00082557
729.59 -0.00274943 1 0.000976768 -0.0037262
730.03 -0.000699939 1 0.000929477 -0.00162942
730.48 -0.00164953 1 0.000883442 -0.00253297
730.92 0.000399556 1 0.000840595 -0.000441039
731.36 -0.00255156 1 0.00079978 -0.00335134
731.8 -0.00150287 1 0.000760895 -0.00226377
732.24 0.00254562 1 0.000723846 0.00182177
732.68 -0.000406088 1 0.000688544 -0.00109463
733.12 -0.000357988 1 0.000654903 -0.00101289
733.56 0.00168992 1 0.000622845 0.00106707
734 0.00273763 1 0.000592293 0.00214534
734.44 0.00278516 1 0.000563177 0.00222198
734.89 -0.000166432 1 0.000534813 -0.000701245
735.33 -0.000119287 1 0.000508398 -0.000627685
735.77 0.00292767 1 0.000483224 0.00244445
736.21 0.00397445 1 0.000459234 0.00351521
736.65 2.10365e-05 1 0.000436375 -0.000415338
737.09 0.00606745 1 0.000414593 0.00565285
737.53 0.00311368 1 0.00039384 0.00271984
737.97 0.000159726 1 0.000374068 -0.000214343
738.41 0.0022056 1 0.000355234 0.00185037
738.85 0.0052513 1 0.000337293 0.004914
739.29 -0.000703182 1 0.000320206 -0.00102339
739.73 0.00334217 1 0.000303934 0.00303823
740.17 0.00238734 1 0.00028844 0.0020989
740.61 0.000432352 1 0.000273689 0.000158663
741.05 0.00447719 1 0.000259647 0.00421754
741.49 0.00152186 1 0.000246281 0.00127558
741.93 0.00156637 1 0.000233562 0.0013328
742.37 0.00161071 1 0.00022146 0.00138925
742.81 0.00165488 1 0.000209946 0.00144494
743.26 0.0016999 1 0.000198751 0.00150114
743.7 0.00274375 1 0.000188348 0.0025554
744.14 0.00378744 1 0.000178455 0.00360898
744.58 0.00183097 1 0.00016905 0.00166192
745.02 0.00287435 1 0.00016011 0.00271424
745.46 0.00291757 1 0.000151614 0.00276596
745.9 0.00196064 1 0.000143541 0.0018171
746.34 0.00400356 1 0.000135872 0.00386769
746.78 0.00504633 1 0.000128588 0.00491774
747.22 0.00208894 1 0.00012167 0.00196727
747.66 0.000131415 1 0.000115102 1.63123e-05
748.1 0.00317374 1 0.000108868 0.00306487
748.54 0.000215918 1 0.00010295 0.000112967
748.98 0.00325795 1 9.73355e-05 0.00316062
749.42 0.00229985 1 9.20087e-05 0.00220784
749.86 0.0063416 1 8.69561e-05 0.00625464
750.29 0.00338227 1 8.22708e-05 0.0033
750.73 0.00142375 1 7.77224e-05 0.00134603
751.17 0.00446509 1 7.34109e-05 0.00439168
751.61 0.0065063 1 6.93246e-05 0.00643697
752.05 0.00254737 1 6.54528e-05 0.00248192
752.49 0.00258831 1 6.17848e-05 0.00252653
752.93 0.00162912 1 5.83106e-05 0.00157081
753.37 0.00166981 1 5.50208e-05 0.00161478
753.81 0.00271036 1 5.19062e-05 0.00265845
754.25 0.000750785 1 4.8958e-05 0.000701827
754.69 0.00579109 1 4.6168e-05 0.00574492
755.13 0.00483127 1 4.35282e-05 0.00478774
755.57 0.000871321 1 4.10311e-05 0.00083029
756.01 0.00191126 1 3.86695e-05 0.00187259
756.45 0.00095107 1 3.64364e-05 0.000914634
756.89 0.000990768 1 3.43254e-05 0.000956442
757.33 -0.000969652 1 3.23301e-05 -0.00100198
757.77 0.00206981 1 3.04447e-05 0.00203937
758.21 0.00310916 1 2.86634e-05 0.0030805
758.64 0.000147513 1 2.70181e-05 0.000120495
759.08 0.000186643 1 2.54271e-05 0.000161216
759.52 0.00222566 1 2.39251e-05 0.00220174
759.96 0.00226458 1 2.25071e-05 0.00224207
760.4 0.000303382 1 2.1169e-05 0.000282213
760.84 -0.000657918 1 1.99064e-05 -0.000677825
761.28 -0.000619322 1 1.87152e-05 -0.000638037
761.72 0.000419172 1 1.75919e-05 0.00040158
762.16 -0.000542436 1 1.65325e-05 -0.000558969
762.6 0.00249586 1 1.55339e-05 0.00248032
763.03 0.00353318 1 1.46134e-05 0.00351857
763.47 -0.000428717 1 1.37251e-05 -0.000442442
763.91 -0.00139071 1 1.28883e-05 -0.0014036
764.35 0.000647197 1 1.21e-05 0.000635097
764.79 0.000685014 1 1.13577e-05 0.000673657
765.23 0.00072274 1 1.06587e-05 0.000712081
765.67 -0.000239624 1 1.00007e-05 -0.000249625
766.11 0.00379792 1 9.38144e-06 0.00378854
766.54 0.00183453 1 8.81159e-06 0.00182572
766.98 0.00087191 1 8.26265e-06 0.000863647
767.42 0.0029092 1 7.74634e-06 0.00290146
767.86 0.00394641 1 7.26082e-06 0.00393915
768.3 0.000983539 1 6.80436e-06 0.000976735
768.74 0.00202059 1 6.3753e-06 0.00201421
769.17 0.00205672 1 5.98097e-06 0.00205074
769.61 9.36108e-05 1 5.60159e-06 8.80092e-05
770.05 -0.000869571 1 5.24521e-06 -0.000874817
770.49 0.00416717 1 4.91051e-06 0.00416226
770.93 0.00220384 1 4.59623e-06 0.00219925
771.37 0.00224044 1 4.3012e-06 0.00223614
771.8 0.00027614 1 4.03039e-06 0.00027211
772.24 0.000312602 1 3.77017e-06 0.000308832
772.68 0.001349 1 3.52603e-06 0.00134547
773.12 0.000385324 1 3.29704e-06 0.000382027
773.56 0.00142159 1 3.0823e-06 0.0014185
774 0.00345779 1 2.88095e-06 0.00345491
774.43 0.00149311 1 2.69637e-06 0.00149041
774.87 -0.000470816 1 2.51923e-06 -0.000473335
775.31 0.0025652 1 2.35325e-06 0.00256285
775.75 -0.000398832 1 2.19776e-06 -0.00040103
776.19 -0.000362925 1 2.05213e-06 -0.000364977
776.62 0.00267211 1 1.91876e-06 0.00267019
777.06 0.00170791 1 1.7909e-06 0.00170612
777.5 0.00174366 1 1.67122e-06 0.00174199
777.94 -0.000220642 1 1.55922e-06 -0.000222201
778.37 0.0028142 1 1.45674e-06 0.00281274
778.81 0.0018498 1 1.35857e-06 0.00184844
779.25 -0.00111465 1 1.26676e-06 -0.00111591
779.69 -0.00207914 1 1.18092e-06 -0.00208032
780.13 -4.36687e-05 1 1.10067e-06 -4.47694e-05
780.56 -0.00300905 1 1.02731e-06 -0.00301008
781 2.63367e-05 1 9.57115e-07 2.53796e-05
781.44 0.00106168 1 8.91536e-07 0.00106079
781.88 0.00409699 1 8.30282e-07 0.00409616
782.31 -0.000868539 1 7.74337e-07 -0.000869313
782.75 -0.0018333 1 7.20847e-07 -0.00183402
783.19 -0.0017981 1 6.70915e-07 -0.00179877
783.63 0.00323707 1 6.24316e-07 0.00323645
784.06 0.00427142 1 5.81791e-07 0.00427083
784.5 -0.000693473 1 5.41166e-07 -0.000694014
784.94 0.00434161 1 5.03275e-07 0.00434111
785.37 -0.00262413 1 4.68718e-07 -0.0026246
785.81 0.000410903 1 4.35726e-07 0.000410468
786.25 0.00144591 1 4.04973e-07 0.00144551
786.69 0.0034809 1 3.76315e-07 0.00348052
787.12 0.00251507 1 3.502e-07 0.00251472
787.56 0.00155001 1 3.25288e-07 0.00154969
788 0.00258494 1 3.02086e-07 0.00258464
788.43 0.00161906 1 2.80957e-07 0.00161878
788.87 0.00265396 1 2.60813e-07 0.00265369
789.31 -0.000311163 1 2.42064e-07 -0.000311405
789.75 0.00272371 1 2.24618e-07 0.00272348
790.18 -0.00324223 1 2.08743e-07 -0.00324244
790.62 -0.00120738 1 1.9362e-07 -0.00120757
791.06 0.00182746 1 1.79557e-07 0.00182728
791.49 0.0038615 1 1.66768e-07 0.00386133
791.93 -0.000103671 1 1.54594e-07 -0.000103826
792.37 0.000931152 1 1.43279e-07 0.000931009
792.8 0.00396518 1 1.32995e-07 0.00396505
793.24 0 1 1.23212e-07 -1.23212e-07
793.68 0.00203482 1 1.14125e-07 0.0020347
794.11 0.00206885 1 1.05872e-07 0.00206874
794.55 0.00310367 1 9.80243e-08 0.00310357
794.99 0.000138499 1 9.07402e-08 0.000138408
795.42 0.00417254 1 8.41285e-08 0.00417246
795.86 0.00820738 1 7.78458e-08 0.0082073
796.3 0.00224223 1 7.20177e-08 0.00224216
796.73 0.000276294 1 6.67309e-08 0.000276227
797.17 -0.000688837 1 6.17102e-08 -0.000688899
797.61 0.00234604 1 5.70558e-08 0.00234599
798.04 0.00238015 1 5.28361e-08 0.00238009
798.48 -0.00158494 1 4.88314e-08 -0.00158499
798.91 0.00244919 1 4.52023e-08 0.00244915
799.35 0.00348414 1 4.17595e-08 0.0034841
799.79 -0.000480898 1 3.85711e-08 -0.000480937
800.22 0.00155329 1 3.56835e-08 0.00155326
800.66 0.0015883 1 3.29458e-08 0.00158827
801.1 0.00262333 1 3.0412e-08 0.0026233
