500.34 0.000621541 1 8.64777e-05 0.000535063
500.8 0.00167611 1 9.16929e-05 0.00158442
501.25 0.000729498 1 9.70789e-05 0.000632419
501.71 0.000784072 1 0.00010289 0.000681182
502.17 0.000838646 1 0.000109026 0.00072962
502.62 0.00189203 1 0.000115359 0.00177668
503.08 -5.33894e-05 1 0.000122187 -0.000175577
503.53 0 1 0.000129231 -0.000129231
503.99 0.00205458 1 0.000136823 0.00191775
504.44 0.00210797 1 0.000144652 0.00196331
504.9 0.00116254 1 0.000153086 0.00100945
505.36 0.00121711 1 0.000161977 0.00105514
505.81 0.0022705 1 0.000171139 0.00209936
506.27 0.00132507 1 0.000181002 0.00114407
506.72 0.00137846 1 0.000191162 0.0011873
507.18 0.00243303 1 0.000202094 0.00223093
507.63 0.00148641 1 0.00021335 0.00127306
508.09 0.00254097 1 0.000225457 0.00231552
508.54 -0.000405648 1 0.000237916 -0.000643565
509 0.00264891 1 0.000251312 0.0023976
509.45 0.00270228 1 0.000265091 0.00243719
509.91 0.000756838 1 0.000279899 0.000476939
510.36 0.000810204 1 0.000295125 0.000515079
510.82 0.00386475 1 0.00031148 0.00355327
511.27 0.00091811 1 0.000328288 0.000589822
511.73 0.00197265 1 0.000346336 0.00162631
512.19 0.00302719 1 0.000365298 0.00266189
512.64 8.05328e-05 1 0.000384773 -0.00030424
513.1 0.00213506 1 0.000405669 0.00172939
513.55 0.0021884 1 0.00042712 0.00176128
514.01 0.00224291 1 0.000450127 0.00179279
514.46 0.00329624 1 0.000473735 0.0028225
514.92 0.00335075 1 0.000499044 0.0028517
515.37 0.00440406 1 0.000525002 0.00387906
515.83 0.00145856 1 0.000552817 0.000905739
516.28 0.00251186 1 0.000581333 0.00193053
516.73 0.00256516 1 0.000611197 0.00195396
517.19 0.00261963 1 0.000643175 0.00197646
517.64 0.00367291 1 0.000675937 0.00299698
518.1 0.00272738 1 0.000711004 0.00201637
518.55 0.00478064 1 0.000746915 0.00403373
519.01 0.00383509 1 0.000785334 0.00304976
519.46 0.00388834 1 0.000824661 0.00306368
519.92 0.00294277 1 0.000866715 0.00207606
520.37 0.00299601 1 0.000909743 0.00208627
520.83 0.00305042 1 0.000955735 0.00209469
521.28 0.00210364 1 0.00100277 0.00110087
521.74 0.00515804 1 0.00105302 0.00410502
522.19 0.00421124 1 0.00110439 0.00310685
522.65 0.00326562 1 0.00115925 0.00210636
523.1 0.0023188 1 0.00121531 0.0011035
523.55 0.00537198 1 0.00127381 0.00409817
524.01 0.00542632 1 0.00133625 0.00409008
524.46 0.00447948 1 0.0014 0.00307948
524.92 0.0035338 1 0.001468 0.0020658
525.37 0.00458693 1 0.00153741 0.00304952
525.83 0.00364124 1 0.00161141 0.00202982
526.28 0.00469435 1 0.00168691 0.00300744
526.73 0.00374745 1 0.00176558 0.00198187
527.19 0.00380172 1 0.00184941 0.00195231
527.64 0.00285479 1 0.00193486 0.00091993
528.1 0.00590904 1 0.00202588 0.00388316
528.55 0.00696209 1 0.00211862 0.00484347
529.01 0.00401631 1 0.00221734 0.00179897
529.46 0.00706933 1 0.00231789 0.00475144
529.91 0.00612235 1 0.00242251 0.00369983
530.37 0.00617653 1 0.00253381 0.00364272
530.82 0.00622951 1 0.00264709 0.00358242
531.28 0.00728367 1 0.00276754 0.00451612
531.73 0.00733663 1 0.00289008 0.00444654
532.18 0.00638957 1 0.00301744 0.00337213
532.64 0.00744368 1 0.00315277 0.00429091
533.09 0.0074966 1 0.00329035 0.00420625
533.54 0.0075495 1 0.00343323 0.00411627
534 0.00860356 1 0.00358496 0.00501861
534.45 0.0106564 1 0.0037391 0.00691734
534.91 0.00771047 1 0.0039027 0.00380777
535.36 0.00776331 1 0.00406884 0.00369447
535.81 0.00981613 1 0.00424118 0.00557495
536.27 0.00787012 1 0.00442398 0.00344614
536.72 0.00992291 1 0.00460947 0.00531344
537.17 0.0109757 1 0.00480177 0.00617392
537.63 0.00902962 1 0.00500559 0.00402403
538.08 0.0130824 1 0.00521227 0.00787009
538.54 0.0131363 1 0.00543123 0.00770503
538.99 0.013189 1 0.00565317 0.0075358
539.44 0.0122417 1 0.00588298 0.00635868
539.9 0.0142955 1 0.00612627 0.00816924
540.35 0.0133482 1 0.00637269 0.00697546
540.8 0.0134008 1 0.00662768 0.00677311
541.26 0.0154546 1 0.00689744 0.00855714
541.71 0.0165072 1 0.00717049 0.00933669
542.16 0.0145598 1 0.00745283 0.00710693
542.62 0.0176135 1 0.00775131 0.00986218
543.07 0.017666 1 0.00805321 0.00961282
543.52 0.0167186 1 0.00836517 0.00835338
543.98 0.0177722 1 0.00869473 0.00907749
544.43 0.0188247 1 0.00902784 0.00979686
544.88 0.0178772 1 0.0093718 0.00850536
545.34 0.0199308 1 0.00973492 0.0101959
545.79 0.0199832 1 0.0101017 0.00988152
546.24 0.0190356 1 0.0104801 0.00855547
546.69 0.019088 1 0.0108705 0.00821744
547.15 0.0211415 1 0.0112823 0.0098592
547.6 0.0221938 1 0.0116978 0.010496
548.05 0.0212461 1 0.0121261 0.00912002
548.51 0.0232996 1 0.0125775 0.010722
548.96 0.0223519 1 0.0130327 0.00931912
549.41 0.0234041 1 0.0135017 0.00990244
549.86 0.0254563 1 0.0139846 0.0114717
550.32 0.0255097 1 0.0144931 0.0110166
550.77 0.0265619 1 0.0150054 0.0115565
551.22 0.025614 1 0.0155326 0.0100814
551.68 0.0266673 1 0.0160873 0.01058
552.13 0.0277194 1 0.0166457 0.0110737
552.58 0.0267715 1 0.01722 0.00955153
553.03 0.0298235 1 0.0178104 0.0120131
553.49 0.0278767 1 0.0184311 0.00944565
553.94 0.0309287 1 0.0190553 0.0118735
554.39 0.0309807 1 0.0196966 0.0112842
554.84 0.0320327 1 0.0203553 0.0116774
555.3 0.0330858 1 0.0210471 0.0120387
555.75 0.0351377 1 0.0217421 0.0133956
556.2 0.0351896 1 0.0224555 0.0127341
556.65 0.0342414 1 0.0231876 0.0110539
557.11 0.0372944 1 0.0239556 0.0133388
557.56 0.0383462 1 0.0247264 0.0136198
558.01 0.039398 1 0.0255169 0.0138811
558.46 0.0364497 1 0.0263272 0.0101225
558.92 0.0395026 1 0.0271765 0.0123261
559.37 0.0415543 1 0.0280281 0.0135262
559.82 0.0396059 1 0.0289005 0.0107054
560.27 0.0426576 1 0.029794 0.0128636
560.72 0.0437092 1 0.0307089 0.0130003
561.18 0.0427619 1 0.0316665 0.0110954
561.63 0.0448135 1 0.0326255 0.012188
562.08 0.045865 1 0.0336067 0.0122583
562.53 0.0439165 1 0.0346104 0.00930609
562.99 0.0459691 1 0.0356599 0.0103092
563.44 0.0480205 1 0.0367098 0.0113107
563.89 0.0490719 1 0.037783 0.011289
564.34 0.0491233 1 0.0388796 0.0102437
564.79 0.0521746 1 0.04 0.0121747
565.25 0.0522271 1 0.04117 0.0110571
565.7 0.0532784 1 0.0423389 0.0109395
566.15 0.0533296 1 0.0435322 0.0097974
566.6 0.0543809 1 0.0447501 0.00963076
567.05 0.0554321 1 0.0459927 0.00943936
567.5 0.0574832 1 0.0472602 0.010223
567.96 0.0595355 1 0.0485818 0.0109537
568.41 0.0585866 1 0.0499001 0.00868645
568.86 0.0616376 1 0.0512439 0.0103938
569.31 0.0606887 1 0.0526131 0.00807559
569.76 0.0607397 1 0.0540079 0.00673175
570.21 0.0627906 1 0.0554285 0.00736214
570.67 0.0608427 1 0.0569073 0.00393539
571.12 0.0638936 1 0.0583802 0.00551344
571.57 0.0659445 1 0.059879 0.00606549
572.02 0.0679953 1 0.0614038 0.0065915
572.47 0.0680461 1 0.0629547 0.00509143
572.92 0.0690969 1 0.0645316 0.00456526
573.37 0.0731476 1 0.0661346 0.00701298
573.83 0.0721994 1 0.0678002 0.00439925
574.28 0.0722501 1 0.0694558 0.00279423
574.73 0.0713007 1 0.0711375 0.000163201
575.18 0.0753513 1 0.0728451 0.00250621
575.63 0.0754018 1 0.0745785 0.000823339
576.08 0.0774524 1 0.0763377 0.00111469
576.53 0.0765028 1 0.0781225 -0.00161963
576.98 0.0795533 1 0.0799328 -0.000379487
577.44 0.0826048 1 0.0818095 0.000795319
577.89 0.0816552 1 0.0836709 -0.00201568
578.34 0.0837055 1 0.0855572 -0.0018517
578.79 0.0857558 1 0.0874684 -0.00171252
579.24 0.0848061 1 0.089404 -0.00459791
579.69 0.0868563 1 0.0913639 -0.00450761
580.14 0.0899065 1 0.0933479 -0.00344137
580.59 0.0909567 1 0.0953555 -0.00439888
581.04 0.0930068 1 0.0973866 -0.00437983
581.49 0.0950569 1 0.0994407 -0.00438389
581.95 0.096108 1 0.101564 -0.005456
582.4 0.098158 1 0.103664 -0.00550567
582.85 0.100208 1 0.105785 -0.00557731
583.3 0.102258 1 0.107928 -0.0056705
583.75 0.104308 1 0.110093 -0.00578478
584.2 0.106358 1 0.112277 -0.0059197
584.65 0.107407 1 0.114482 -0.00707477
585.1 0.111457 1 0.116707 -0.00524948
585.55 0.111507 1 0.11895 -0.0074433
586 0.111557 1 0.121212 -0.00965567
586.45 0.115606 1 0.123492 -0.00788602
586.9 0.117656 1 0.12579 -0.00813377
587.35 0.119705 1 0.128104 -0.00839827
587.8 0.122755 1 0.130434 -0.00767891
588.25 0.122804 1 0.132779 -0.00997501
588.71 0.127855 1 0.135192 -0.00733741
589.16 0.130904 1 0.137567 -0.00666268
589.61 0.131954 1 0.139955 -0.00800129
590.06 0.135003 1 0.142355 -0.00735248
590.51 0.136052 1 0.144768 -0.00871551
590.96 0.139101 1 0.147191 -0.00808957
591.41 0.144151 1 0.149624 -0.00547386
591.86 0.1462 1 0.152067 -0.00586757
592.31 0.148249 1 0.154519 -0.00626983
592.76 0.149298 1 0.156978 -0.00767979
593.21 0.151347 1 0.159443 -0.00809657
593.66 0.157396 1 0.161915 -0.00451927
594.11 0.158445 1 0.164392 -0.00594697
594.56 0.160494 1 0.166872 -0.00637873
595.01 0.164542 1 0.169356 -0.00481362
595.46 0.165591 1 0.171842 -0.00625066
595.91 0.17064 1 0.174329 -0.00368888
596.36 0.171689 1 0.176816 -0.00512728
596.81 0.174737 1 0.179302 -0.00456486
597.26 0.177786 1 0.181786 -0.00400059
597.71 0.179834 1 0.184268 -0.00443345
598.16 0.182883 1 0.186745 -0.0038624
598.61 0.187931 1 0.189218 -0.00128638
599.06 0.18698 1 0.191684 -0.00470434
599.51 0.190028 1 0.194143 -0.0041152
599.96 0.195076 1 0.196594 -0.00151789
600.41 0.197125 1 0.199036 -0.00191133
600.86 0.200173 1 0.201467 -0.00129444
601.31 0.202221 1 0.203887 -0.00166612
601.76 0.206269 1 0.206294 -2.52753e-05
602.21 0.209317 1 0.208688 0.000629176
602.65 0.212364 1 0.211014 0.00134996
603.1 0.215412 1 0.213378 0.00203454
603.55 0.21546 1 0.215724 -0.000264016
604 0.220508 1 0.218053 0.00245536
604.45 0.221556 1 0.220362 0.00119375
604.9 0.226604 1 0.222651 0.00395223
605.35 0.229651 1 0.224919 0.00473183
605.8 0.228699 1 0.227165 0.00153362
606.25 0.232747 1 0.229388 0.00335863
606.7 0.234794 1 0.231586 0.00320785
607.15 0.236842 1 0.233759 0.0030823
607.6 0.237889 1 0.235906 0.00198295
608.05 0.241937 1 0.238026 0.00391074
608.5 0.244984 1 0.240117 0.0048666
608.95 0.245031 1 0.24218 0.00285144
609.39 0.249077 1 0.244168 0.0049099
609.84 0.250125 1 0.24617 0.00395454
610.29 0.252172 1 0.248141 0.00403063
610.74 0.253219 1 0.25008 0.00313892
611.19 0.254266 1 0.251986 0.00228012
611.64 0.258313 1 0.253858 0.00445489
612.09 0.25836 1 0.255696 0.00266384
612.54 0.260407 1 0.257499 0.00290754
612.99 0.259454 1 0.259267 0.000186477
613.44 0.2625 1 0.260999 0.00150109
613.88 0.263546 1 0.262658 0.000888016
614.33 0.263593 1 0.264319 -0.000725785
614.78 0.267639 1 0.265942 0.00169698
615.23 0.267686 1 0.26753 0.000156451
615.68 0.268733 1 0.26908 -0.00034731
616.13 0.266779 1 0.270593 -0.00381434
616.58 0.267825 1 0.27207 -0.00424475
617.03 0.271872 1 0.273511 -0.00163879
617.47 0.272917 1 0.274884 -0.00196698
617.92 0.274963 1 0.276253 -0.00129014
618.37 0.275009 1 0.277588 -0.00257824
618.82 0.274056 1 0.278888 -0.00483195
619.27 0.275102 1 0.280154 -0.00505208
619.72 0.276148 1 0.281387 -0.00523957
620.17 0.277194 1 0.282589 -0.00539548
620.61 0.278238 1 0.283735 -0.00549635
621.06 0.279284 1 0.284878 -0.00559354
621.51 0.27733 1 0.285993 -0.00866323
621.96 0.280376 1 0.287083 -0.00670708
622.41 0.279421 1 0.288148 -0.00872692
622.86 0.280467 1 0.289192 -0.00872476
623.3 0.281512 1 0.290193 -0.00868123
623.75 0.284557 1 0.291199 -0.00664211
624.2 0.283603 1 0.292191 -0.00858796
624.65 0.283648 1 0.293169 -0.00952149
625.1 0.284693 1 0.294139 -0.00944558
625.54 0.283737 1 0.29508 -0.0113429
625.99 0.285783 1 0.29604 -0.0102575
626.44 0.289828 1 0.297 -0.00717237
626.89 0.288873 1 0.297964 -0.00909104
627.34 0.289918 1 0.298935 -0.00901735
627.78 0.292962 1 0.299896 -0.00693428
628.23 0.294007 1 0.300894 -0.00688759
628.68 0.294052 1 0.301912 -0.00786091
629.13 0.296096 1 0.302955 -0.00685872
629.58 0.296141 1 0.304027 -0.00788568
630.02 0.300185 1 0.305107 -0.00492262
630.47 0.301229 1 0.306251 -0.00502153
630.92 0.301274 1 0.307438 -0.00616432
631.37 0.307318 1 0.308674 -0.00135618
631.81 0.309362 1 0.309936 -0.000574105
632.26 0.310406 1 0.311285 -0.000878753
632.71 0.31345 1 0.312699 0.000751455
633.16 0.315494 1 0.314183 0.00131098
633.61 0.316539 1 0.315744 0.000794251
634.05 0.319582 1 0.31735 0.00223212
634.5 0.321626 1 0.319078 0.00254809
634.95 0.32667 1 0.320898 0.00577118
635.4 0.327713 1 0.322818 0.00489586
635.84 0.331756 1 0.324794 0.00696184
636.29 0.3358 1 0.326924 0.00887598
636.74 0.337844 1 0.329168 0.00867587
637.18 0.340886 1 0.331477 0.00940933
637.63 0.34593 1 0.333961 0.0119686
638.08 0.345973 1 0.336574 0.00939921
638.53 0.351017 1 0.33932 0.0116968
638.97 0.355059 1 0.342137 0.012922
639.42 0.359103 1 0.345158 0.0139449
639.87 0.359146 1 0.348322 0.0108237
640.32 0.366189 1 0.351634 0.0145554
640.76 0.370231 1 0.355016 0.015215
641.21 0.374274 1 0.358625 0.0156487
641.66 0.376317 1 0.362388 0.0139291
642.1 0.381359 1 0.366216 0.0151429
642.55 0.388402 1 0.370284 0.0181175
643 0.391445 1 0.374507 0.0169373
643.44 0.394486 1 0.378785 0.015701
643.89 0.400529 1 0.383312 0.0172173
644.34 0.405571 1 0.387989 0.0175829
644.79 0.409614 1 0.392813 0.0168004
645.23 0.412655 1 0.397671 0.0149844
645.68 0.418698 1 0.402778 0.01592
646.13 0.42374 1 0.40802 0.0157199
646.57 0.427781 1 0.413271 0.0145098
647.02 0.433823 1 0.418764 0.0150591
647.47 0.438865 1 0.424373 0.014492
647.91 0.444906 1 0.429963 0.0149439
648.36 0.447948 1 0.435777 0.0121711
648.81 0.45099 1 0.441682 0.00930828
649.25 0.454031 1 0.447533 0.00649852
649.7 0.460073 1 0.453584 0.00648868
650.15 0.466114 1 0.459693 0.0064218
650.59 0.473155 1 0.465708 0.00744661
651.04 0.478197 1 0.471892 0.00630453
651.48 0.481237 1 0.477955 0.00328177
651.93 0.488278 1 0.48416 0.00411881
652.38 0.48932 1 0.490352 -0.00103253
652.82 0.49436 1 0.496381 -0.00202094
653.27 0.498401 1 0.502504 -0.0041028
653.72 0.504442 1 0.508567 -0.00412511
654.16 0.507482 1 0.514422 -0.00693975
654.61 0.512523 1 0.520317 -0.0077941
655.06 0.515564 1 0.526101 -0.0105376
655.5 0.520604 1 0.531633 -0.0110292
655.95 0.523644 1 0.537146 -0.0135012
656.39 0.524684 1 0.542377 -0.0176931
656.84 0.526725 1 0.547548 -0.0208236
657.29 0.534765 1 0.55252 -0.0177549
657.73 0.538805 1 0.557172 -0.018367
658.18 0.539845 1 0.561698 -0.0218527
658.62 0.546884 1 0.56588 -0.0189962
659.07 0.553924 1 0.569894 -0.0159695
659.52 0.554964 1 0.573624 -0.0186594
659.96 0.556004 1 0.576982 -0.0209782
660.41 0.562044 1 0.580105 -0.018062
660.85 0.562082 1 0.582842 -0.0207599
661.3 0.567122 1 0.585303 -0.0181812
661.74 0.567161 1 0.587367 -0.0202061
662.19 0.571201 1 0.589115 -0.0179148
662.64 0.57424 1 0.590487 -0.0162464
663.08 0.577279 1 0.591453 -0.0141741
663.53 0.574318 1 0.592049 -0.0177312
663.97 0.577357 1 0.592242 -0.0148855
664.42 0.576396 1 0.592033 -0.0156373
664.86 0.580434 1 0.591426 -0.0109922
665.31 0.583473 1 0.59039 -0.00691663
665.75 0.582511 1 0.588967 -0.00645531
666.2 0.57955 1 0.58709 -0.00753986
666.65 0.583589 1 0.584787 -0.00119804
667.09 0.579627 1 0.582123 -0.0024965
667.54 0.578666 1 0.57898 -0.000314189
667.98 0.575703 1 0.575499 0.000204563
668.43 0.575742 1 0.571526 0.00421551
668.87 0.576779 1 0.567244 0.00953515
669.32 0.572818 1 0.562465 0.0103533
669.76 0.569855 1 0.557407 0.0124483
670.21 0.564893 1 0.55185 0.0130429
670.65 0.560931 1 0.546052 0.0148789
671.1 0.553969 1 0.539758 0.0142106
671.54 0.550006 1 0.533261 0.0167451
671.99 0.545044 1 0.526277 0.0187665
672.43 0.536081 1 0.519131 0.0169495
672.88 0.531118 1 0.511512 0.0196061
673.32 0.524155 1 0.503774 0.0203811
673.77 0.517193 1 0.495581 0.0216121
674.21 0.508229 1 0.487312 0.020917
674.66 0.497267 1 0.47861 0.0186564
675.1 0.489303 1 0.469878 0.0194247
675.55 0.48134 1 0.460738 0.0206026
675.99 0.473376 1 0.451612 0.0217643
676.44 0.461414 1 0.442106 0.0193079
676.88 0.45145 1 0.432659 0.0187908
677.33 0.439486 1 0.422861 0.0166255
677.77 0.425522 1 0.413166 0.0123565
678.22 0.416559 1 0.403152 0.0134074
678.66 0.406595 1 0.393282 0.0133132
679.11 0.393631 1 0.383126 0.0105058
679.55 0.382667 1 0.373153 0.00951436
679.99 0.371703 1 0.363155 0.00854778
680.44 0.359739 1 0.352921 0.00681744
680.88 0.346774 1 0.342924 0.00385025
681.33 0.33481 1 0.332725 0.00208555
681.77 0.326846 1 0.322793 0.00405274
682.22 0.310881 1 0.312692 -0.00181075
682.66 0.300916 1 0.302886 -0.00196999
683.11 0.289952 1 0.292944 -0.00299202
683.55 0.280987 1 0.283321 -0.0023336
683.99 0.272022 1 0.273806 -0.00178434
684.44 0.261057 1 0.2642 -0.00314315
684.88 0.248092 1 0.254942 -0.00684968
685.33 0.238127 1 0.245619 -0.00749226
685.77 0.225162 1 0.236658 -0.0114965
686.21 0.219196 1 0.227857 -0.00866142
686.66 0.206231 1 0.219031 -0.0128002
687.1 0.199265 1 0.210579 -0.0113141
687.55 0.1893 1 0.202124 -0.0128242
687.99 0.181334 1 0.194048 -0.0127137
688.44 0.172369 1 0.185988 -0.0136192
688.88 0.164403 1 0.178308 -0.013905
689.32 0.156436 1 0.170829 -0.0143926
689.77 0.149471 1 0.163392 -0.0139213
690.21 0.142504 1 0.15633 -0.0138255
690.65 0.135538 1 0.149476 -0.0139385
691.1 0.126572 1 0.142684 -0.016112
691.54 0.120605 1 0.136255 -0.01565
691.99 0.117639 1 0.129898 -0.0122586
692.43 0.110672 1 0.123893 -0.0132212
692.87 0.106705 1 0.118098 -0.0113924
693.32 0.0977388 1 0.112384 -0.0146452
693.76 0.0927717 1 0.107005 -0.0142329
694.2 0.0898044 1 0.101827 -0.012023
694.65 0.0858378 1 0.096739 -0.0109012
695.09 0.0788704 1 0.0919622 -0.0130918
695.53 0.0749028 1 0.0873782 -0.0124754
695.98 0.069936 1 0.0828856 -0.0129496
696.42 0.0679682 1 0.0786799 -0.0107117
696.86 0.0640004 1 0.0746549 -0.0106545
697.31 0.0610333 1 0.0707208 -0.0096875
697.75 0.0540653 1 0.0670476 -0.0129823
698.19 0.0540972 1 0.0635412 -0.009444
698.64 0.0501298 1 0.0601226 -0.00999284
699.08 0.0481615 1 0.0569386 -0.00877715
699.52 0.0451931 1 0.0539065 -0.00871337
699.97 0.0432254 1 0.0509572 -0.0077318
700.41 0.0402569 1 0.0482166 -0.00795975
700.85 0.0372882 1 0.0456124 -0.00832421
701.3 0.0333202 1 0.0430848 -0.00976464
701.74 0.0323514 1 0.040741 -0.00838963
702.18 0.0293824 1 0.0385182 -0.0091358
702.63 0.0284141 1 0.036365 -0.00795091
703.07 0.024445 1 0.0343721 -0.00992708
703.51 0.0234758 1 0.0324854 -0.00900963
703.96 0.0235072 1 0.0306609 -0.00715372
704.4 0.0225378 1 0.0289749 -0.00643713
704.84 0.0215683 1 0.0273813 -0.00581297
705.28 0.0195987 1 0.0258756 -0.00627685
705.73 0.0196297 1 0.0244222 -0.00479244
706.17 0.01366 1 0.0230815 -0.0094215
706.61 0.0176901 1 0.0218162 -0.00412609
707.06 0.0147208 1 0.0205962 -0.00587535
707.5 0.0147507 1 0.0194718 -0.00472107
707.94 0.0127806 1 0.0184116 -0.00563105
708.38 0.00981031 1 0.0174122 -0.00760185
708.83 0.00984062 1 0.0164493 -0.00660873
709.27 0.00987016 1 0.0155627 -0.00569258
709.71 0.00889961 1 0.0147273 -0.00582768
710.15 0.00792896 1 0.0139401 -0.00601112
710.6 0.00895887 1 0.013182 -0.00422314
711.04 0.00598802 1 0.0124841 -0.00649607
711.48 0.00601707 1 0.0118265 -0.0058094
711.92 0.00604603 1 0.0112068 -0.00516077
712.37 0.00407554 1 0.0106099 -0.00653438
712.81 0.00410429 1 0.0100602 -0.00595591
713.25 0.00413295 1 0.00954198 -0.00540903
713.69 0.00416151 1 0.00905334 -0.00489183
714.13 0.00118997 1 0.00859249 -0.00740252
714.58 0.00521897 1 0.00814813 -0.00292916
715.02 0.00124723 1 0.00773839 -0.00649116
715.46 0.000275383 1 0.0073516 -0.00707622
715.9 -0.00069656 1 0.00698636 -0.00768292
716.35 -0.000667969 1 0.00663371 -0.00730168
716.79 0.00135988 1 0.00630806 -0.00494818
717.23 0.00238764 1 0.00600019 -0.00361255
717.67 0.00241529 1 0.00570899 -0.0032937
718.11 -0.000557158 1 0.00543345 -0.00599061
718.56 0.00147091 1 0.00516684 -0.00369593
719 0.000498261 1 0.0049201 -0.00442184
719.44 0.000525505 1 0.00468629 -0.00416079
719.88 -0.000447352 1 0.00446464 -0.004912
720.32 0.000579688 1 0.00425442 -0.00367473
720.76 -0.000393374 1 0.00405494 -0.00444831
721.21 -0.00036593 1 0.00386137 -0.0042273
721.65 -0.0023392 1 0.00368171 -0.00602091
722.09 -0.000312572 1 0.003511 -0.00382357
722.53 -0.000286048 1 0.0033487 -0.00363475
722.97 -0.00125963 1 0.00319435 -0.00445398
723.41 -0.00223331 1 0.00304748 -0.00528079
723.86 -0.0032065 1 0.00290459 -0.00611109
724.3 -0.000180395 1 0.00277162 -0.00295201
724.74 0.000845608 1 0.00264494 -0.00179933
725.18 -0.00212849 1 0.00252423 -0.00465272
725.62 -0.0021027 1 0.00240915 -0.00451185
726.06 -0.00107701 1 0.00229941 -0.00337642
726.5 0.00194857 1 0.00219473 -0.000246158
726.95 -2.53707e-05 1 0.00209263 -0.002118
727.39 0 1 0.00199741 -0.00199741
727.83 -0.000974735 1 0.0019065 -0.00288123
728.27 5.04253e-05 1 0.00181969 -0.00176927
728.71 7.54812e-05 1 0.00173679 -0.0016613
729.15 0.000100434 1 0.00165759 -0.00155716
729.59 -0.00187472 1 0.00158193 -0.00345665
730.03 -0.00084997 1 0.00150963 -0.0023596
730.48 -0.00182476 1 0.00143901 -0.00326377
730.92 0.00119978 1 0.00137304 -0.000173267
731.36 -0.000775779 1 0.00130999 -0.00208577
731.8 -0.00175144 1 0.00124972 -0.00300116
732.24 0.00127281 1 0.00119211 8.0701e-05
732.68 -0.00170304 1 0.00113703 -0.00284007
733.12 0.00132101 1 0.00108437 0.000236632
733.56 0.00234496 1 0.00103403 0.00131092
734 0.00336882 1 0.000985911 0.00238291
734.44 0.000392579 1 0.000939906 -0.000547327
734.89 0.00241678 1 0.000894951 0.00152183
735.33 -0.000559644 1 0.000852956 -0.0014126
735.77 0.00346384 1 0.000812815 0.00265102
736.21 0.00148722 1 0.00077445 0.000712773
736.65 0.00151052 1 0.000737784 0.000772734
737.09 0.00353372 1 0.000702747 0.00283098
737.53 0.00255684 1 0.000669268 0.00188757
737.97 0.000579863 1 0.000637281 -5.74185e-05
738.41 0.000602799 1 0.000606725 -3.92555e-06
738.85 0.00262565 1 0.000577538 0.00204811
739.29 0.000648409 1 0.000549663 9.87465e-05
739.73 0.00267108 1 0.000523044 0.00214804
740.17 0.000693672 1 0.000497628 0.000196044
740.61 0.00171618 1 0.000473365 0.00124281
741.05 0.0037386 1 0.000450206 0.00328839
741.49 0.00176093 1 0.000428103 0.00133283
741.93 0.000783183 1 0.000407013 0.00037617
742.37 0.000805353 1 0.000386892 0.00041846
742.81 0.00282744 1 0.000367699 0.00245974
743.26 0.00484995 1 0.000348988 0.00450096
743.7 0.000871873 1 0.000331553 0.00054032
744.14 0.00289372 1 0.00031493 0.00257879
744.58 0.00291549 1 0.000299085 0.0026164
745.02 0.00193717 1 0.000283984 0.00165319
745.46 0.00295879 1 0.000269596 0.00268919
745.9 0.000980321 1 0.000255888 0.000724433
746.34 0.00200178 1 0.000242831 0.00175895
746.78 0.00102316 1 0.000230397 0.000792766
747.22 4.44722e-05 1 0.000218559 -0.000174086
747.66 -0.000934293 1 0.000207289 -0.00114158
748.1 0.00208687 1 0.000196563 0.00189031
748.54 0.00210796 1 0.000186356 0.0019216
748.98 0.00312898 1 0.000176646 0.00295233
749.42 0.00414992 1 0.000167409 0.00398251
749.86 0.0021708 1 0.000158625 0.00201217
750.29 0.00119113 1 0.000150459 0.00104068
750.73 0.00421187 1 0.00014251 0.00406936
751.17 0.00223255 1 0.000134955 0.00209759
751.61 0.00325315 1 0.000127776 0.00312537
752.05 0.000273686 1 0.000120956 0.00015273
752.49 0.00229416 1 0.000114478 0.00217968
752.93 0.00231456 1 0.000108325 0.00220624
753.37 0.0043349 1 0.000102484 0.00423242
753.81 0.00335518 1 9.69389e-05 0.00325824
754.25 0.00137539 1 9.1676e-05 0.00128372
754.69 0.00239554 1 8.66821e-05 0.00230886
755.13 0.00541563 1 8.19444e-05 0.00533369
755.57 0.00243566 1 7.74506e-05 0.00235821
756.01 0.00245563 1 7.31891e-05 0.00238244
756.45 0.00147554 1 6.91487e-05 0.00140639
756.89 0.00349538 1 6.53186e-05 0.00343007
757.33 0.00151517 1 6.16888e-05 0.00145349
757.77 0.00253491 1 5.82494e-05 0.00247666
758.21 0.00255458 1 5.49911e-05 0.00249959
758.64 0.000573756 1 5.19732e-05 0.000521783
759.08 -0.00240668 1 4.90472e-05 -0.00245573
759.52 0.00161283 1 4.62769e-05 0.00156655
759.96 0.00263229 1 4.36546e-05 0.00258863
760.4 0.00265169 1 4.11729e-05 0.00261052
760.84 -0.00132896 1 3.88247e-05 -0.00136778
761.28 0.000690339 1 3.66034e-05 0.000653736
761.72 -0.000290414 1 3.45025e-05 -0.000324917
762.16 0.000728782 1 3.25158e-05 0.000696266
762.6 0.000747928 1 3.06376e-05 0.000717291
763.03 0.00176659 1 2.89015e-05 0.00173769
763.47 0.00278564 1 2.72217e-05 0.00275842
763.91 0.00280464 1 2.56344e-05 0.00277901
764.35 0.0018236 1 2.41351e-05 0.00179946
764.79 0.000842507 1 2.2719e-05 0.000819788
765.23 0.00186137 1 2.13819e-05 0.00183999
765.67 -0.000119812 1 2.01195e-05 -0.000139932
766.11 0.00189896 1 1.8928e-05 0.00188003
766.54 0.00391727 1 1.78285e-05 0.00389944
766.98 -6.40451e-05 1 1.67662e-05 -8.08113e-05
767.42 0.000954601 1 1.57642e-05 0.000938837
767.86 0.00297321 1 1.48192e-05 0.00295839
768.3 0.00099177 1 1.39281e-05 0.000977842
768.74 1.02936e-05 1 1.30881e-05 -2.7945e-06
769.17 0.00402836 1 1.23138e-05 0.00401604
769.61 0.00304681 1 1.15667e-05 0.00303524
770.05 0.00306521 1 1.08628e-05 0.00305435
770.49 0.00408359 1 1.01998e-05 0.00407339
770.93 0.000101921 1 9.57539e-06 9.23459e-05
771.37 0.00512022 1 8.98745e-06 0.00511123
771.8 0.00113807 1 8.44619e-06 0.00112962
772.24 -0.000843699 1 7.92454e-06 -0.000851624
772.68 0.0011745 1 7.43366e-06 0.00116706
773.12 0.00219266 1 6.97184e-06 0.00218569
773.56 0.00121079 1 6.53744e-06 0.00120426
774 0.00322889 1 6.12892e-06 0.00322276
774.43 -0.000753447 1 5.75328e-06 -0.000759201
774.87 -0.000735408 1 5.39169e-06 -0.000740799
775.31 0.0032826 1 5.05184e-06 0.00327755
775.75 0.000300584 1 4.7325e-06 0.000295851
776.19 0.000318537 1 4.43248e-06 0.000314105
776.62 0.00233606 1 4.15689e-06 0.0023319
777.06 -0.000646044 1 3.89187e-06 -0.000649936
777.5 0.00537183 1 3.64304e-06 0.00536819
777.94 0.00138968 1 3.40945e-06 0.00138627
778.37 0.0034071 1 3.19506e-06 0.0034039
778.81 0.0014249 1 2.98905e-06 0.00142191
779.25 -0.000557323 1 2.79578e-06 -0.000560119
779.69 0.00146043 1 2.6145e-06 0.00145782
780.13 0.00147817 1 2.4445e-06 0.00147572
780.56 -0.00250452 1 2.28862e-06 -0.00250681
781 -0.000486832 1 2.13899e-06 -0.000488971
781.44 0.00153084 1 1.99875e-06 0.00152884
781.88 0.0025485 1 1.86735e-06 0.00254663
782.31 0.00056573 1 1.74695e-06 0.000563983
782.75 -0.00141665 1 1.63148e-06 -0.00141828
783.19 0.00160095 1 1.52334e-06 0.00159943
783.63 0.00261854 1 1.42209e-06 0.00261711
784.06 -0.000364292 1 1.3294e-06 -0.000365622
784.5 0.000653263 1 1.24057e-06 0.000652023
784.94 -0.000329195 1 1.15744e-06 -0.000330352
785.37 -0.00131206 1 1.08139e-06 -0.00131315
785.81 0.00270545 1 1.00855e-06 0.00270444
786.25 -0.000277044 1 9.40426e-07 -0.000277984
786.69 0.00474045 1 8.76736e-07 0.00473957
787.12 0.00275753 1 8.18511e-07 0.00275672
787.56 -0.000224993 1 7.62785e-07 -0.000225756
788 0.00279247 1 7.10715e-07 0.00279176
788.43 0.00280953 1 6.63141e-07 0.00280887
788.87 0.000826978 1 6.17636e-07 0.00082636
789.31 0.00284442 1 5.75142e-07 0.00284384
789.75 0.00186185 1 5.35468e-07 0.00186132
790.18 0.000878886 1 4.99247e-07 0.000878387
790.62 -0.00010369 1 4.6463e-07 -0.000104155
791.06 0.00091373 1 4.32329e-07 0.000913298
791.49 0.00393075 1 4.02857e-07 0.00393035
791.93 -0.00105184 1 3.74707e-07 -0.00105221
792.37 -0.00203442 1 3.48456e-07 -0.00203477
792.8 0.00098259 1 3.24519e-07 0.000982266
793.24 0 1 3.01668e-07 -3.01668e-07
793.68 0.00201741 1 2.80372e-07 0.00201713
794.11 0.00103442 1 2.60964e-07 0.00103416
794.55 0.00205184 1 2.42448e-07 0.00205159
794.99 -0.000930751 1 2.25203e-07 -0.000930976
795.42 0.00208627 1 2.09495e-07 0.00208606
795.86 0.00410369 1 1.94519e-07 0.0041035
796.3 0.00212111 1 1.80578e-07 0.00212093
796.73 -0.000861853 1 1.67889e-07 -0.000862021
797.17 -0.00184442 1 1.55796e-07 -0.00184457
797.61 0.000173022 1 1.44547e-07 0.000172878
798.04 0.00119007 1 1.34314e-07 0.00118994
798.48 0.000207529 1 1.24568e-07 0.000207404
798.91 0.0022246 1 1.15705e-07 0.00222448
799.35 0.00324207 1 1.07268e-07 0.00324196
799.79 0.00225955 1 9.94275e-08 0.00225945
800.22 0.00327665 1 9.23015e-08 0.00327655
800.66 0.00029415 1 8.55217e-08 0.000294065
801.1 0.00531167 1 7.92246e-08 0.00531159
