500.34 0.000285717 1 5.58697e-05 0.000229847
500.8 0.00038871 1 5.92851e-05 0.000329425
501.25 0.000489467 1 6.28151e-05 0.000426652
501.71 0.000592466 1 6.66267e-05 0.000525839
502.17 -0.000304533 1 7.06543e-05 -0.000375187
502.62 0.000796231 1 7.48143e-05 0.000721416
503.08 -0.00110077 1 7.9303e-05 -0.00118007
503.53 0 1 8.39371e-05 -8.39371e-05
503.99 0.000103005 1 8.89352e-05 1.40694e-05
504.44 0.00220377 1 9.40929e-05 0.00210968
504.9 -0.000693228 1 9.96532e-05 -0.000792881
505.36 0.000409773 1 0.000105519 0.000304254
505.81 0.00151053 1 0.000111569 0.00139896
506.27 0.000613529 1 0.000118086 0.000495444
506.72 0.000714283 1 0.000124803 0.00058948
507.18 0.00181727 1 0.000132037 0.00168523
507.63 0.000918017 1 0.00013949 0.000778527
508.09 0.001021 1 0.000147512 0.000873484
508.54 0.00312173 1 0.000155774 0.00296596
509 0.0022247 1 0.000164662 0.00206004
509.45 0.00132542 1 0.000173812 0.00115161
509.91 -0.000571627 1 0.000183651 -0.000755278
510.36 0.00152908 1 0.000193775 0.00133531
510.82 0.00363202 1 0.000204657 0.00342736
511.27 0.000732706 1 0.000215848 0.000516858
511.73 0.00183562 1 0.000227873 0.00160775
512.19 0.00193853 1 0.000240515 0.00169802
512.64 3.9191e-05 1 0.000253508 -0.000214317
513.1 0.00214208 1 0.000267458 0.00187462
513.55 0.00124271 1 0.000281789 0.000960924
514.01 0.00334557 1 0.000297169 0.00304841
514.46 0.00344619 1 0.000312961 0.00313322
514.92 0.00154902 1 0.000329902 0.00121912
515.37 0.00364961 1 0.000347288 0.00330232
515.83 0.00275241 1 0.000365931 0.00238648
516.28 0.00185297 1 0.000385055 0.00146791
516.73 0.00195351 1 0.000405096 0.00154841
517.19 0.00305626 1 0.000426569 0.00262969
517.64 0.00415677 1 0.000448583 0.00370819
518.1 0.00125949 1 0.00047216 0.000787334
518.55 0.00135997 1 0.000496319 0.000863647
519.01 0.00246265 1 0.000522182 0.00194047
519.46 0.00156309 1 0.000548672 0.00101442
519.92 0.000665735 1 0.000577017 8.87179e-05
520.37 0.000766131 1 0.000606036 0.000160095
520.83 0.00186874 1 0.000637072 0.00123166
521.28 0.000969091 1 0.000668832 0.000300259
521.74 0.00307165 1 0.000702784 0.00236887
522.19 0.00317196 1 0.000737512 0.00243445
522.65 0.00327448 1 0.00077462 0.00249986
523.1 0.00137474 1 0.000812558 0.000562186
523.55 0.00447498 1 0.000852178 0.00362281
524.01 0.00257743 1 0.000894486 0.00168294
524.46 0.00267762 1 0.000937709 0.00173991
524.92 0.000780011 1 0.000983842 -0.000203831
525.37 0.00488015 1 0.00103095 0.0038492
525.83 0.00298249 1 0.00108121 0.00190128
526.28 0.00208258 1 0.00113251 0.000950062
526.73 0.00218263 1 0.001186 0.00099663
527.19 0.00428489 1 0.00124303 0.00304186
527.64 0.00338489 1 0.00130119 0.00208369
528.1 0.00348708 1 0.00136318 0.00212391
528.55 0.00558702 1 0.00142637 0.00416065
529.01 0.00468916 1 0.00149368 0.00319548
529.46 0.00478904 1 0.00156227 0.00322677
529.91 0.000888886 1 0.00163367 -0.000744784
530.37 0.00299092 1 0.00170967 0.00128125
530.82 0.00609071 1 0.00178706 0.00430364
531.28 0.00719267 1 0.0018694 0.00532327
531.73 0.00329239 1 0.00195321 0.00133918
532.18 0.00639208 1 0.00204035 0.00435172
532.64 0.00549394 1 0.002133 0.00336094
533.09 0.00459355 1 0.00222724 0.00236632
533.54 0.00469313 1 0.00232516 0.00236797
534 0.00579488 1 0.00242919 0.0033657
534.45 0.00689439 1 0.00253493 0.00435946
534.91 0.00499606 1 0.00264721 0.00234885
535.36 0.00509549 1 0.00276129 0.0023342
535.81 0.00619488 1 0.00287969 0.00331519
536.27 0.00829644 1 0.00300532 0.00529111
536.72 0.00639575 1 0.00313288 0.00326287
537.17 0.00949502 1 0.00326518 0.00622984
537.63 0.00659645 1 0.00340546 0.00319099
538.08 0.00769564 1 0.00354778 0.00414786
538.54 0.00879699 1 0.00369863 0.00509836
538.99 0.0108961 1 0.0038516 0.00704449
539.44 0.00799515 1 0.00401007 0.00398509
539.9 0.0100964 1 0.0041779 0.00591846
540.35 0.00819534 1 0.00434798 0.00384736
540.8 0.00929427 1 0.00452405 0.00477022
541.26 0.00939535 1 0.00471039 0.00468495
541.71 0.0134942 1 0.00489909 0.00859509
542.16 0.010593 1 0.0050943 0.00549868
542.62 0.0116939 1 0.00530075 0.00639317
543.07 0.0127926 1 0.00550966 0.00728295
543.52 0.0118913 1 0.00572562 0.00616564
543.98 0.010992 1 0.00595386 0.00503819
544.43 0.0100906 1 0.00618464 0.00390595
544.88 0.0101891 1 0.00642305 0.00376605
545.34 0.0132897 1 0.00667484 0.0066149
545.79 0.0143881 1 0.00692925 0.00745889
546.24 0.0124865 1 0.00719187 0.00529461
546.69 0.0125848 1 0.00746291 0.00512188
547.15 0.0126852 1 0.00774887 0.00493634
547.6 0.0157834 1 0.00803754 0.00774586
548.05 0.0158815 1 0.00833525 0.00754629
548.51 0.0149818 1 0.00864913 0.00633268
548.96 0.0150798 1 0.00896574 0.00611409
549.41 0.0161778 1 0.00929203 0.00688578
549.86 0.0172757 1 0.0096282 0.00764752
550.32 0.0183758 1 0.00998229 0.00839347
550.77 0.0174736 1 0.0103391 0.00713445
551.22 0.0185713 1 0.0107065 0.00786482
551.68 0.0146712 1 0.0110932 0.00357802
552.13 0.0197688 1 0.0114825 0.00828628
552.58 0.0178664 1 0.0118831 0.00598326
553.03 0.0209639 1 0.0122951 0.00866875
553.49 0.0200635 1 0.0127284 0.00733514
553.94 0.0201609 1 0.0131642 0.0069967
554.39 0.0222582 1 0.0136122 0.00864608
554.84 0.0223555 1 0.0140724 0.00828307
555.3 0.0224549 1 0.0145559 0.00789894
555.75 0.023552 1 0.0150419 0.00851016
556.2 0.0236491 1 0.0155408 0.00810831
556.65 0.0247461 1 0.016053 0.00869316
557.11 0.0258452 1 0.0165904 0.00925481
557.56 0.0249421 1 0.01713 0.00781209
558.01 0.0280389 1 0.0176835 0.0103554
558.46 0.0271357 1 0.0182512 0.00888454
558.92 0.0272345 1 0.0188462 0.00838832
559.37 0.0293312 1 0.0194431 0.00988812
559.82 0.0284277 1 0.0200546 0.00837309
560.27 0.0295242 1 0.0206812 0.00884302
560.72 0.0286206 1 0.0213229 0.00729771
561.18 0.0287191 1 0.0219948 0.00672431
561.63 0.0328154 1 0.0226678 0.0101476
562.08 0.0319116 1 0.0233566 0.00855498
562.53 0.0320078 1 0.0240614 0.00794635
562.99 0.032106 1 0.0247985 0.00730744
563.44 0.033202 1 0.0255361 0.00766582
563.89 0.0322979 1 0.0262903 0.00600763
564.34 0.0353937 1 0.0270611 0.00833267
564.79 0.0354895 1 0.0278487 0.00764079
565.25 0.0345873 1 0.0286715 0.00591588
565.7 0.036683 1 0.0294937 0.00718929
566.15 0.0357785 1 0.0303332 0.00544531
566.6 0.037874 1 0.0311902 0.0066838
567.05 0.0389694 1 0.0320648 0.00690462
567.5 0.0390647 1 0.0329571 0.00610765
567.96 0.0411621 1 0.0338876 0.00727444
568.41 0.0412572 1 0.0348161 0.00644111
568.86 0.0413523 1 0.0357627 0.00558965
569.31 0.0414473 1 0.0367274 0.00471997
569.76 0.0435423 1 0.0377103 0.00583196
570.21 0.0436371 1 0.0387116 0.00492556
570.67 0.042734 1 0.0397541 0.00297993
571.12 0.0458287 1 0.0407926 0.00503613
571.57 0.0449233 1 0.0418495 0.00307376
572.02 0.0470178 1 0.042925 0.00409279
572.47 0.0481123 1 0.0440191 0.00409318
572.92 0.0452066 1 0.0451317 7.49172e-05
573.37 0.0493009 1 0.0462629 0.003038
573.83 0.0503972 1 0.0474384 0.00295877
574.28 0.0494913 1 0.0486071 0.000884158
574.73 0.0525853 1 0.0497944 0.00279095
575.18 0.0536793 1 0.0510001 0.00267919
575.63 0.0527731 1 0.0522242 0.000548925
576.08 0.0538669 1 0.0534666 0.000400232
576.53 0.0529605 1 0.0547273 -0.00176681
576.98 0.0560541 1 0.0560062 4.78967e-05
577.44 0.0571497 1 0.0573322 -0.00018249
577.89 0.0572431 1 0.0586474 -0.00140435
578.34 0.0613364 1 0.0599805 0.00135591
578.79 0.0584296 1 0.0613312 -0.00290156
579.24 0.0585228 1 0.0626994 -0.00417659
579.69 0.0616158 1 0.0640848 -0.002469
580.14 0.0617088 1 0.0654874 -0.00377861
580.59 0.0658016 1 0.0669068 -0.00110518
581.04 0.0648944 1 0.0683429 -0.00344851
581.49 0.0659871 1 0.0697954 -0.00380835
581.95 0.0680817 1 0.0712969 -0.00321521
582.4 0.0681742 1 0.0727818 -0.00460763
582.85 0.0702666 1 0.0742823 -0.00401575
583.3 0.0713589 1 0.0757981 -0.00443924
583.75 0.0734511 1 0.0773289 -0.00387781
584.2 0.0765432 1 0.0788743 -0.0023311
584.65 0.0776352 1 0.0804339 -0.00279877
585.1 0.0787271 1 0.0820075 -0.00328045
585.55 0.0798189 1 0.0835946 -0.00377575
586 0.0799106 1 0.0851949 -0.00528429
586.45 0.0820022 1 0.0868078 -0.00480565
586.9 0.0840937 1 0.0884331 -0.00433938
587.35 0.0831851 1 0.0900702 -0.00688506
587.8 0.0882764 1 0.0917186 -0.00344222
588.25 0.0883676 1 0.093378 -0.00501037
588.71 0.0904608 1 0.095085 -0.00462423
589.16 0.0955518 1 0.0967649 -0.00121311
589.61 0.0916427 1 0.0984541 -0.00681146
590.06 0.0977334 1 0.100152 -0.00241873
590.51 0.0958241 1 0.101859 -0.00603438
590.96 0.0999147 1 0.103573 -0.00365784
591.41 0.102005 1 0.105294 -0.00328853
591.86 0.102096 1 0.107021 -0.00492585
592.31 0.104186 1 0.108755 -0.00456919
592.76 0.105276 1 0.110494 -0.00521794
593.21 0.105366 1 0.112237 -0.00687146
593.66 0.111456 1 0.113985 -0.0025291
594.11 0.112546 1 0.115736 -0.0031902
594.56 0.114636 1 0.11749 -0.0028541
595.01 0.115725 1 0.119245 -0.00352011
595.46 0.117815 1 0.121002 -0.00318754
595.91 0.121904 1 0.12276 -0.000855695
596.36 0.121993 1 0.124517 -0.00252385
596.81 0.124082 1 0.126274 -0.0021913
597.26 0.124172 1 0.128029 -0.0038573
597.71 0.12726 1 0.129782 -0.00252112
598.16 0.128349 1 0.131531 -0.00318203
598.61 0.129438 1 0.133277 -0.00383926
599.06 0.132527 1 0.135019 -0.00249207
599.51 0.134615 1 0.136755 -0.00213969
599.96 0.135704 1 0.138485 -0.00278137
600.41 0.137792 1 0.140208 -0.00241634
600.86 0.14288 1 0.141924 0.000956177
601.31 0.140968 1 0.143631 -0.00266306
601.76 0.146056 1 0.145329 0.000726722
602.21 0.149144 1 0.147017 0.00212629
602.65 0.150229 1 0.148658 0.00157161
603.1 0.149317 1 0.150324 -0.00100722
603.55 0.150404 1 0.151978 -0.00157401
604 0.154492 1 0.15362 0.000872004
604.45 0.155579 1 0.155247 0.00033156
604.9 0.157666 1 0.15686 0.000805393
605.35 0.159753 1 0.158459 0.00129423
605.8 0.16284 1 0.160041 0.00279877
606.25 0.160926 1 0.161607 -0.000680279
606.7 0.165013 1 0.163155 0.00185776
607.15 0.167099 1 0.164686 0.00241356
607.6 0.169186 1 0.166198 0.00298777
608.05 0.168272 1 0.167691 0.000580995
608.5 0.173358 1 0.169164 0.00419385
608.95 0.172444 1 0.170617 0.00182692
609.39 0.174528 1 0.172017 0.00251042
609.84 0.175614 1 0.173428 0.00218504
610.29 0.175699 1 0.174818 0.000881411
610.74 0.175785 1 0.176185 -0.000400012
611.19 0.17987 1 0.177529 0.00234119
611.64 0.180955 1 0.17885 0.00210539
612.09 0.18104 1 0.180147 0.000892934
612.54 0.180125 1 0.181421 -0.0012959
612.99 0.18121 1 0.182671 -0.00146086
613.44 0.181294 1 0.183896 -0.00260176
613.88 0.182377 1 0.185071 -0.00269391
614.33 0.185461 1 0.186248 -0.000786866
614.78 0.188546 1 0.187401 0.00114447
615.23 0.18863 1 0.18853 0.000100075
615.68 0.189714 1 0.189634 7.98264e-05
616.13 0.187798 1 0.190714 -0.00291645
616.58 0.190881 1 0.19177 -0.000888997
617.03 0.191965 1 0.192803 -0.000838149
617.47 0.192047 1 0.193791 -0.00174398
617.92 0.19213 1 0.194778 -0.00264813
618.37 0.195213 1 0.195743 -0.000530338
618.82 0.193296 1 0.196687 -0.00339127
619.27 0.193379 1 0.197611 -0.00423168
619.72 0.194462 1 0.198514 -0.0040524
620.17 0.195544 1 0.199399 -0.0038544
620.61 0.196625 1 0.200247 -0.00362148
621.06 0.195707 1 0.201097 -0.00538962
621.51 0.19579 1 0.201932 -0.00614246
621.96 0.196872 1 0.202753 -0.00588136
622.41 0.197954 1 0.203561 -0.00560778
622.86 0.197035 1 0.204359 -0.00732332
623.3 0.201115 1 0.205129 -0.00401405
623.75 0.202197 1 0.20591 -0.00371315
624.2 0.201278 1 0.206685 -0.00540674
624.65 0.202359 1 0.207456 -0.00509685
625.1 0.20344 1 0.208226 -0.00478562
625.54 0.203519 1 0.208979 -0.00545996
625.99 0.2016 1 0.209753 -0.00815284
626.44 0.204681 1 0.210532 -0.00585143
626.89 0.206761 1 0.211319 -0.00455831
627.34 0.209841 1 0.212118 -0.00227615
627.78 0.20692 1 0.212911 -0.00599131
628.23 0.211 1 0.213739 -0.00273913
628.68 0.21008 1 0.214586 -0.00450645
629.13 0.211159 1 0.215456 -0.00429634
629.58 0.214239 1 0.216351 -0.00211191
630.02 0.216317 1 0.217254 -0.000937237
630.47 0.217396 1 0.218209 -0.00081303
630.92 0.219475 1 0.219199 0.000275846
631.37 0.220554 1 0.220228 0.000326058
631.81 0.220631 1 0.221274 -0.000643236
632.26 0.22271 1 0.222389 0.000320589
632.71 0.224788 1 0.223552 0.0012357
633.16 0.227867 1 0.224768 0.00309873
633.61 0.228945 1 0.226038 0.00290632
634.05 0.231021 1 0.227337 0.00368364
634.5 0.232099 1 0.228727 0.0033719
634.95 0.235177 1 0.230182 0.00499505
635.4 0.237254 1 0.231704 0.00555
635.84 0.24033 1 0.233262 0.00706824
636.29 0.242407 1 0.234927 0.0074796
636.74 0.245484 1 0.23667 0.00881425
637.18 0.246559 1 0.23845 0.00810926
637.63 0.249636 1 0.240351 0.0092848
638.08 0.248713 1 0.242336 0.00637655
638.53 0.251789 1 0.244407 0.00738256
638.97 0.254864 1 0.246515 0.00834831
639.42 0.25794 1 0.24876 0.00917992
639.87 0.261016 1 0.251094 0.00992146
640.32 0.264092 1 0.25352 0.0105721
640.76 0.264166 1 0.255979 0.00818638
641.21 0.269241 1 0.258585 0.0106558
641.66 0.272316 1 0.261283 0.0110336
642.1 0.27539 1 0.264008 0.0113815
642.55 0.276465 1 0.266885 0.00958002
643 0.28054 1 0.26985 0.0106895
643.44 0.281613 1 0.272834 0.00877887
643.89 0.287687 1 0.275969 0.0117178
644.34 0.290761 1 0.279187 0.0115742
644.79 0.293835 1 0.282485 0.0113508
645.23 0.295908 1 0.285782 0.0101254
645.68 0.297982 1 0.289226 0.00875517
646.13 0.303055 1 0.292738 0.0103169
646.57 0.305127 1 0.296233 0.00889393
647.02 0.3062 1 0.299865 0.00633582
647.47 0.309273 1 0.303548 0.00572543
647.91 0.313345 1 0.307194 0.00615067
648.36 0.314418 1 0.310962 0.00345556
648.81 0.31649 1 0.314762 0.00172793
649.25 0.321561 1 0.318502 0.00305886
649.7 0.325633 1 0.322344 0.00328934
650.15 0.328705 1 0.326194 0.00251077
650.59 0.330776 1 0.32996 0.000815724
651.04 0.335847 1 0.333802 0.00204507
651.48 0.338917 1 0.337542 0.00137526
651.93 0.343989 1 0.34134 0.0026489
652.38 0.34606 1 0.3451 0.000959511
652.82 0.347129 1 0.348732 -0.00160246
653.27 0.3452 1 0.352389 -0.00718882
653.72 0.349271 1 0.355978 -0.00670758
654.16 0.35234 1 0.359412 -0.00707263
654.61 0.35641 1 0.362836 -0.00642643
655.06 0.35748 1 0.366161 -0.00868087
655.5 0.358548 1 0.369305 -0.0107566
655.95 0.356618 1 0.372401 -0.0157829
656.39 0.361686 1 0.375301 -0.0136153
656.84 0.370755 1 0.378127 -0.00737194
657.29 0.373825 1 0.380801 -0.00697679
657.73 0.370892 1 0.383259 -0.0123672
658.18 0.370961 1 0.385603 -0.0146421
658.62 0.374028 1 0.387719 -0.0136913
659.07 0.379097 1 0.389695 -0.0105988
659.52 0.380165 1 0.391472 -0.011307
659.96 0.379231 1 0.393008 -0.0137764
660.41 0.384299 1 0.394365 -0.010066
660.85 0.381366 1 0.395477 -0.0141113
661.3 0.385433 1 0.396386 -0.0109528
661.74 0.388499 1 0.397046 -0.00854706
662.19 0.387566 1 0.397481 -0.00991524
662.64 0.388633 1 0.397669 -0.00903596
663.08 0.386698 1 0.397609 -0.0109103
663.53 0.389765 1 0.397294 -0.00752864
663.97 0.38683 1 0.396735 -0.00990486
664.42 0.386896 1 0.395904 -0.0090081
664.86 0.387961 1 0.394837 -0.00687644
665.31 0.388026 1 0.393484 -0.00545736
665.75 0.387091 1 0.391904 -0.00481356
666.2 0.386156 1 0.390027 -0.00387067
666.65 0.388221 1 0.387885 0.00033581
667.09 0.386285 1 0.385538 0.000746363
667.54 0.38435 1 0.382882 0.00146804
667.98 0.381413 1 0.380036 0.00137676
668.43 0.381477 1 0.376877 0.0046008
668.87 0.38054 1 0.373548 0.00699242
669.32 0.376604 1 0.369904 0.00670052
669.76 0.373667 1 0.366112 0.00755459
670.21 0.37073 1 0.362007 0.00872329
670.65 0.365792 1 0.357778 0.00801447
671.1 0.362856 1 0.35324 0.00961553
671.54 0.359917 1 0.348603 0.011314
671.99 0.35898 1 0.343665 0.0153149
672.43 0.349041 1 0.338654 0.010387
672.88 0.346104 1 0.333353 0.0127514
673.32 0.341165 1 0.328005 0.01316
673.77 0.335227 1 0.322379 0.0128483
674.21 0.331287 1 0.316734 0.0145534
674.66 0.322349 1 0.310825 0.0115238
675.1 0.318409 1 0.304926 0.0134833
675.55 0.30947 1 0.298779 0.0106918
675.99 0.30353 1 0.292668 0.0108621
676.44 0.298591 1 0.286327 0.0122636
676.88 0.29365 1 0.28005 0.0136004
677.33 0.284711 1 0.273561 0.0111492
677.77 0.278769 1 0.267162 0.0116079
678.22 0.269829 1 0.260571 0.00925861
678.66 0.262888 1 0.254093 0.00879495
679.11 0.255947 1 0.247445 0.00850292
679.55 0.246006 1 0.240932 0.00507384
679.99 0.240063 1 0.234417 0.00564639
680.44 0.234122 1 0.227763 0.00635969
680.88 0.22518 1 0.221274 0.00390554
681.33 0.218238 1 0.214667 0.00357166
681.77 0.211295 1 0.208243 0.00305258
682.22 0.202353 1 0.20172 0.000633778
682.66 0.19741 1 0.195396 0.00201427
683.11 0.185468 1 0.188992 -0.00352426
683.55 0.181524 1 0.182801 -0.00127668
683.99 0.17458 1 0.176686 -0.00210579
684.44 0.168637 1 0.170518 -0.00188097
684.88 0.160693 1 0.164578 -0.00388531
685.33 0.153749 1 0.158602 -0.0048524
685.77 0.145804 1 0.15286 -0.0070559
686.21 0.142859 1 0.147225 -0.0043656
686.66 0.133915 1 0.141576 -0.00766053
687.1 0.12797 1 0.136168 -0.00819843
687.55 0.125025 1 0.13076 -0.00573484
687.99 0.117079 1 0.125595 -0.00851587
688.44 0.111134 1 0.120442 -0.00930722
688.88 0.104188 1 0.115531 -0.0113428
689.32 0.101242 1 0.110749 -0.00950743
689.77 0.096296 1 0.105993 -0.00969724
690.21 0.093349 1 0.101476 -0.00812724
690.65 0.0874018 1 0.0970917 -0.00968986
691.1 0.0804556 1 0.0927449 -0.0122893
691.54 0.0775079 1 0.0886292 -0.0111212
691.99 0.0745612 1 0.0845573 -0.00999604
692.43 0.0716132 1 0.0807097 -0.0090965
692.87 0.0676649 1 0.0769935 -0.00932863
693.32 0.0627175 1 0.0733277 -0.0106102
693.76 0.0597688 1 0.0698739 -0.0101052
694.2 0.0568198 1 0.0665476 -0.00972777
694.65 0.0538718 1 0.0632756 -0.00940383
695.09 0.0499224 1 0.0602014 -0.010279
695.53 0.0449727 1 0.0572486 -0.0122759
695.98 0.046024 1 0.054352 -0.00832794
696.42 0.0440739 1 0.0516376 -0.00756363
696.86 0.0411236 1 0.0490371 -0.0079135
697.31 0.0411742 1 0.0464926 -0.00531839
697.75 0.0352235 1 0.0441142 -0.00889073
698.19 0.0342725 1 0.0418412 -0.0075687
698.64 0.0323224 1 0.0396224 -0.00730002
699.08 0.031371 1 0.0375534 -0.00618242
699.52 0.0284193 1 0.0355806 -0.00716125
699.97 0.0274685 1 0.0336592 -0.00619063
700.41 0.0245164 1 0.0318714 -0.00735496
700.85 0.0245641 1 0.0301704 -0.00560625
701.3 0.0196126 1 0.0285171 -0.00890449
701.74 0.0196598 1 0.0269819 -0.00732213
702.18 0.0177068 1 0.0255241 -0.00781731
702.63 0.0157546 1 0.0241099 -0.00835533
703.07 0.0158011 1 0.0227992 -0.00699806
703.51 0.0168474 1 0.0215566 -0.00470922
703.96 0.0168945 1 0.0203533 -0.00345882
704.4 0.0149403 1 0.0192398 -0.00429953
704.84 0.0119859 1 0.0181859 -0.00620002
705.28 0.0100312 1 0.0171888 -0.00715757
705.73 0.0120774 1 0.016225 -0.00414769
706.17 0.0101222 1 0.0153349 -0.00521262
706.61 0.0111669 1 0.0144937 -0.00332682
707.06 0.0082123 1 0.0136816 -0.00546933
707.5 0.00825647 1 0.0129323 -0.00467586
707.94 0.00830041 1 0.012225 -0.0039246
708.38 0.00734411 1 0.0115575 -0.00421336
708.83 0.00638856 1 0.0109137 -0.00452517
709.27 0.00543178 1 0.0103204 -0.00488859
709.71 0.00547477 1 0.00976073 -0.00428596
710.15 0.00551752 1 0.00923296 -0.00371545
710.6 0.00556099 1 0.00872435 -0.00316336
711.04 0.00260326 1 0.00825577 -0.00565251
711.48 0.00364528 1 0.00781399 -0.00416871
711.92 0.00268707 1 0.00739749 -0.00471041
712.37 0.00272956 1 0.00699614 -0.00426658
712.81 0.00177086 1 0.0066264 -0.00485553
713.25 0.00281192 1 0.00627775 -0.00346583
713.69 0.00185274 1 0.00594898 -0.00409624
714.13 -0.00110668 1 0.0056389 -0.00674558
714.58 -6.54336e-05 1 0.00533995 -0.00540538
715.02 -2.53482e-05 1 0.00506435 -0.00508969
715.46 1.44936e-05 1 0.00480427 -0.00478977
715.9 0.00305409 1 0.00455878 -0.00150469
716.35 -0.00190566 1 0.00432189 -0.00622755
716.79 0.00113344 1 0.00410328 -0.00296984
717.23 0.00117229 1 0.00389676 -0.00272446
717.67 0.0012109 1 0.00370159 -0.00249069
718.11 -0.000750732 1 0.0035171 -0.00426783
718.56 -0.000711753 1 0.00333878 -0.00405053
719 0.00032611 1 0.00317393 -0.00284782
719.44 -0.000636276 1 0.00301793 -0.00365421
719.88 0.00040109 1 0.00287024 -0.00246915
720.32 0.00243821 1 0.00273037 -0.00029216
720.76 -0.000524927 1 0.00259784 -0.00312276
721.21 0.000512519 1 0.00246944 -0.00195692
721.65 -0.00145112 1 0.00235047 -0.00380159
722.09 -0.000415012 1 0.00223761 -0.00265262
722.53 0.000620844 1 0.00213051 -0.00150966
722.97 -0.000343551 1 0.00202883 -0.00237238
723.41 -0.0013082 1 0.00193226 -0.00324046
723.86 -0.00227231 1 0.00183848 -0.00411079
724.3 0.00176253 1 0.00175139 1.11449e-05
724.74 -0.00120288 1 0.00166858 -0.00287146
725.18 -0.000168554 1 0.00158982 -0.00175837
725.62 -0.00213448 1 0.00151488 -0.00364936
726.06 -0.00210066 1 0.00144357 -0.00354423
726.5 0.0019329 1 0.00137567 0.000557227
726.95 0.00196696 1 0.00130959 0.000657371
727.39 0 1 0.00124807 -0.00124807
727.83 3.2784e-05 1 0.00118946 -0.00115668
728.27 0.00406531 1 0.0011336 0.00293171
728.71 0.00109759 1 0.00108036 1.7223e-05
729.15 -0.000870394 1 0.0010296 -0.0019
729.59 -0.000838625 1 0.000981196 -0.00181982
730.03 0.000192895 1 0.000935032 -0.000742136
730.48 0.000224876 1 0.000890019 -0.000665143
730.92 0.000255897 1 0.000848055 -0.000592158
731.36 0.000286674 1 0.000808016 -0.000521342
731.8 -0.000682791 1 0.000769811 -0.0014526
732.24 0.0043475 1 0.000733354 0.00361415
732.68 0.000377558 1 0.000698561 -0.000321003
733.12 0.00240738 1 0.000665355 0.00174202
733.56 0.000436958 1 0.000633663 -0.000196704
734 0.00446631 1 0.000603415 0.00386289
734.44 0.000495424 1 0.000574545 -7.9121e-05
734.89 0.00252496 1 0.000546379 0.00197858
735.33 0.000553617 1 0.000520109 3.35079e-05
735.77 0.00458204 1 0.000495037 0.00408701
736.21 0.00161024 1 0.000471109 0.00113913
736.65 0.00363822 1 0.000448276 0.00318994
737.09 0.00466598 1 0.000426488 0.00423949
737.53 0.00369351 1 0.000405699 0.00328781
737.97 0.00372083 1 0.000385864 0.00333496
738.41 0.00274793 1 0.000366943 0.00238099
738.85 0.00277482 1 0.000348894 0.00242592
739.29 0.00280149 1 0.000331679 0.00246981
739.73 0.00382795 1 0.000315262 0.00351269
740.17 0.0028542 1 0.000299607 0.0025546
740.61 -0.000119753 1 0.000284682 -0.000404435
741.05 0.00390609 1 0.000270454 0.00363563
741.49 0.00593172 1 0.000256892 0.00567483
741.93 0.00495715 1 0.000243968 0.00471318
742.37 0.00298238 1 0.000231652 0.00275073
742.81 0.00300741 1 0.000219919 0.00278749
743.26 0.00403281 1 0.000208495 0.00382431
743.7 0.00305744 1 0.000197862 0.00285958
744.14 0.00508188 1 0.000187738 0.00489414
744.58 0.00310613 1 0.000178098 0.00292803
745.02 0.00113018 1 0.000168922 0.00096126
745.46 0.00415405 1 0.000160189 0.00399386
745.9 0.00217773 1 0.000151879 0.00202585
746.34 0.00220122 1 0.000143972 0.00205725
746.78 0.00522453 1 0.000136452 0.00508808
747.22 0.00324766 1 0.0001293 0.00311836
747.66 0.00327061 1 0.000122499 0.00314811
748.1 0.00329338 1 0.000116034 0.00317735
748.54 0.00431598 1 0.000109889 0.00420609
748.98 0.00333839 1 0.000104049 0.00323435
749.42 0.00336064 1 9.85007e-05 0.00326214
749.86 0.00438271 1 9.32302e-05 0.00428948
750.29 0.00340412 1 8.83355e-05 0.00331578
750.73 0.00742586 1 8.35769e-05 0.00734228
751.17 0.00544743 1 7.90593e-05 0.00536837
751.61 0.00446884 1 7.47713e-05 0.00439407
752.05 0.00149008 1 7.07021e-05 0.00141938
752.49 0.00251117 1 6.68413e-05 0.00244433
752.93 0.00153209 1 6.31789e-05 0.00146891
753.37 0.00555286 1 5.97056e-05 0.00549315
753.81 0.00157347 1 5.64122e-05 0.00151705
754.25 0.000593922 1 5.329e-05 0.000540632
754.69 0.00661422 1 5.03307e-05 0.00656389
755.13 0.00663438 1 4.75264e-05 0.00658685
755.57 0.00165438 1 4.48696e-05 0.00160951
756.01 0.00367423 1 4.2353e-05 0.00363188
756.45 0.000693942 1 3.99697e-05 0.000653972
756.89 0.00271351 1 3.7713e-05 0.00267579
757.33 0.00273293 1 3.55768e-05 0.00269735
757.77 0.00375221 1 3.3555e-05 0.00371866
758.21 0.00377135 1 3.16418e-05 0.00373971
758.64 0.00178993 1 2.98719e-05 0.00176006
759.08 0.0018088 1 2.81578e-05 0.00178064
759.52 0.00182754 1 2.65368e-05 0.001801
759.96 0.00184615 1 2.50042e-05 0.00182114
760.4 0.000864625 1 2.35555e-05 0.000841069
760.84 -0.000117027 1 2.21863e-05 -0.000139213
761.28 0.00290119 1 2.08926e-05 0.0028803
761.72 0.00191929 1 1.96705e-05 0.00189962
762.16 -6.27367e-05 1 1.85162e-05 -8.12529e-05
762.6 0.000955114 1 1.74262e-05 0.000937688
763.03 0.00297244 1 1.64199e-05 0.00295602
763.47 0.00299006 1 1.54472e-05 0.00297461
763.91 0.00300756 1 1.45294e-05 0.00299303
764.35 0.00102494 1 1.36633e-05 0.00101128
764.79 0.00304221 1 1.28464e-05 0.00302937
765.23 0.00305937 1 1.20759e-05 0.0030473
765.67 0.00207642 1 1.13494e-05 0.00206507
766.11 0.00409336 1 1.06645e-05 0.0040827
766.54 0.00210982 1 1.00332e-05 0.00209978
766.98 -0.000873451 1 9.42404e-06 -0.000882875
767.42 0.00414318 1 8.85013e-06 0.00413433
767.86 0.00415971 1 8.30952e-06 0.0041514
768.3 0.00417614 1 7.8004e-06 0.00416834
768.74 0.00219247 1 7.32103e-06 0.00218515
769.17 0.00420834 1 6.87972e-06 0.00420146
769.61 0.00322448 1 6.45441e-06 0.00321803
770.05 0.00124053 1 6.0542e-06 0.00123448
770.49 0.00525649 1 5.67768e-06 0.00525082
770.93 0.000272366 1 5.32353e-06 0.000267042
771.37 0.00328815 1 4.99048e-06 0.00328316
771.8 0.000303492 1 4.68425e-06 0.000298808
772.24 -0.00268089 1 4.38949e-06 -0.00268528
772.68 -0.00166536 1 4.11246e-06 -0.00166947
773.12 -0.0016499 1 3.85215e-06 -0.00165376
773.56 0.00236547 1 3.60761e-06 0.00236186
774 0.00138077 1 3.37793e-06 0.00137739
774.43 0.00139565 1 3.167e-06 0.00139248
774.87 -0.0015892 1 2.96421e-06 -0.00159217
775.31 0.00242587 1 2.77386e-06 0.0024231
775.75 0.000440882 1 2.59522e-06 0.000438287
776.19 -0.000544178 1 2.42761e-06 -0.000546606
776.62 0.00347036 1 2.27383e-06 0.00346808
777.06 0.00348517 1 2.12615e-06 0.00348304
777.5 0.00149991 1 1.98766e-06 0.00149792
777.94 -0.000485403 1 1.85783e-06 -0.000487261
778.37 0.00352889 1 1.73881e-06 0.00352715
778.81 0.000543457 1 1.6246e-06 0.000541832
779.25 0.00255797 1 1.51759e-06 0.00255645
779.69 0.00157242 1 1.41735e-06 0.00157101
780.13 0.00158683 1 1.32347e-06 0.0015855
780.56 -0.00239915 1 1.2375e-06 -0.00240039
781 -0.00138484 1 1.15508e-06 -0.001386
781.44 0.00162941 1 1.07794e-06 0.00162833
781.88 0.00264362 1 1.00575e-06 0.00264261
782.31 0.00165746 1 9.39692e-07 0.00165652
782.75 -0.000328415 1 8.76419e-07 -0.000329291
783.19 -0.00131433 1 8.17245e-07 -0.00131515
783.63 0.000699709 1 7.61916e-07 0.000698947
784.06 0.000713396 1 7.1133e-07 0.000712684
784.5 -0.00127263 1 6.62913e-07 -0.0012733
784.94 0.0017413 1 6.1767e-07 0.00174068
785.37 0.00175489 1 5.7633e-07 0.00175431
785.81 0.00076876 1 5.36786e-07 0.000768223
786.25 0.0017826 1 4.99857e-07 0.0017821
786.69 0.00179642 1 4.65377e-07 0.00179595
787.12 0.000809897 1 4.33897e-07 0.000809463
787.56 0.00282366 1 4.03809e-07 0.00282326
788 0.00383741 1 3.75733e-07 0.00383703
788.43 0.000850821 1 3.50116e-07 0.000850471
788.87 0.00186453 1 3.25646e-07 0.0018642
789.31 0.00387822 1 3.02827e-07 0.00387791
789.75 0.00189189 1 2.81551e-07 0.00189161
790.18 0.00390524 1 2.62154e-07 0.00390498
790.62 -0.00108111 1 2.4364e-07 -0.00108136
791.06 -6.74762e-05 1 2.2639e-07 -6.77026e-05
791.49 0.00294584 1 2.10672e-07 0.00294563
791.93 -0.00104053 1 1.95679e-07 -0.00104073
792.37 -2.69168e-05 1 1.81718e-07 -2.70986e-05
792.8 0.00398639 1 1.69004e-07 0.00398622
793.24 0 1 1.56885e-07 -1.56885e-07
793.68 0.00201361 1 1.45605e-07 0.00201347
794.11 0.00102692 1 1.35341e-07 0.00102678
794.55 0.00404053 1 1.25561e-07 0.00404041
794.99 0.00205416 1 1.16466e-07 0.00205404
795.42 0.00206748 1 1.08193e-07 0.00206737
795.86 0.00508111 1 1.00316e-07 0.00508101
796.3 0.00209476 1 9.29949e-08 0.00209467
796.73 0.00210811 1 8.63398e-08 0.00210802
797.17 -0.000878215 1 8.00071e-08 -0.000878295
797.61 0.00213547 1 7.41243e-08 0.0021354
798.04 0.000148867 1 6.87802e-08 0.000148799
798.48 -0.000837408 1 6.36979e-08 -0.000837472
798.91 0.00317602 1 5.9083e-08 0.00317596
799.35 0.00218979 1 5.4696e-08 0.00218974
799.79 -0.00179642 1 5.06247e-08 -0.00179647
800.22 0.00421708 1 4.693e-08 0.00421704
800.66 -0.00176907 1 4.34198e-08 -0.00176912
801.1 0.0062448 1 4.01643e-08 0.00624476
