500.34 0.000272813 1 5.0798e-08 0.000272762
500.8 0.00166605 1 5.62009e-08 0.001666
501.25 0.00105075 1 6.20194e-08 0.00105069
501.71 -0.000555988 1 6.85649e-08 -0.000556057
502.17 -0.00316272 1 7.57726e-08 -0.0031628
502.62 0.001222 1 8.35259e-08 0.00122192
503.08 -0.000384727 1 9.22379e-08 -0.000384819
503.53 0 1 1.01602e-07 -1.01602e-07
503.99 -0.00360672 1 1.12116e-07 -0.00360684
504.44 -0.001222 1 1.23408e-07 -0.00122212
504.9 -0.00182873 1 1.36078e-07 -0.00182886
505.36 -0.00243546 1 1.49991e-07 -0.00243561
505.81 -0.00105075 1 1.64918e-07 -0.00105092
506.27 0.000342497 1 1.81645e-07 0.000342315
506.72 -0.000272813 1 1.99577e-07 -0.000273012
507.18 -0.000879586 1 2.19657e-07 -0.000879806
507.63 -0.00149492 1 2.41165e-07 -0.00149516
508.09 0.000898276 1 2.65232e-07 0.000898011
508.54 -0.00571709 1 2.90991e-07 -0.00571738
509 -0.00432393 1 3.19792e-07 -0.00432425
509.45 -0.000939339 1 3.50596e-07 -0.00093969
509.91 -0.00254622 1 3.8501e-07 -0.00254661
510.36 -0.00316168 1 4.21789e-07 -0.0031621
510.82 -0.00276861 1 4.62846e-07 -0.00276907
511.27 -0.00138412 1 5.06692e-07 -0.00138462
511.73 -0.00199111 1 5.55602e-07 -0.00199167
512.19 -0.00459813 1 6.09004e-07 -0.00459874
512.64 -0.00321373 1 6.65965e-07 -0.0032144
513.1 -0.00382083 1 7.29432e-07 -0.00382156
513.55 -0.0014365 1 7.97079e-07 -0.00143729
514.01 -0.00904367 1 8.72392e-07 -0.00904454
514.46 -0.00165941 1 9.52603e-07 -0.00166036
514.92 -0.00526666 1 1.04184e-06 -0.0052677
515.37 -0.00488249 1 1.1368e-06 -0.00488363
515.83 -0.00448983 1 1.24237e-06 -0.00449108
516.28 -0.00610576 1 1.35462e-06 -0.00610711
516.73 -0.00572173 1 1.47649e-06 -0.0057232
517.19 -0.00432921 1 1.61181e-06 -0.00433082
517.64 -0.00694528 1 1.75554e-06 -0.00694704
518.1 -0.00355288 1 1.915e-06 -0.00355479
518.55 -0.00516906 1 2.08425e-06 -0.00517114
519.01 -0.00777676 1 2.27189e-06 -0.00777904
519.46 -0.00639306 1 2.47089e-06 -0.00639553
519.92 -0.00400089 1 2.69133e-06 -0.00400358
520.37 -0.0066173 1 2.92493e-06 -0.00662023
520.83 -0.00822526 1 3.18352e-06 -0.00822844
521.28 -0.0038418 1 3.45733e-06 -0.00384526
521.74 -0.00444989 1 3.76019e-06 -0.00445365
522.19 -0.00606657 1 4.08063e-06 -0.00607065
522.65 -0.00567481 1 4.43479e-06 -0.00567924
523.1 -0.00529163 1 4.80923e-06 -0.00529644
523.55 -0.00590852 1 5.2134e-06 -0.00591374
524.01 -0.00451698 1 5.65958e-06 -0.00452264
524.46 -0.00613403 1 6.13076e-06 -0.00614016
524.92 -0.00774265 1 6.65051e-06 -0.0077493
525.37 -0.00835985 1 7.19895e-06 -0.00836705
525.83 -0.00896864 1 7.80345e-06 -0.00897644
526.28 -0.00758601 1 8.44083e-06 -0.00759445
526.73 -0.00520347 1 9.12699e-06 -0.00521259
527.19 -0.00281251 1 9.8824e-06 -0.00282239
527.64 -0.00543015 1 1.0678e-05 -0.00544082
528.1 -0.00803938 1 1.15532e-05 -0.00805093
528.55 -0.00765719 1 1.24742e-05 -0.00766967
529.01 -0.00826661 1 1.34866e-05 -0.0082801
529.46 -0.00688462 1 1.45511e-05 -0.00689917
529.91 -0.00350273 1 1.56941e-05 -0.00351842
530.37 -0.00911244 1 1.69489e-05 -0.00912939
530.82 -0.00473075 1 1.82669e-05 -0.00474902
531.28 -0.00734068 1 1.97129e-05 -0.00736039
531.73 -0.00795919 1 2.12304e-05 -0.00798042
532.18 -0.0085778 1 2.28564e-05 -0.00860066
532.64 -0.00518806 1 2.46383e-05 -0.0052127
533.09 -0.00680689 1 2.65061e-05 -0.0068334
533.54 -0.00642584 1 2.85052e-05 -0.00645434
534 -0.00703643 1 3.06933e-05 -0.00706712
534.45 -0.0036556 1 3.29843e-05 -0.00368858
534.91 -0.00526643 1 3.54898e-05 -0.00530192
535.36 -0.00688583 1 3.81111e-05 -0.00692395
535.81 -0.00550536 1 4.09113e-05 -0.00554627
536.27 -0.00811655 1 4.39701e-05 -0.00816052
536.72 -0.00573632 1 4.71664e-05 -0.00578349
537.17 -0.00835622 1 5.05769e-05 -0.0084068
537.63 -0.0049678 1 5.4298e-05 -0.00502209
538.08 -0.00758794 1 5.81818e-05 -0.00764613
538.54 -0.00419978 1 6.2416e-05 -0.0042622
538.99 -0.0058202 1 6.68319e-05 -0.00588703
539.44 -0.00444074 1 7.15345e-05 -0.00451227
539.9 -0.00605299 1 7.66553e-05 -0.00612964
540.35 -0.0076738 1 8.19895e-05 -0.00775579
540.8 -0.00729475 1 8.76633e-05 -0.00738242
541.26 -0.00590743 1 9.38344e-05 -0.00600126
541.71 -0.00752866 1 0.000100255 -0.00762892
542.16 -0.00615004 1 0.000107076 -0.00625711
542.62 -0.00576315 1 0.000114487 -0.00587764
543.07 -0.00438482 1 0.000122188 -0.00450701
543.52 -0.00600664 1 0.00013036 -0.006137
543.98 -0.0046202 1 0.000139227 -0.00475943
544.43 -0.00724232 1 0.00014843 -0.00739075
544.88 -0.0058646 1 0.000158185 -0.00602278
545.34 -0.00647863 1 0.000168757 -0.00664739
545.79 -0.00510122 1 0.000179718 -0.00528094
546.24 -0.00672396 1 0.000191321 -0.00691528
546.69 -0.00434686 1 0.0002036 -0.00455046
547.15 -0.00396155 1 0.000216887 -0.00417844
547.6 -0.00258478 1 0.000230639 -0.00281542
548.05 -0.00520817 1 0.000245175 -0.00545335
548.51 -0.00482337 1 0.000260885 -0.00508425
548.96 -0.0044471 1 0.000277126 -0.00472422
549.41 -0.00307099 1 0.000294272 -0.00336527
549.86 -0.00369506 1 0.000312367 -0.00400743
550.32 -0.00231096 1 0.000331891 -0.00264285
550.77 6.46209e-05 1 0.000352042 -0.000287421
551.22 -0.00255998 1 0.000373283 -0.00293326
551.68 -0.00717641 1 0.000396174 -0.00757259
552.13 -0.00280137 1 0.000419773 -0.00322114
552.58 -0.00442651 1 0.000444617 -0.00487113
553.03 -0.00205183 1 0.000470762 -0.00252259
553.49 -0.00366902 1 0.000498893 -0.00416791
553.94 -0.00429471 1 0.000527846 -0.00482256
554.39 -0.00192059 1 0.000558278 -0.00247887
554.84 -0.00154667 1 0.000590253 -0.00213692
555.3 -0.00216463 1 0.0006246 -0.00278923
555.75 0.000208912 1 0.000659893 -0.000450982
556.2 -0.00441774 1 0.00069693 -0.00511467
556.65 -0.0040446 1 0.000735781 -0.00478038
557.11 -0.00266336 1 0.000777446 -0.00344081
557.56 -0.00229061 1 0.000820189 -0.0031108
558.01 0.00108193 1 0.00086497 0.000216962
558.46 -0.00154572 1 0.000911869 -0.00245759
558.92 -0.00116532 1 0.000962082 -0.0021274
559.37 -0.00379339 1 0.00101351 -0.0048069
559.82 -0.00242167 1 0.0010673 -0.00348897
560.27 -0.00105016 1 0.00112354 -0.00217371
560.72 -0.00167887 1 0.00118233 -0.00286119
561.18 -0.00229954 1 0.00124513 -0.00354467
561.63 7.13284e-05 1 0.00130932 -0.00123799
562.08 -0.00155802 1 0.00137632 -0.00293435
562.53 -0.000187591 1 0.00144624 -0.00163383
562.99 0.00219084 1 0.00152081 0.000670032
563.44 0.00256083 1 0.0015969 0.000963926
563.89 0.00193059 1 0.0016762 0.000254392
564.34 0.000300129 1 0.0017588 -0.00145867
564.79 -0.000330561 1 0.00184481 -0.00217537
565.25 -0.00195328 1 0.00193636 -0.00388963
565.7 0.00141557 1 0.00202957 -0.000614001
566.15 0.00278418 1 0.00212651 0.000657678
566.6 -0.00184743 1 0.00222727 -0.0040747
567.05 0.000520715 1 0.00233197 -0.00181126
567.5 0.00288863 1 0.00244072 0.000447908
567.96 0.00126447 1 0.00255617 -0.00129171
568.41 0.00263189 1 0.00267343 -4.15353e-05
568.86 0.00099908 1 0.00279506 -0.00179598
569.31 0.00336602 1 0.00292117 0.000444851
569.76 0.00173272 1 0.00305188 -0.00131916
570.21 0.00309917 1 0.00318728 -8.81127e-05
570.67 0.00447351 1 0.00333067 0.00114284
571.12 0.00283946 1 0.00347592 -0.000636467
571.57 0.00220515 1 0.0036262 -0.00142105
572.02 0.00357059 1 0.00378162 -0.000211025
572.47 0.000935781 1 0.00394228 -0.0030065
572.92 0.00430071 1 0.00410829 0.000192425
573.37 0.00566538 1 0.00427974 0.00138564
573.83 0.00303789 1 0.00446075 -0.00142286
574.28 0.00540203 1 0.00464355 0.000758488
574.73 0.00476591 1 0.00483209 -6.61762e-05
575.18 0.00412953 1 0.00502648 -0.000896953
575.63 0.00749288 1 0.00522682 0.00226606
576.08 0.00285596 1 0.00543318 -0.00257722
576.53 0.00421877 1 0.00564566 -0.00142689
576.98 0.0065813 1 0.00586434 0.000716964
577.44 0.00495162 1 0.00609437 -0.00114276
577.89 0.0073136 1 0.00632584 0.000987763
578.34 0.0066753 1 0.00656373 0.000111577
578.79 0.00603673 1 0.00680812 -0.000771386
579.24 0.00639788 1 0.00705907 -0.000661191
579.69 0.00875874 1 0.00731664 0.0014421
580.14 0.00611933 1 0.00758088 -0.00146156
580.59 0.00747962 1 0.00785185 -0.000372226
581.04 0.00683963 1 0.00812957 -0.00128994
581.49 0.00719935 1 0.0084141 -0.00121475
581.95 0.00856676 1 0.008712 -0.000145235
582.4 0.0079259 1 0.00901035 -0.00108446
582.85 0.00828473 1 0.00931558 -0.00103085
583.3 0.00864328 1 0.00962768 -0.000984407
583.75 0.0110015 1 0.00994667 0.00105485
584.2 0.0103595 1 0.0102725 8.69403e-05
584.65 0.0117171 1 0.0106053 0.00111186
585.1 0.0100745 1 0.0109448 -0.000870361
585.55 0.0104315 1 0.0112912 -0.000859704
586 0.0107882 1 0.0116444 -0.00085613
586.45 0.0111447 1 0.0120043 -0.000859596
586.9 0.0145008 1 0.0123708 0.00212995
587.35 0.0128566 1 0.012744 0.000112571
587.8 0.0122121 1 0.0131237 -0.000911666
588.25 0.0145673 1 0.0135099 0.00105732
588.71 0.01493 1 0.0139113 0.00101871
589.16 0.0142846 1 0.0143103 -2.5731e-05
589.61 0.0156388 1 0.0147154 0.000923352
590.06 0.0149927 1 0.0151266 -0.000133927
590.51 0.0173463 1 0.0155437 0.00180256
590.96 0.0166995 1 0.0159666 0.000732948
591.41 0.0170524 1 0.0163951 0.000657386
591.86 0.017405 1 0.016829 0.000576031
592.31 0.0177573 1 0.0172683 0.000489048
592.76 0.0191093 1 0.0177127 0.00139662
593.21 0.0204609 1 0.018162 0.00229892
593.66 0.0208122 1 0.018616 0.00219615
594.11 0.0191631 1 0.0190746 8.85254e-05
594.56 0.0215137 1 0.0195375 0.00197625
595.01 0.022864 1 0.0200044 0.00285955
595.46 0.0212139 1 0.0204752 0.000738667
595.91 0.0235635 1 0.0209496 0.00261384
596.36 0.0239127 1 0.0214274 0.00248531
596.81 0.0232616 1 0.0219083 0.00135335
597.26 0.0226101 1 0.0223919 0.00021822
597.71 0.0229583 1 0.0228781 8.02022e-05
598.16 0.0243062 1 0.0233666 0.000939578
598.61 0.0246537 1 0.023857 0.00079664
599.06 0.0270008 1 0.0243491 0.00265168
599.51 0.0283476 1 0.0248426 0.00350501
599.96 0.027694 1 0.0253371 0.00235694
600.41 0.0280401 1 0.0258323 0.00220778
600.86 0.0283858 1 0.0263279 0.00205786
601.31 0.0277311 1 0.0268237 0.000907487
601.76 0.0290761 1 0.0273191 0.001757
602.21 0.0314207 1 0.027814 0.00360674
602.65 0.0307573 1 0.028297 0.00246034
603.1 0.0291012 1 0.0287897 0.000311495
603.55 0.0294447 1 0.0292809 0.000163863
604 0.0297879 1 0.0297701 1.77844e-05
604.45 0.0301306 1 0.030257 -0.000126404
604.9 0.032473 1 0.0307414 0.00173163
605.35 0.031815 1 0.0312228 0.000592228
605.8 0.0331567 1 0.031701 0.00145571
606.25 0.0344979 1 0.0321755 0.00232241
606.7 0.0348388 1 0.0326462 0.00219264
607.15 0.0341793 1 0.0331126 0.00106672
607.6 0.0335194 1 0.0335744 -5.50386e-05
608.05 0.0328591 1 0.0340314 -0.00117234
608.5 0.0331984 1 0.0344833 -0.00128489
608.95 0.0335374 1 0.0349298 -0.00139241
609.39 0.0378684 1 0.0353608 0.00250758
609.84 0.0362065 1 0.0357957 0.000410791
610.29 0.0355443 1 0.0362245 -0.000680197
610.74 0.0358817 1 0.0366468 -0.000765155
611.19 0.0362186 1 0.0370625 -0.000843867
611.64 0.0375552 1 0.0374713 8.3866e-05
612.09 0.0378913 1 0.0378731 1.82245e-05
612.54 0.0372271 1 0.0382677 -0.00104063
612.99 0.0385624 1 0.038655 -9.25505e-05
613.44 0.0378974 1 0.0390348 -0.00113742
613.88 0.0392245 1 0.0393989 -0.000174376
614.33 0.0395586 1 0.0397636 -0.000205025
614.78 0.0378923 1 0.0401207 -0.00222839
615.23 0.0382256 1 0.0404701 -0.00224445
615.68 0.0385585 1 0.0408117 -0.0022532
616.13 0.040891 1 0.0411456 -0.000254666
616.58 0.038223 1 0.0414719 -0.0032489
617.03 0.0405546 1 0.0417906 -0.00123598
617.47 0.0418785 1 0.042095 -0.000216537
617.92 0.0402093 1 0.0423991 -0.00218983
618.37 0.0405397 1 0.042696 -0.00215639
618.82 0.0408696 1 0.042986 -0.00211642
619.27 0.0431991 1 0.0432693 -7.0157e-05
619.72 0.0405282 1 0.043546 -0.00301786
620.17 0.0398568 1 0.0438166 -0.00395983
620.61 0.0411777 1 0.0440756 -0.00289787
621.06 0.0445055 1 0.044335 0.0001705
621.51 0.0438329 1 0.0445893 -0.000756478
621.96 0.0401598 1 0.044839 -0.00467923
622.41 0.0424862 1 0.0450844 -0.0025982
622.86 0.0428122 1 0.0453261 -0.00251389
623.3 0.0431306 1 0.0455594 -0.00242877
623.75 0.0464557 1 0.0457952 0.000660494
624.2 0.0457804 1 0.046029 -0.000248589
624.65 0.0451047 1 0.0462613 -0.00115662
625.1 0.0444285 1 0.0464927 -0.00206421
625.54 0.0447446 1 0.0467187 -0.00197408
625.99 0.0460675 1 0.0469503 -0.000882776
626.44 0.04439 1 0.047183 -0.00279305
626.89 0.0457119 1 0.0474176 -0.00170563
627.34 0.0490335 1 0.0476547 0.00137877
627.78 0.0453474 1 0.0478897 -0.00254235
628.23 0.046668 1 0.0481341 -0.00146614
628.68 0.0469881 1 0.0483834 -0.00139522
629.13 0.0473078 1 0.0486382 -0.00133035
629.58 0.049627 1 0.0488993 0.0007277
630.02 0.0489387 1 0.0491616 -0.000222889
630.47 0.047257 1 0.0494376 -0.00218062
630.92 0.0505748 1 0.0497223 0.000852521
631.37 0.0498921 1 0.0500163 -0.00012421
631.81 0.0512019 1 0.0503136 0.000888284
632.26 0.0515183 1 0.0506285 0.000889864
632.71 0.0508342 1 0.0509548 -0.000120576
633.16 0.0531497 1 0.0512934 0.00185629
633.61 0.0524646 1 0.0516448 0.000819826
634.05 0.0517721 1 0.0520014 -0.000229307
634.5 0.0530861 1 0.05238 0.000706101
634.95 0.0543996 1 0.0527731 0.00162648
635.4 0.0557126 1 0.0531812 0.00253136
635.84 0.0570181 1 0.0535952 0.00342294
636.29 0.0543302 1 0.0540343 0.000295929
636.74 0.0596417 1 0.0544894 0.0051523
637.18 0.0579459 1 0.0549503 0.00299556
637.63 0.0562564 1 0.055438 0.000818381
638.08 0.0575665 1 0.0559424 0.00162403
638.53 0.056876 1 0.0564636 0.000412472
638.97 0.0591782 1 0.0569892 0.002189
639.42 0.0614868 1 0.0575432 0.00394356
639.87 0.0597948 1 0.0581136 0.00168125
640.32 0.0591024 1 0.0587001 0.000402343
640.76 0.0614026 1 0.0592887 0.00211394
641.21 0.0617092 1 0.0599058 0.00180337
641.66 0.0630152 1 0.0605376 0.00247756
642.1 0.0653139 1 0.061169 0.00414486
642.55 0.0636189 1 0.061828 0.00179087
643 0.0619234 1 0.0624996 -0.000576188
643.44 0.0652206 1 0.0631675 0.00205314
643.89 0.0655241 1 0.0638611 0.001663
644.34 0.065827 1 0.0645642 0.00126278
644.79 0.0661294 1 0.0652758 0.000853658
645.23 0.0674246 1 0.0659784 0.00144624
645.68 0.068726 1 0.0667026 0.00202335
646.13 0.0680268 1 0.0674312 0.000595593
646.57 0.0703205 1 0.0681464 0.0021741
647.02 0.0696203 1 0.068879 0.000741282
647.47 0.0729195 1 0.0696112 0.00330835
647.91 0.0712116 1 0.070325 0.000886585
648.36 0.0725098 1 0.0710512 0.00145859
648.81 0.0738074 1 0.0717716 0.00203581
649.25 0.072098 1 0.0724686 -0.000370683
649.7 0.0733945 1 0.073172 0.000222529
650.15 0.0746906 1 0.0738638 0.000826762
650.59 0.0749795 1 0.0745271 0.000452384
651.04 0.0722745 1 0.0751901 -0.00291562
651.48 0.0755623 1 0.0758213 -0.000258929
651.93 0.0758562 1 0.0764473 -0.000591118
652.38 0.0771495 1 0.0770516 9.78842e-05
652.82 0.0754358 1 0.0776195 -0.00218373
653.27 0.077728 1 0.0781747 -0.000446748
653.72 0.0790197 1 0.0787021 0.000317526
654.16 0.0783043 1 0.0791889 -0.000884654
654.61 0.0795948 1 0.0796554 -6.05548e-05
655.06 0.0798848 1 0.0800882 -0.000203335
655.5 0.0771678 1 0.080477 -0.00330913
655.95 0.0754567 1 0.0808377 -0.00538099
656.39 0.0717386 1 0.0811527 -0.00941408
656.84 0.0740263 1 0.0814346 -0.00740828
657.29 0.0833135 1 0.0816744 0.00163917
657.73 0.0805938 1 0.0818665 -0.00127277
658.18 0.0798798 1 0.0820185 -0.00213874
658.62 0.0831589 1 0.0821224 0.00103652
659.07 0.0774438 1 0.0821817 -0.0047379
659.52 0.0787281 1 0.0821926 -0.00346442
659.96 0.0810056 1 0.0821554 -0.00114982
660.41 0.0812888 1 0.0820678 -0.000779012
660.85 0.0795651 1 0.0819329 -0.00236785
661.3 0.0788471 1 0.0817442 -0.0028971
661.74 0.0791223 1 0.0815096 -0.00238733
662.19 0.0794031 1 0.0812182 -0.00181508
662.64 0.0776834 1 0.0808746 -0.00319126
663.08 0.0779568 1 0.0804883 -0.00253145
663.53 0.0792359 1 0.0800417 -0.000805802
663.97 0.0765082 1 0.0795551 -0.00304685
664.42 0.0787861 1 0.0790066 -0.000220531
664.86 0.0780573 1 0.0784214 -0.000364103
665.31 0.077334 1 0.0777733 -0.000439334
665.75 0.074604 1 0.0770921 -0.00248812
666.2 0.0758795 1 0.0763477 -0.000468186
666.65 0.0761544 1 0.0755561 0.000598306
667.09 0.0754226 1 0.0747377 0.000684944
667.54 0.0776963 1 0.0738565 0.00383981
667.98 0.0739634 1 0.0729532 0.00101021
668.43 0.0732359 1 0.0719881 0.00124781
668.87 0.0735017 1 0.0710057 0.00249605
669.32 0.070773 1 0.0699631 0.00080994
669.76 0.0710377 1 0.0689083 0.00212935
670.21 0.0683078 1 0.0677954 0.000512385
670.65 0.0675712 1 0.0666755 0.000895684
671.1 0.0678401 1 0.0654999 0.00234012
671.54 0.0661023 1 0.0643228 0.00177949
671.99 0.0633699 1 0.0630928 0.00027711
672.43 0.064631 1 0.0618666 0.00276433
672.88 0.0628973 1 0.0605908 0.00230658
673.32 0.0631572 1 0.059324 0.00383315
673.77 0.0604223 1 0.058011 0.00241123
674.21 0.0596809 1 0.0567124 0.0029685
674.66 0.0579447 1 0.0553712 0.00257351
675.1 0.0562021 1 0.0540493 0.00215277
675.55 0.0524647 1 0.0526888 -0.000224157
675.99 0.0557208 1 0.0513524 0.00436847
676.44 0.0539821 1 0.0499813 0.00400087
676.88 0.051237 1 0.0486386 0.00259842
677.33 0.0514971 1 0.0472654 0.00423165
677.77 0.0487507 1 0.0459247 0.00282598
678.22 0.0470095 1 0.0445576 0.0024519
678.66 0.0452619 1 0.0432266 0.00203525
679.11 0.0435194 1 0.0418732 0.00164614
679.55 0.0427705 1 0.0405593 0.00221121
679.99 0.040021 1 0.0392563 0.00076471
680.44 0.0422765 1 0.0379366 0.0043399
680.88 0.0405257 1 0.0366605 0.00386523
681.33 0.03478 1 0.0353714 -0.000591468
681.77 0.0350279 1 0.0341281 0.000899835
682.22 0.0352808 1 0.0328753 0.00240559
682.66 0.0325275 1 0.0316698 0.000857659
683.11 0.0317791 1 0.0304582 0.00132089
683.55 0.0300245 1 0.0292953 0.000729201
683.99 0.0282692 1 0.0281548 0.000114422
684.44 0.0245188 1 0.0270125 -0.00249365
684.88 0.0237622 1 0.0259199 -0.00215766
685.33 0.0220105 1 0.0248281 -0.00281759
685.77 0.0212527 1 0.0237863 -0.00253363
686.21 0.0214941 1 0.0227703 -0.00127622
686.66 0.0207404 1 0.0217586 -0.00101815
687.1 0.0189806 1 0.0207963 -0.00181571
687.55 0.0182255 1 0.01984 -0.00161455
687.99 0.0184643 1 0.0189326 -0.000468258
688.44 0.0177079 1 0.0180328 -0.000324887
688.88 0.0149454 1 0.0171807 -0.00223533
689.32 0.0171822 1 0.0163561 0.000826145
689.77 0.0134238 1 0.015541 -0.00211726
690.21 0.0126593 1 0.0147716 -0.00211238
690.65 0.0108941 1 0.0140293 -0.00313524
691.1 0.0131336 1 0.0132979 -0.000164359
691.54 0.0103671 1 0.0126097 -0.00224261
691.99 0.00960515 1 0.0119329 -0.00232774
692.43 0.00683728 1 0.0112973 -0.00446006
692.87 0.00506873 1 0.0106873 -0.00561852
693.32 0.00830475 1 0.0100892 -0.00178443
693.76 0.00853484 1 0.00952922 -0.00099438
694.2 0.00676425 1 0.00899329 -0.00222904
694.65 0.00399818 1 0.00846948 -0.0044713
695.09 0.00622621 1 0.0079805 -0.00175429
695.53 0.00445357 1 0.00751387 -0.0030603
695.98 0.00468538 1 0.00705914 -0.00237375
696.42 0.00391135 1 0.00663588 -0.00272453
696.86 0.00413664 1 0.00623314 -0.0020965
697.31 0.00136633 1 0.00584179 -0.00447546
697.75 0.000590219 1 0.00547859 -0.00488837
698.19 0.000813417 1 0.00513397 -0.00432055
698.64 0.00204097 1 0.00480006 -0.00275909
699.08 0.00226276 1 0.00449105 -0.00222828
699.52 0.00248386 1 0.00419867 -0.00171481
699.97 -0.000290736 1 0.00391618 -0.00420691
700.41 0.000928948 1 0.00365548 -0.00272654
700.85 0.00214793 1 0.0034095 -0.00126157
701.3 -0.000628834 1 0.00317251 -0.00380134
701.74 0.000588727 1 0.00295441 -0.00236569
702.18 -0.00119442 1 0.00274919 -0.00394361
702.63 -0.000973366 1 0.00255201 -0.00352537
703.07 0.000242057 1 0.00237104 -0.00212899
703.51 -0.000543231 1 0.00220123 -0.00274446
703.96 -0.00232438 1 0.00203851 -0.00436289
704.4 -0.00111111 1 0.00188959 -0.00300069
704.84 -0.000898551 1 0.00175021 -0.00264876
705.28 -0.00168671 1 0.00161988 -0.00330659
705.73 -0.0024708 1 0.00149545 -0.00396625
706.17 -0.00026042 1 0.00138197 -0.00164239
706.61 -0.00305076 1 0.00127614 -0.00432689
707.06 -0.00183708 1 0.00117536 -0.00301244
707.5 -0.00362888 1 0.00108371 -0.00471259
707.94 -0.00242141 1 0.000998452 -0.00341986
708.38 -0.00521467 1 0.000919217 -0.00613388
708.83 -0.00200398 1 0.000844033 -0.00284801
709.27 -0.00179871 1 0.000775888 -0.0025746
709.71 -0.00359418 1 0.000712719 -0.0043069
710.15 -0.00239038 1 0.000654213 -0.00304459
710.6 -0.00218271 1 0.000598888 -0.0027816
711.04 -0.0039804 1 0.000548915 -0.00452931
711.48 -0.00277883 1 0.000502747 -0.00328158
711.92 -0.001578 1 0.000460131 -0.00203813
712.37 -0.00537337 1 0.000419968 -0.00579334
712.81 -0.00117404 1 0.000383813 -0.00155786
713.25 -0.00297546 1 0.000350522 -0.00332598
713.69 -0.00277762 1 0.000319893 -0.00309752
714.13 -0.000580536 1 0.000291735 -0.000872271
714.58 0.000620255 1 0.000265309 0.000354946
715.02 -0.00418418 1 0.000241617 -0.00442579
715.46 -0.00498936 1 0.000219891 -0.00520925
715.9 -0.0037953 1 0.000199981 -0.00399528
716.35 -0.00159761 1 0.000181356 -0.00177896
716.79 -0.00140508 1 0.000164712 -0.00156979
717.23 -0.000213307 1 0.000149497 -0.000362804
717.67 -0.0030223 1 0.000135598 -0.0031579
718.11 0.00016795 1 0.000122912 4.50386e-05
718.56 -0.00263827 1 0.00011109 -0.00274936
719 -0.000449569 1 0.000100566 -0.000550135
719.44 -0.00226164 1 9.09829e-05 -0.00235262
719.88 -0.00207447 1 8.22618e-05 -0.00215673
720.32 -0.00188808 1 7.43313e-05 -0.00196241
720.76 0.000297544 1 6.7125e-05 0.000230419
721.21 -0.00151342 1 6.044e-05 -0.00157386
721.65 -0.00332936 1 5.45157e-05 -0.00338388
722.09 -0.00114608 1 4.9144e-05 -0.00119522
722.53 0.00103642 1 4.42767e-05 0.000992144
722.97 0.000218142 1 3.98694e-05 0.000178272
723.41 -0.00260092 1 3.58816e-05 -0.0026368
723.86 -0.000416677 1 3.21977e-05 -0.000448875
724.3 -0.000237322 1 2.89466e-05 -0.000266269
724.74 0.000941246 1 2.60107e-05 0.000915235
725.18 -0.000880974 1 2.33611e-05 -0.000904335
725.62 0.000296018 1 2.09714e-05 0.000275046
726.06 0.00147222 1 1.88175e-05 0.0014534
726.5 -0.00135237 1 1.68773e-05 -0.00136925
726.95 -0.000173801 1 1.50929e-05 -0.000188893
727.39 0 1 1.35251e-05 -1.35251e-05
727.83 0.000173005 1 1.21152e-05 0.000160889
728.27 0.000345217 1 1.08482e-05 0.000334369
728.71 0.00151664 1 9.71005e-06 0.00150693
729.15 0.00268729 1 8.68829e-06 0.0026786
729.59 0.00185716 1 7.77146e-06 0.00184939
730.03 0.00202626 1 6.9492e-06 0.00201931
730.48 0.00219841 1 6.19626e-06 0.00219221
730.92 0.000365964 1 5.53745e-06 0.000360427
731.36 0.00153277 1 4.94742e-06 0.00152782
731.8 0.00169882 1 4.4192e-06 0.0016944
732.24 0.00286413 1 3.94652e-06 0.00286018
732.68 0.0010287 1 3.5237e-06 0.00102518
733.12 -0.00180746 1 3.14563e-06 -0.00181061
733.56 0.00235565 1 2.80768e-06 0.00235284
734 0.000518037 1 2.50569e-06 0.000515531
734.44 -0.000320293 1 2.23593e-06 -0.000322529
734.89 0.00284432 1 1.98986e-06 0.00284233
735.33 0.00300455 1 1.77533e-06 0.00300278
735.77 0.00516409 1 1.58384e-06 0.0051625
736.21 0.00332293 1 1.41296e-06 0.00332152
736.65 0.00148108 1 1.2605e-06 0.00147982
737.09 0.00363854 1 1.1245e-06 0.00363742
737.53 0.00479533 1 1.0032e-06 0.00479432
737.97 0.00195144 1 8.95023e-07 0.00195054
738.41 0.00410688 1 7.9856e-07 0.00410608
738.85 0.00426166 1 7.12551e-07 0.00426094
739.29 0.00241578 1 6.35867e-07 0.00241514
739.73 0.00256924 1 5.67499e-07 0.00256867
740.17 0.00272206 1 5.06547e-07 0.00272155
740.61 0.00387424 1 4.52205e-07 0.00387378
741.05 0.00702578 1 4.03756e-07 0.00702537
741.49 0.00617668 1 3.60557e-07 0.00617632
741.93 0.00332696 1 3.22038e-07 0.00332664
742.37 -0.000523377 1 2.87687e-07 -0.000523665
742.81 0.00462567 1 2.57051e-07 0.00462541
743.26 0.00277747 1 2.29138e-07 0.00277724
743.7 0.00392528 1 2.04822e-07 0.00392508
744.14 0.0030725 1 1.83126e-07 0.00307231
744.58 0.00521912 1 1.63763e-07 0.00521895
745.02 0.00336515 1 1.4648e-07 0.003365
745.46 0.0035106 1 1.3105e-07 0.00351046
745.9 0.00565547 1 1.17271e-07 0.00565535
746.34 0.00479976 1 1.04963e-07 0.00479966
746.78 0.00494349 1 9.39679e-08 0.0049434
747.22 0.00408666 1 8.4142e-08 0.00408657
747.66 0.00422927 1 7.53591e-08 0.00422919
748.1 0.00437132 1 6.75064e-08 0.00437126
748.54 0.00251283 1 6.04837e-08 0.00251277
748.98 0.0046538 1 5.42016e-08 0.00465375
749.42 0.00479424 1 4.85805e-08 0.00479419
749.86 0.00393414 1 4.35495e-08 0.0039341
750.29 0.00307036 1 3.91426e-08 0.00307032
750.73 0.00220923 1 3.50994e-08 0.00220919
751.17 0.000347585 1 3.14781e-08 0.000347554
751.61 0.000485432 1 2.82337e-08 0.000485404
752.05 0.00562277 1 2.53265e-08 0.00562275
752.49 0.00275962 1 2.27208e-08 0.0027596
752.93 0.00189597 1 2.03848e-08 0.00189595
753.37 0.00303183 1 1.82902e-08 0.00303181
753.81 0.00116721 1 1.64117e-08 0.0011672
754.25 0.000302116 1 1.47267e-08 0.000302102
754.69 0.00143655 1 1.3215e-08 0.00143653
755.13 0.00157051 1 1.18587e-08 0.0015705
755.57 0.00370401 1 1.06415e-08 0.003704
756.01 0.00383706 1 9.54913e-09 0.00383705
756.45 0.00296966 1 8.56861e-09 0.00296965
756.89 0.00410181 1 7.68844e-09 0.0041018
757.33 0.00423352 1 6.89829e-09 0.00423351
757.77 0.0053648 1 6.18892e-09 0.00536479
758.21 0.00449564 1 5.55203e-09 0.00449564
758.64 0.00162311 1 4.99253e-09 0.0016231
759.08 -0.00124688 1 4.47786e-09 -0.00124688
759.52 0.00488272 1 4.01578e-09 0.00488272
759.96 0.00501191 1 3.60091e-09 0.00501191
760.4 0.0041407 1 3.22844e-09 0.0041407
760.84 0.00126909 1 2.89406e-09 0.00126909
761.28 0.000397093 1 2.59389e-09 0.000397091
761.72 0.00552471 1 2.32446e-09 0.0055247
762.16 0.00365194 1 2.08264e-09 0.00365193
762.6 0.00477879 1 1.86561e-09 0.00477879
763.03 0.00190241 1 1.67507e-09 0.0019024
763.47 0.00502853 1 1.49991e-09 0.00502853
763.91 0.0031543 1 1.34278e-09 0.0031543
764.35 -0.000720291 1 1.20185e-09 -0.000720292
764.79 -0.000595229 1 1.07545e-09 -0.000595231
765.23 0.000529488 1 9.62126e-10 0.000529487
765.67 0.00365387 1 8.6053e-10 0.00365386
766.11 -0.00222209 1 7.69469e-10 -0.00222209
766.54 -0.00110118 1 6.89625e-10 -0.00110118
766.98 0.00302222 1 6.16334e-10 0.00302222
767.42 0.0031453 1 5.50686e-10 0.0031453
767.86 0.00226807 1 4.91896e-10 0.00226807
768.3 0.00339053 1 4.3926e-10 0.00339053
768.74 0.00451269 1 3.92147e-10 0.00451269
769.17 0.00563179 1 3.50894e-10 0.00563179
769.61 0.00275337 1 3.13081e-10 0.00275337
770.05 0.00287466 1 2.79261e-10 0.00287466
770.49 0.00599567 1 2.4902e-10 0.00599567
770.93 0.00511641 1 2.21988e-10 0.00511641
771.37 0.000236879 1 1.9783e-10 0.000236879
771.8 -0.00164565 1 1.76711e-10 -0.00164565
772.24 0.0024743 1 1.57385e-10 0.0024743
772.68 0.002594 1 1.40129e-10 0.002594
773.12 0.00271344 1 1.24725e-10 0.00271344
773.56 0.00483264 1 1.1098e-10 0.00483264
774 -4.8393e-05 1 9.87187e-11 -4.83931e-05
774.43 0.00106764 1 8.80185e-11 0.00106764
774.87 0.00218615 1 7.82442e-11 0.00218615
775.31 0.00230444 1 6.95329e-11 0.00230444
775.75 0.00442251 1 6.17713e-11 0.00442251
776.19 0.00254036 1 5.48583e-11 0.00254036
776.62 -0.000344658 1 4.88351e-11 -0.000344658
777.06 0.0047728 1 4.33417e-11 0.0047728
777.5 0.000890055 1 3.84535e-11 0.000890055
777.94 0.00100712 1 3.41054e-11 0.00100712
778.37 0.000121352 1 3.03218e-11 0.000121352
778.81 0.00423806 1 2.68755e-11 0.00423806
779.25 0.00235459 1 2.38129e-11 0.00235459
779.69 0.00247095 1 2.10923e-11 0.00247095
780.13 0.00158715 1 1.86762e-11 0.00158715
780.56 -0.000299442 1 1.65773e-11 -0.000299442
781 0.00381645 1 1.46687e-11 0.00381645
781.44 0.00193219 1 1.29754e-11 0.00193219
781.88 0.00404779 1 1.14738e-11 0.00404779
782.31 0.00216063 1 1.0171e-11 0.00216063
782.75 0.00127596 1 8.98783e-12 0.00127596
783.19 0.00439117 1 7.93964e-12 0.00439117
783.63 0.00050625 1 7.01131e-12 0.00050625
784.06 0.000618606 1 6.20701e-12 0.000618606
784.5 0.00473347 1 5.47758e-12 0.00473347
784.94 0.00284822 1 4.83223e-12 0.00284822
785.37 0.00396027 1 4.27366e-12 0.00396027
785.81 0.00507483 1 3.76761e-12 0.00507483
786.25 0.0031893 1 3.32035e-12 0.0031893
786.69 -0.000696319 1 2.92518e-12 -0.000696319
787.12 0.00241539 1 2.58363e-12 0.00241539
787.56 0.00152962 1 2.2746e-12 0.00152962
788 0.00264379 1 2.00186e-12 0.00264379
788.43 0.0037553 1 1.76635e-12 0.0037553
788.87 0.00186934 1 1.5535e-12 0.00186934
789.31 0.00398333 1 1.36583e-12 0.00398333
789.75 0.00609728 1 1.20041e-12 0.00609728
790.18 0.000208591 1 1.05779e-12 0.000208591
790.62 0.00232246 1 9.2905e-13 0.00232246
791.06 0.00343629 1 8.15702e-13 0.00343629
791.49 0.000547512 1 7.18066e-13 0.000547512
791.93 0.0026613 1 6.30032e-13 0.0026613
792.37 0.00177507 1 5.52601e-13 0.00177507
792.8 -0.000113755 1 4.85972e-13 -0.000113755
793.24 0 1 4.25957e-13 -4.25957e-13
793.68 0.00211376 1 3.73225e-13 0.00211376
794.11 0.00422493 1 3.27896e-13 0.00422493
794.55 0.0053387 1 2.87109e-13 0.0053387
794.99 0.00445249 1 2.51309e-13 0.00445249
795.42 0.00756371 1 2.20567e-13 0.00756371
795.86 0.00567754 1 1.92933e-13 0.00567754
796.3 0.000791409 1 1.68703e-13 0.000791409
796.73 0.00390272 1 1.47918e-13 0.00390272
797.17 0.00201667 1 1.29254e-13 0.00201667
797.61 0.00513066 1 1.12906e-13 0.00513066
798.04 0.00324211 1 9.88962e-14 0.00324211
798.48 0.00235621 1 8.63292e-14 0.00235621
798.91 0.00346778 1 7.55671e-14 0.00346778
799.35 0.00258201 1 6.59198e-14 0.00258201
799.79 0.00469632 1 5.74843e-14 0.00469632
800.22 0.0038081 1 5.02678e-14 0.0038081
800.66 0.00392257 1 4.38055e-14 0.00392257
801.1 0.00303713 1 3.81608e-14 0.00303713
