500.34 0.00431545 1 4.15641e-07 0.00431503
500.8 0.00470254 1 4.52568e-07 0.00470208
501.25 0.00508122 1 4.91715e-07 0.00508073
501.71 0.00246833 1 5.35067e-07 0.0024678
502.17 0.00285545 1 5.82059e-07 0.00285487
502.62 0.00523416 1 6.31828e-07 0.00523353
503.08 0.00462129 1 6.8689e-07 0.0046206
503.53 0 1 7.4517e-07 -7.4517e-07
503.99 0.000387129 1 8.09606e-07 0.000386319
504.44 0.00376584 1 8.77764e-07 0.00376496
504.9 0.00415296 1 9.53074e-07 0.00415201
505.36 0.00154008 1 1.03452e-06 0.00153905
505.81 0.00491878 1 1.12059e-06 0.00491766
506.27 0.00230588 1 1.21559e-06 0.00230466
506.72 0.00268455 1 1.31592e-06 0.00268324
507.18 0.00207163 1 1.4266e-06 0.0020702
507.63 0.00145028 1 1.5434e-06 0.00144873
508.09 0.00283732 1 1.67218e-06 0.00283565
508.54 0.000215936 1 1.80799e-06 0.000214128
509 0.000602942 1 1.95762e-06 0.000600984
509.45 0.00198151 1 2.11533e-06 0.0019794
509.91 -0.000631527 1 2.28897e-06 -0.000633816
510.36 0.001747 1 2.47188e-06 0.00174452
510.82 0.0011339 1 2.67312e-06 0.00113123
511.27 -0.000487632 1 2.88497e-06 -0.000490517
511.73 -0.000100787 1 3.11791e-06 -0.000103905
512.19 0.000286024 1 3.3686e-06 0.000282655
512.64 -0.00133561 1 3.63223e-06 -0.00133924
513.1 0.00105113 1 3.92184e-06 0.00104721
513.55 0.000429423 1 4.2262e-06 0.000425197
514.01 -0.00318392 1 4.56033e-06 -0.00318848
514.46 0.000194293 1 4.91125e-06 0.000189382
514.92 -0.00341913 1 5.29625e-06 -0.00342443
515.37 -0.00304101 1 5.70033e-06 -0.00304671
515.83 0.000345465 1 6.14337e-06 0.000339321
516.28 -0.00227651 1 6.60807e-06 -0.00228312
516.73 -0.000898533 1 7.10578e-06 -0.000905639
517.19 -0.000512211 1 7.65094e-06 -0.000519862
517.64 -0.00613434 1 8.22219e-06 -0.00614256
518.1 -0.00274813 1 8.8475e-06 -0.00275698
518.55 -0.00337038 1 9.50232e-06 -0.00337988
519.01 -0.00298429 1 1.02186e-05 -0.00299451
519.46 -0.00160666 1 1.09683e-05 -0.00161763
519.92 -0.0012207 1 1.17877e-05 -0.00123249
520.37 -0.00484319 1 1.26448e-05 -0.00485584
520.83 -0.00345737 1 1.35811e-05 -0.00347095
521.28 -0.00108 1 1.45597e-05 -0.00109456
521.74 -0.00169432 1 1.5628e-05 -0.00170995
522.19 -0.00231709 1 1.67439e-05 -0.00233384
522.65 -0.00193156 1 1.79614e-05 -0.00194952
523.1 -0.00155449 1 1.92322e-05 -0.00157372
523.55 -0.00317749 1 2.05867e-05 -0.00319808
524.01 -0.0017922 1 2.20631e-05 -0.00181426
524.46 -0.00241536 1 2.36026e-05 -0.00243896
524.92 -0.00403024 1 2.52796e-05 -0.00405552
525.37 -0.00465357 1 2.70271e-05 -0.0046806
525.83 -0.00326862 1 2.89294e-05 -0.00329755
526.28 -0.00389213 1 3.09105e-05 -0.00392304
526.73 -0.00251573 1 3.30173e-05 -0.00254875
527.19 0.000868942 1 3.53083e-05 0.000833634
527.64 0.000245157 1 3.76919e-05 0.000207465
528.1 -0.00337037 1 4.02824e-05 -0.00341065
528.55 -0.00299435 1 4.29756e-05 -0.00303732
529.01 -0.00161007 1 4.59006e-05 -0.00165597
529.46 -0.00423425 1 4.89397e-05 -0.00428319
529.91 -0.00285853 1 5.21643e-05 -0.0029107
530.37 -0.00647458 1 5.5663e-05 -0.00653024
530.82 -0.00309907 1 5.92946e-05 -0.00315837
531.28 -0.00371533 1 6.32322e-05 -0.00377856
531.73 -0.00634005 1 6.73166e-05 -0.00640736
532.18 -0.00396487 1 7.16433e-05 -0.00403652
532.64 -0.00258148 1 7.633e-05 -0.00265781
533.09 -0.00320653 1 8.11867e-05 -0.00328772
533.54 -0.00183171 1 8.63264e-05 -0.00191803
534 -0.00344867 1 9.18883e-05 -0.00354056
534.45 -0.00207408 1 9.76461e-05 -0.00217173
534.91 -0.0036913 1 0.000103873 -0.00379517
535.36 -0.00231696 1 0.000110314 -0.00242728
535.81 -0.000942748 1 0.00011712 -0.00105987
536.27 -0.00356035 1 0.000124473 -0.00368482
536.72 -0.0031864 1 0.000132072 -0.00331847
537.17 -0.00381257 1 0.000140093 -0.00395267
537.63 -0.00343058 1 0.00014875 -0.00357933
538.08 -0.00305703 1 0.000157687 -0.00321472
538.54 -0.00267532 1 0.000167327 -0.00284264
538.99 -0.00330204 1 0.000177273 -0.00347931
539.44 -0.0039289 1 0.000187754 -0.00411666
539.9 -0.00354762 1 0.000199047 -0.00374667
540.35 -0.00217477 1 0.000210688 -0.00238546
540.8 -0.00280207 1 0.000222942 -0.00302501
541.26 -0.00242124 1 0.000236131 -0.00265737
541.71 -0.00404884 1 0.000249713 -0.00429855
542.16 -0.00367658 1 0.000263997 -0.00394058
542.62 -0.00529621 1 0.000279356 -0.00557557
543.07 -0.00292427 1 0.000295156 -0.00321943
543.52 0.000447517 1 0.000311755 0.000135762
543.98 -0.0011726 1 0.000329587 -0.00150218
544.43 -0.00280113 1 0.000347911 -0.00314904
544.88 -0.00442982 1 0.000367144 -0.00479697
545.34 -0.00305044 1 0.000387783 -0.00343822
545.79 -0.000679461 1 0.000408971 -0.00108843
546.24 -0.00430865 1 0.000431187 -0.00473984
546.69 -0.000938014 1 0.000454473 -0.00139249
547.15 -0.00255931 1 0.000479428 -0.00303874
547.6 -0.00118902 1 0.000505013 -0.00169403
548.05 -0.000818902 1 0.000531802 -0.0013507
548.51 -0.00244074 1 0.000560483 -0.00300122
548.96 -0.00107098 1 0.000589856 -0.00166083
549.41 0.000298608 1 0.000620582 -0.000321974
549.86 -0.00233199 1 0.000652713 -0.0029847
550.32 0.00104543 1 0.000687064 0.000358371
550.77 -0.000585534 1 0.000722197 -0.00130773
551.22 -0.000216688 1 0.000758899 -0.000975587
551.68 -0.00183984 1 0.000798096 -0.00263794
552.13 -0.000471377 1 0.000838145 -0.00130952
552.58 -0.0031031 1 0.00087994 -0.00398304
553.03 -0.000735026 1 0.00092354 -0.00165857
553.49 -0.000358969 1 0.000970041 -0.00132901
553.94 0.00100871 1 0.00101749 -8.77439e-06
554.39 -0.000623804 1 0.00106693 -0.00169074
554.84 0.000743479 1 0.00111845 -0.000374966
555.3 0.00211872 1 0.00117331 0.000945406
555.75 0.000485587 1 0.00122921 -0.000743622
556.2 -0.000147746 1 0.00128739 -0.00143513
556.65 0.000218712 1 0.00134791 -0.0011292
557.11 0.000593098 1 0.00141228 -0.000819185
557.56 0.00295913 1 0.00147778 0.00148135
558.01 0.00232495 1 0.00154585 0.000779101
558.46 0.00369056 1 0.00161657 0.00207399
558.92 0.00206406 1 0.00169168 0.000372384
559.37 0.00242923 1 0.001768 0.000661234
559.82 0.00279418 1 0.0018472 0.000946977
560.27 0.0011589 1 0.00192937 -0.00077047
560.72 0.0025234 1 0.00201459 0.00050881
561.18 0.00189577 1 0.00210494 -0.000209174
561.63 0.00225981 1 0.00219658 6.32296e-05
562.08 0.00162362 1 0.00229152 -0.000667896
562.53 0.00298721 1 0.00238984 0.000597362
562.99 0.00535863 1 0.00249394 0.00286469
563.44 0.00372174 1 0.00259937 0.00112237
563.89 0.00308461 1 0.00270844 0.000376174
564.34 0.00044725 1 0.00282124 -0.00237399
564.79 0.00380965 1 0.00293785 0.000871795
565.25 0.00417985 1 0.00306109 0.00111876
565.7 0.00354175 1 0.00318568 0.000356076
566.15 0.00190341 1 0.00331434 -0.00141093
566.6 0.00326483 1 0.00344716 -0.000182334
567.05 0.004626 1 0.00358423 0.00104176
567.5 0.00498691 1 0.00372563 0.00126128
567.96 0.00535559 1 0.00387473 0.00148085
568.41 0.00471599 1 0.00402514 0.000690847
568.86 0.00707614 1 0.00418014 0.002896
569.31 0.00343603 1 0.00433979 -0.000903761
569.76 0.00579566 1 0.00450419 0.00129147
570.21 0.00515503 1 0.00467341 0.000481623
570.67 0.00552211 1 0.00485145 0.000670662
571.12 0.00688095 1 0.00503066 0.00185029
571.57 0.00323952 1 0.00521492 -0.0019754
572.02 0.00659782 1 0.0054043 0.00119353
572.47 0.00495586 1 0.00559887 -0.000643018
572.92 0.00531362 1 0.00579871 -0.000485094
573.37 0.0056711 1 0.00600387 -0.000332771
573.83 0.00503625 1 0.00621917 -0.00118292
574.28 0.00639318 1 0.00643529 -4.21164e-05
574.73 0.00674983 1 0.00665693 9.28985e-05
575.18 0.0071062 1 0.00688413 0.00022207
575.63 0.00846228 1 0.00711694 0.00134534
576.08 0.00481808 1 0.00735541 -0.00253733
576.53 0.0081736 1 0.00759959 0.000574012
576.98 0.00852883 1 0.00784951 0.000679317
577.44 0.00789165 1 0.00811097 -0.000219314
577.89 0.00924629 1 0.00837261 0.000873679
578.34 0.0106006 1 0.0086401 0.00196054
578.79 0.00895469 1 0.00891346 4.12326e-05
579.24 0.00930845 1 0.0091927 0.000115749
579.69 0.0106619 1 0.00947784 0.00118407
580.14 0.00901507 1 0.00976889 -0.00075382
580.59 0.0103679 1 0.0100658 0.00030208
581.04 0.00872047 1 0.0103687 -0.00164823
581.49 0.00907272 1 0.0106775 -0.00160475
581.95 0.00943248 1 0.0109992 -0.00156671
582.4 0.0107841 1 0.0113198 -0.00053575
582.85 0.0131354 1 0.0116464 0.00148906
583.3 0.0104864 1 0.0119787 -0.00149226
583.75 0.00983709 1 0.0123168 -0.00247968
584.2 0.0131875 1 0.0126606 0.00052685
584.65 0.0145375 1 0.0130101 0.00152737
585.1 0.0148872 1 0.0133653 0.00152195
585.55 0.0152367 1 0.013726 0.00151063
586 0.0135857 1 0.0140923 -0.000506513
586.45 0.0129345 1 0.0144639 -0.0015294
586.9 0.0162829 1 0.0148409 0.00144204
587.35 0.014631 1 0.0152231 -0.000592106
587.8 0.0149788 1 0.0156105 -0.000631732
588.25 0.0163263 1 0.016003 0.000323258
588.71 0.0166811 1 0.0164093 0.000271797
589.16 0.0180278 1 0.0168116 0.00121624
589.61 0.0173743 1 0.0172186 0.000155656
590.06 0.0177204 1 0.0176302 9.01701e-05
590.51 0.0190661 1 0.0180462 0.00101992
590.96 0.0184115 1 0.0184665 -5.4943e-05
591.41 0.0187566 1 0.0188908 -0.000134272
591.86 0.0211013 1 0.0193192 0.00178209
592.31 0.0204457 1 0.0197513 0.000694323
592.76 0.0207897 1 0.0201871 0.000602587
593.21 0.0221333 1 0.0206263 0.00150707
593.66 0.0204766 1 0.0210687 -0.00059205
594.11 0.0218196 1 0.0215142 0.00030543
594.56 0.0221622 1 0.0219625 0.000199707
595.01 0.0245044 1 0.0224134 0.00209099
595.46 0.0208463 1 0.0228668 -0.00202051
595.91 0.0241878 1 0.0233224 0.000865418
596.36 0.024529 1 0.02378 0.00074901
596.81 0.0248698 1 0.0242393 0.000630491
597.26 0.0262102 1 0.0247001 0.0015101
597.71 0.0235502 1 0.0251622 -0.00161193
598.16 0.0278899 1 0.0256253 0.00226465
598.61 0.0262292 1 0.0260891 0.000140089
599.06 0.0285681 1 0.0265535 0.00201464
599.51 0.0299067 1 0.0270181 0.00288856
599.96 0.0292449 1 0.0274828 0.00176211
600.41 0.0315827 1 0.0279471 0.00363556
600.86 0.0299201 1 0.0284109 0.00150916
601.31 0.0302571 1 0.0288739 0.00138319
601.76 0.0315938 1 0.0293358 0.00225791
602.21 0.03093 1 0.0297964 0.0011336
602.65 0.0322584 1 0.0302452 0.00201325
603.1 0.0325939 1 0.0307023 0.00189165
603.55 0.032929 1 0.0311572 0.00177182
604 0.0312637 1 0.0316097 -0.000345965
604.45 0.030598 1 0.0320594 -0.00146144
604.9 0.0309319 1 0.0325062 -0.00157434
605.35 0.0312654 1 0.0329498 -0.0016844
605.8 0.0345985 1 0.0333899 0.00120864
606.25 0.0349312 1 0.0338262 0.00110502
606.7 0.0362635 1 0.0342585 0.00200501
607.15 0.0325954 1 0.0346865 -0.00209115
607.6 0.0339269 1 0.0351101 -0.00118323
608.05 0.0342579 1 0.0355289 -0.001271
608.5 0.0375886 1 0.0359428 0.00164576
608.95 0.0359188 1 0.0363516 -0.000432728
609.39 0.0382414 1 0.036746 0.00149531
609.84 0.0365708 1 0.037144 -0.000573197
610.29 0.0378998 1 0.0375362 0.000363613
610.74 0.0382284 1 0.0379224 0.000305912
611.19 0.0375565 1 0.0383027 -0.000746143
611.64 0.0398842 1 0.0386767 0.00120759
612.09 0.0382116 1 0.0390443 -0.000832764
612.54 0.0385384 1 0.0394055 -0.000867092
612.99 0.0408649 1 0.0397602 0.0011047
613.44 0.0381909 1 0.0401082 -0.00191731
613.88 0.0415093 1 0.040442 0.00106722
614.33 0.0388344 1 0.0407768 -0.00194238
614.78 0.0401591 1 0.0411048 -0.000945667
615.23 0.0404834 1 0.0414261 -0.00094264
615.68 0.0388073 1 0.0417406 -0.00293332
616.13 0.0411307 1 0.0420484 -0.000917763
616.58 0.0404536 1 0.0423497 -0.00189603
617.03 0.0387761 1 0.0426444 -0.00386821
617.47 0.0410911 1 0.0429263 -0.00183524
617.92 0.0424127 1 0.0432084 -0.000795761
618.37 0.0407339 1 0.0434845 -0.00275062
618.82 0.0430546 1 0.0437546 -0.00070002
619.27 0.0423748 1 0.044019 -0.00164417
619.72 0.0416947 1 0.044278 -0.00258333
620.17 0.042014 1 0.0445318 -0.00251776
620.61 0.0413258 1 0.0447752 -0.00344937
621.06 0.0426443 1 0.0450196 -0.00237537
621.51 0.0439622 1 0.0452599 -0.00129762
621.96 0.0422798 1 0.0454963 -0.00321652
622.41 0.0435968 1 0.0457293 -0.00213245
622.86 0.0449134 1 0.0459593 -0.00104588
623.3 0.0442225 1 0.0461817 -0.00195923
623.75 0.0465381 1 0.0464072 0.000130936
624.2 0.0448533 1 0.0466311 -0.00177783
624.65 0.047168 1 0.0468541 0.000313939
625.1 0.0474822 1 0.0470765 0.000405679
625.54 0.046789 1 0.0472942 -0.000505202
625.99 0.0471023 1 0.0475175 -0.000415242
626.44 0.045415 1 0.0477421 -0.00232709
626.89 0.0467273 1 0.0479687 -0.00124139
627.34 0.0480392 1 0.0481979 -0.000158785
627.78 0.0483436 1 0.0484252 -8.16441e-05
628.23 0.0466544 1 0.0486616 -0.00200712
628.68 0.0459648 1 0.0489025 -0.0029377
629.13 0.0482747 1 0.0491487 -0.000874074
629.58 0.048584 1 0.0494009 -0.000816925
630.02 0.049886 1 0.049654 0.000232023
630.47 0.0491944 1 0.0499201 -0.000725684
630.92 0.0505023 1 0.0501942 0.000308075
631.37 0.0518097 1 0.0504771 0.00133262
631.81 0.0521098 1 0.0507627 0.00134708
632.26 0.0514161 1 0.0510647 0.000351466
632.71 0.052722 1 0.0513773 0.00134471
633.16 0.0520274 1 0.0517012 0.000326199
633.61 0.0523322 1 0.0520369 0.000295355
634.05 0.0526298 1 0.0523771 0.000252738
634.5 0.0529337 1 0.0527378 0.000195901
634.95 0.055237 1 0.0531118 0.00212519
635.4 0.0565398 1 0.0534996 0.00304015
635.84 0.0568354 1 0.0538926 0.00294278
636.29 0.0561371 1 0.0543088 0.0018283
636.74 0.0564384 1 0.0547399 0.00169847
637.18 0.0587325 1 0.055176 0.00355645
637.63 0.0580327 1 0.055637 0.00239562
638.08 0.0573323 1 0.0561135 0.00121889
638.53 0.0566315 1 0.0566053 2.6238e-05
638.97 0.0609235 1 0.057101 0.00382247
639.42 0.0592216 1 0.0576232 0.00159843
639.87 0.0615192 1 0.0581604 0.00335873
640.32 0.0598162 1 0.0587126 0.00110361
640.76 0.0621061 1 0.0592665 0.00283956
641.21 0.063402 1 0.0598471 0.00355498
641.66 0.0636975 1 0.0604413 0.0032562
642.1 0.0649858 1 0.0610349 0.00395087
642.55 0.0632801 1 0.0616544 0.00162576
643 0.0635739 1 0.0622855 0.0012884
643.44 0.0628606 1 0.0629131 -5.2501e-05
643.89 0.0661533 1 0.0635649 0.00258846
644.34 0.0654455 1 0.0642256 0.0012199
644.79 0.0647371 1 0.0648942 -0.000157085
645.23 0.0680217 1 0.0655544 0.00246728
645.68 0.0663121 1 0.066235 7.71638e-05
646.13 0.0696021 1 0.0669197 0.00268234
646.57 0.068885 1 0.0675919 0.00129311
647.02 0.0681738 1 0.0682806 -0.000106783
647.47 0.0734621 1 0.068969 0.00449304
647.91 0.0697434 1 0.0696403 0.000103021
648.36 0.0710305 1 0.0703234 0.00070709
648.81 0.073317 1 0.0710012 0.00231586
649.25 0.0715967 1 0.0716571 -6.04065e-05
649.7 0.0698821 1 0.0723191 -0.00243702
650.15 0.0731669 1 0.0729704 0.000196514
650.59 0.0724449 1 0.0735951 -0.00115016
651.04 0.0737286 1 0.0742195 -0.000490899
651.48 0.0780054 1 0.0748141 0.00319129
651.93 0.075288 1 0.0754041 -0.000116094
652.38 0.0755699 1 0.0759736 -0.000403686
652.82 0.0738451 1 0.0765089 -0.00266386
653.27 0.0761259 1 0.0770324 -0.000906502
653.72 0.0784061 1 0.0775296 0.000876479
654.16 0.0756795 1 0.0779886 -0.0023091
654.61 0.0759585 1 0.0784283 -0.00246981
655.06 0.075237 1 0.0788363 -0.00359929
655.5 0.0755086 1 0.0792026 -0.00369396
655.95 0.0757859 1 0.0795423 -0.00375643
656.39 0.0710564 1 0.0798387 -0.0087823
656.84 0.0753325 1 0.0801037 -0.00477119
657.29 0.0806079 1 0.0803285 0.000279447
657.73 0.0768767 1 0.0805081 -0.00363145
658.18 0.079151 1 0.0806495 -0.00149849
658.62 0.0794185 1 0.0807449 -0.0013264
659.07 0.0776916 1 0.0807978 -0.0031062
659.52 0.076964 1 0.0808043 -0.0038403
659.96 0.0782298 1 0.080765 -0.0025352
660.41 0.0795011 1 0.0806773 -0.00117624
660.85 0.0777657 1 0.0805444 -0.00277873
661.3 0.0780357 1 0.0803597 -0.00232404
661.74 0.0802991 1 0.080131 0.000168051
662.19 0.0785678 1 0.0798476 -0.0012798
662.64 0.078836 1 0.079514 -0.000678064
663.08 0.0770975 1 0.0791393 -0.00204171
663.53 0.0783644 1 0.0787063 -0.0003419
663.97 0.0746248 1 0.0782348 -0.00360997
664.42 0.0768905 1 0.0777035 -0.000813001
664.86 0.0771496 1 0.0771365 1.31038e-05
665.31 0.075414 1 0.0765087 -0.00109472
665.75 0.0746719 1 0.0758487 -0.00117685
666.2 0.076935 1 0.0751275 0.00180756
666.65 0.0751975 1 0.0743604 0.000837161
667.09 0.0734536 1 0.0735671 -0.000113502
667.54 0.0737148 1 0.0727127 0.00100204
667.98 0.0729696 1 0.0718366 0.00113292
668.43 0.0722295 1 0.0709004 0.00132911
668.87 0.070483 1 0.0699471 0.000535955
669.32 0.0707417 1 0.068935 0.00180669
669.76 0.0699939 1 0.0679108 0.00208319
670.21 0.0692513 1 0.0668296 0.00242168
670.65 0.0645023 1 0.0657414 -0.00123913
671.1 0.0667584 1 0.0645986 0.00215972
671.54 0.0670081 1 0.063454 0.00355413
671.99 0.0662628 1 0.0622574 0.00400547
672.43 0.0645113 1 0.0610641 0.00344721
672.88 0.0607647 1 0.0598219 0.000942781
673.32 0.0620119 1 0.0585882 0.00342365
673.77 0.060264 1 0.057309 0.00295498
674.21 0.0585098 1 0.0560432 0.00246661
674.66 0.0577606 1 0.0547355 0.00302509
675.1 0.0550052 1 0.0534461 0.00155904
675.55 0.0532546 1 0.0521186 0.00113605
675.99 0.0534979 1 0.0508139 0.00268394
676.44 0.053746 1 0.049475 0.00427098
676.88 0.0509879 1 0.0481633 0.0028246
677.33 0.0502346 1 0.0468213 0.00341338
677.77 0.0474752 1 0.0455105 0.00196477
678.22 0.0467206 1 0.0441733 0.00254733
678.66 0.0439599 1 0.042871 0.00108889
679.11 0.0432039 1 0.0415463 0.00165767
679.55 0.0424419 1 0.0402596 0.00218224
679.99 0.0396792 1 0.0389832 0.000695919
680.44 0.0399211 1 0.03769 0.00223111
680.88 0.0381571 1 0.036439 0.00171807
681.33 0.0373977 1 0.0351748 0.0022229
681.77 0.0326322 1 0.0339549 -0.00132265
682.22 0.0358715 1 0.0327252 0.00314622
682.66 0.0321047 1 0.0315416 0.000563023
683.11 0.0303425 1 0.0303515 -8.9986e-06
683.55 0.0305743 1 0.0292087 0.00136565
683.99 0.0278055 1 0.0280875 -0.000281982
684.44 0.0250412 1 0.026964 -0.00192283
684.88 0.026271 1 0.0258891 0.000381927
685.33 0.0235053 1 0.0248145 -0.00130913
685.77 0.0227337 1 0.0237885 -0.0010548
686.21 0.0219614 1 0.0227877 -0.000826243
686.66 0.0201936 1 0.0217905 -0.00159688
687.1 0.01842 1 0.0208417 -0.00242173
687.55 0.0196507 1 0.0198984 -0.000247705
687.99 0.0188756 1 0.0190028 -0.000127201
688.44 0.018105 1 0.0181144 -9.4552e-06
688.88 0.0153285 1 0.0172727 -0.00194423
689.32 0.0155513 1 0.0164577 -0.000906413
689.77 0.0117784 1 0.0156518 -0.00387331
690.21 0.0109998 1 0.0148906 -0.00389073
690.65 0.0122205 1 0.0141558 -0.00193527
691.1 0.0134455 1 0.0134314 1.40813e-05
691.54 0.0086648 1 0.0127494 -0.00408462
691.99 0.00888832 1 0.0120784 -0.00319008
692.43 0.00710615 1 0.0114479 -0.00434171
692.87 0.00532327 1 0.0108422 -0.00551895
693.32 0.00854459 1 0.0102481 -0.00170354
693.76 0.00776027 1 0.00969154 -0.00193127
694.2 0.00697523 1 0.00915847 -0.00218324
694.65 0.00619433 1 0.00863708 -0.00244275
695.09 0.00640784 1 0.00815002 -0.00174218
695.53 0.00362062 1 0.00768486 -0.00406424
695.98 0.00383749 1 0.0072312 -0.00339371
696.42 0.00404881 1 0.00680859 -0.00275979
696.86 0.0032594 1 0.00640613 -0.00314673
697.31 0.00147402 1 0.0060147 -0.00454068
697.75 0.00168314 1 0.00565109 -0.00396795
698.19 0.00189152 1 0.00530574 -0.00341422
698.64 0.00210388 1 0.00497079 -0.00286691
699.08 0.00131078 1 0.00466049 -0.00334971
699.52 0.00151694 1 0.00436656 -0.00284962
699.97 0.00172702 1 0.00408224 -0.00235522
700.41 0.00193169 1 0.00381955 -0.00188786
700.85 0.000135609 1 0.00357137 -0.00343576
701.3 -0.0026566 1 0.00333194 -0.00598854
701.74 0.00254581 1 0.00311129 -0.000565473
702.18 -0.000252516 1 0.00290336 -0.00315588
702.63 -4.70369e-05 1 0.00270328 -0.00275032
703.07 -0.000846883 1 0.00251936 -0.00336625
703.51 0.00135252 1 0.00234649 -0.000993967
703.96 -0.00244433 1 0.00218054 -0.00462487
704.4 -0.00124645 1 0.00202839 -0.00327484
704.84 -0.00204933 1 0.00188571 -0.00393504
705.28 -0.00185297 1 0.00175202 -0.003605
705.73 0.000347064 1 0.00162412 -0.00127705
706.17 -0.00145812 1 0.00150721 -0.00296532
706.61 -0.00226406 1 0.00139792 -0.00366198
707.06 -0.00306638 1 0.0012936 -0.00435999
707.5 -0.00187388 1 0.00119848 -0.00307235
707.94 -0.00368214 1 0.00110975 -0.00479189
708.38 -0.00249117 1 0.00102706 -0.00351823
708.83 -0.00129666 1 0.000948361 -0.00224502
709.27 -0.00110726 1 0.000876804 -0.00198406
709.71 -0.00291863 1 0.000810256 -0.00372888
710.15 -0.000730777 1 0.000748406 -0.00147918
710.6 -0.00353946 1 0.000689706 -0.00422917
711.04 -0.00535319 1 0.000636481 -0.00598967
711.48 -0.00116769 1 0.000587114 -0.00175481
711.92 -0.000982984 1 0.000541352 -0.00152434
712.37 -0.00279489 1 0.000498035 -0.00329292
712.81 0.00038823 1 0.000458857 -7.06268e-05
713.25 -0.00142944 1 0.000422608 -0.00185205
713.69 -0.0032479 1 0.000389089 -0.00363699
714.13 -6.71515e-05 1 0.00035811 -0.000425262
714.58 -0.00188312 1 0.000328872 -0.00221199
715.02 -0.00170398 1 0.000302503 -0.00200648
715.46 -0.00352563 1 0.000278173 -0.00380381
715.9 -0.00334809 1 0.000255734 -0.00360382
716.35 -0.00216733 1 0.0002346 -0.00240193
716.79 0.00100859 1 0.000215577 0.000793012
717.23 -0.00181629 1 0.000198059 -0.00201435
717.67 -0.00164197 1 0.000181931 -0.00182391
718.11 -0.000468466 1 0.000167091 -0.000635557
718.56 -0.00229185 1 0.000153142 -0.00244499
719 -0.00111998 1 0.000140614 -0.00126059
719.44 -0.00194892 1 0.000129098 -0.00207802
719.88 -0.00277868 1 0.000118515 -0.00289719
720.32 -0.00260925 1 0.000108794 -0.00271804
720.76 -0.00144063 1 9.98665e-05 -0.0015405
721.21 -0.00226904 1 9.14912e-05 -0.00236053
721.65 -0.00510208 1 8.39815e-05 -0.00518606
722.09 -0.000935949 1 7.70894e-05 -0.00101304
722.53 -0.00177064 1 7.07654e-05 -0.00184141
722.97 -0.00160616 1 6.49635e-05 -0.00167112
723.41 -0.0044425 1 5.96414e-05 -0.00450214
723.86 0.00072402 1 5.46537e-05 0.000669366
724.3 -0.000114001 1 5.01854e-05 -0.000164187
724.74 0.00204715 1 4.60877e-05 0.00200106
725.18 -0.000792541 1 4.23299e-05 -0.000834871
725.62 -0.00163306 1 3.88839e-05 -0.00167195
726.06 0.000525578 1 3.57237e-05 0.000489854
726.5 -0.00031662 1 3.28257e-05 -0.000349446
726.95 -0.0011561 1 3.01101e-05 -0.00118621
727.39 0 1 2.76772e-05 -2.76772e-05
727.83 -0.00284474 1 2.54456e-05 -0.00287019
728.27 0.000309679 1 2.33984e-05 0.00028628
728.71 -0.00253673 1 2.15201e-05 -0.00255825
729.15 0.00161603 1 1.97965e-05 0.00159623
729.59 -0.000232033 1 1.82146e-05 -0.000250247
730.03 -0.00208091 1 1.67625e-05 -0.00209767
730.48 -0.000927187 1 1.54004e-05 -0.000942587
730.92 -0.000777694 1 1.41785e-05 -0.000791873
731.36 0.000370999 1 1.30561e-05 0.000357943
731.8 0.0005189 1 1.2025e-05 0.000506876
732.24 0.00166601 1 1.10774e-05 0.00165494
732.68 -0.000187653 1 1.02064e-05 -0.00019786
733.12 -4.20971e-05 1 9.40558e-06 -5.15027e-05
733.56 0.000102689 1 8.66912e-06 9.40199e-05
734 0.00224671 1 7.99165e-06 0.00223872
734.44 0.00138997 1 7.3683e-06 0.0013826
734.89 0.00253571 1 6.78209e-06 0.00252893
735.33 -0.000322543 1 6.25491e-06 -0.000328798
735.77 0.00381846 1 5.76945e-06 0.00381269
736.21 0.00295873 1 5.32231e-06 0.0029534
736.65 -0.00190174 1 4.91035e-06 -0.00190665
737.09 0.00523707 1 4.53071e-06 0.00523254
737.53 0.00337516 1 4.18077e-06 0.00337098
737.97 0.00251254 1 3.85814e-06 0.00250868
738.41 0.00264921 1 3.56063e-06 0.00264565
738.85 0.00578518 1 3.28622e-06 0.00578189
739.29 0.00492045 1 3.03306e-06 0.00491741
739.73 5.50253e-05 1 2.79948e-06 5.22258e-05
740.17 0.00418892 1 2.58391e-06 0.00418633
740.61 0.00132213 1 2.38494e-06 0.00131975
741.05 0.00345467 1 2.20127e-06 0.00345247
741.49 0.00158654 1 2.03169e-06 0.00158451
741.93 0.00471775 1 1.87511e-06 0.00471587
742.37 0.000848298 1 1.73051e-06 0.000846568
742.81 0.000978196 1 1.59697e-06 0.000976599
743.26 0.00411038 1 1.47094e-06 0.00410891
743.7 0.00223898 1 1.35723e-06 0.00223762
744.14 0.00136694 1 1.25219e-06 0.00136569
744.58 0.00149427 1 1.15517e-06 0.00149312
745.02 0.00262098 1 1.06554e-06 0.00261992
745.46 0.00174707 1 9.82753e-07 0.00174609
745.9 0.00287255 1 9.0628e-07 0.00287165
746.34 0.00399743 1 8.35642e-07 0.00399659
746.78 0.0041217 1 7.70397e-07 0.00412093
747.22 0.00424538 1 7.10137e-07 0.00424467
747.66 0.000368464 1 6.54485e-07 0.000367809
748.1 0.00449097 1 6.03092e-07 0.00449036
748.54 0.00161289 1 5.55636e-07 0.00161234
748.98 0.00173425 1 5.11821e-07 0.00173373
749.42 0.00185503 1 4.71372e-07 0.00185456
749.86 0.00297526 1 4.34035e-07 0.00297482
750.29 0.00209221 1 4.00327e-07 0.00209181
750.73 -0.000788659 1 3.68469e-07 -0.000789028
751.17 0.000329927 1 3.39074e-07 0.000329588
751.61 0.00344797 1 3.11956e-07 0.00344766
752.05 0.00256549 1 2.86944e-07 0.0025652
752.49 -0.000317527 1 2.63877e-07 -0.00031779
752.93 0.000798937 1 2.42609e-07 0.000798695
753.37 -8.51152e-05 1 2.23003e-07 -8.53383e-05
753.81 0.00103032 1 2.04933e-07 0.00103012
754.25 0.00214525 1 1.88282e-07 0.00214506
754.69 0.000259685 1 1.72941e-07 0.000259512
755.13 -0.000626377 1 1.58811e-07 -0.000626536
755.57 0.00148707 1 1.45799e-07 0.00148693
756.01 0.00260004 1 1.33819e-07 0.00259991
756.45 0.00271253 1 1.22792e-07 0.00271241
756.89 0.00282455 1 1.12645e-07 0.00282444
757.33 0.0029361 1 1.0331e-07 0.002936
757.77 0.00304719 1 9.4723e-08 0.0030471
758.21 0.00115783 1 8.68271e-08 0.00115775
758.64 -0.00173448 1 7.97265e-08 -0.00173456
759.08 -0.000624721 1 7.30422e-08 -0.000624794
759.52 0.0014846 1 6.69003e-08 0.00148453
759.96 0.00359349 1 6.12583e-08 0.00359342
760.4 0.00370195 1 5.60769e-08 0.00370189
760.84 -0.00219001 1 5.13197e-08 -0.00219007
761.28 -0.00108239 1 4.69532e-08 -0.00108244
761.72 0.00202483 1 4.29464e-08 0.00202478
762.16 0.00113164 1 3.92707e-08 0.0011316
762.6 0.000238049 1 3.58997e-08 0.000238014
763.03 -0.000658335 1 3.28762e-08 -0.000658368
763.47 -0.00155269 1 3.00375e-08 -0.00155272
763.91 0.00255257 1 2.74363e-08 0.00255254
764.35 -0.000342547 1 2.50533e-08 -0.000342572
764.79 -0.00123803 1 2.28709e-08 -0.00123805
765.23 -0.00213388 1 2.08727e-08 -0.0021339
765.67 -3.00896e-05 1 1.90437e-08 -3.01086e-05
766.11 -0.000926651 1 1.73701e-08 -0.000926669
766.54 0.000174101 1 1.58724e-08 0.000174085
766.98 0.00127686 1 1.44694e-08 0.00127684
767.42 0.00337928 1 1.31866e-08 0.00337926
767.86 -0.000518633 1 1.20142e-08 -0.000518645
768.3 -0.000416869 1 1.09429e-08 -0.00041688
768.74 0.00268458 1 9.96429e-09 0.00268457
769.17 0.000783411 1 9.09004e-09 0.000783402
769.61 0.00188424 1 8.27247e-09 0.00188423
770.05 -0.00101523 1 7.52629e-09 -0.00101524
770.49 8.49969e-05 1 6.84546e-09 8.499e-05
770.93 0.00318493 1 6.22444e-09 0.00318493
771.37 -0.00171541 1 5.65814e-09 -0.00171542
771.8 -0.000618296 1 5.1531e-09 -0.000618301
772.24 -0.00251919 1 4.68162e-09 -0.0025192
772.68 0.000579642 1 4.25207e-09 0.000579638
773.12 -0.000321787 1 3.86082e-09 -0.00032179
773.56 0.000776527 1 3.50457e-09 0.000776523
774 -0.00112541 1 3.18027e-09 -0.00112541
774.43 -0.00402982 1 2.89157e-09 -0.00402982
774.87 6.7762e-05 1 2.62251e-09 6.77594e-05
775.31 -0.000834894 1 2.37781e-09 -0.000834896
775.75 -0.00073778 1 2.15532e-09 -0.000737782
776.19 0.00135911 1 1.95309e-09 0.00135911
776.62 -0.00254641 1 1.77331e-09 -0.00254641
777.06 0.00255005 1 1.60601e-09 0.00255005
777.5 -0.000353692 1 1.45408e-09 -0.000353694
777.94 -0.00225764 1 1.31614e-09 -0.00225764
778.37 -0.00116396 1 1.19366e-09 -0.00116396
778.81 -0.00106828 1 1.07981e-09 -0.00106828
779.25 2.72049e-05 1 9.76546e-10 2.72039e-05
779.69 0.000122513 1 8.82899e-10 0.000122512
780.13 0.00121765 1 7.98004e-10 0.00121765
780.56 -0.00168954 1 7.2273e-10 -0.00168954
781 0.00140527 1 6.52865e-10 0.00140527
781.44 -0.00150008 1 5.89584e-10 -0.00150008
781.88 -0.000405582 1 5.32284e-10 -0.000405582
782.31 0.00068663 1 4.81537e-10 0.00068663
782.75 -0.00221915 1 4.3449e-10 -0.00221915
783.19 0.00587493 1 3.91928e-10 0.00587493
783.63 -0.00203111 1 3.53433e-10 -0.00203111
784.06 -0.000939413 1 3.1938e-10 -0.000939414
784.5 0.0011543 1 2.87848e-10 0.0011543
784.94 -0.00275209 1 2.59354e-10 -0.00275209
785.37 -0.00166072 1 2.34169e-10 -0.00166072
785.81 0.00243268 1 2.10869e-10 0.00243268
786.25 -0.000474013 1 1.89833e-10 -0.000474013
786.69 -0.0023808 1 1.70846e-10 -0.0023808
787.12 -0.00228978 1 1.54084e-10 -0.00228978
787.56 -0.00119673 1 1.38593e-10 -0.00119673
788 0.00189625 1 1.24625e-10 0.00189625
788.43 0.000987058 1 1.12303e-10 0.000987058
788.87 0.00107991 1 1.00927e-10 0.00107991
789.31 0.00117271 1 9.06771e-11 0.00117271
789.75 -0.00073454 1 8.14446e-11 -0.00073454
790.18 -0.00364394 1 7.33106e-11 -0.00364394
790.62 -0.00155128 1 6.58089e-11 -0.00155128
791.06 -0.00345865 1 5.90579e-11 -0.00345865
791.49 -0.00236815 1 5.31152e-11 -0.00236815
791.93 -0.00227556 1 4.76392e-11 -0.00227556
792.37 0.001817 1 4.27156e-11 0.001817
792.8 -0.00209255 1 3.83852e-11 -0.00209255
793.24 0 1 3.43984e-11 -3.43984e-11
793.68 0.00109255 1 3.08169e-11 0.00109255
794.11 0.001183 1 2.76696e-11 0.001183
794.55 0.00127556 1 2.47745e-11 0.00127556
794.99 0.00336815 1 2.2176e-11 0.00336815
795.42 -0.000541354 1 1.98946e-11 -0.000541354
795.86 0.00255128 1 1.77978e-11 0.00255128
796.3 -0.00135606 1 1.59174e-11 -0.00135606
796.73 -0.00226546 1 1.42679e-11 -0.00226546
797.17 -0.00317271 1 1.27532e-11 -0.00317271
797.61 -0.00107991 1 1.1396e-11 -0.00107991
798.04 0.00301083 1 1.02065e-11 0.00301083
798.48 0.000103745 1 9.11521e-12 0.000103745
798.91 -0.000805387 1 8.15924e-12 -0.000805387
799.35 -0.00371233 1 7.28267e-12 -0.00371233
799.79 0.0013808 1 6.4984e-12 0.0013808
800.22 0.00147189 1 5.81202e-12 0.00147189
800.66 -0.0014348 1 5.18318e-12 -0.0014348
801.1 -0.000341407 1 4.62105e-12 -0.000341407
