500.34 -0.000430872 1 -0.00376561 0.00333474
500.8 0.00491964 1 -0.00380433 0.00872397
501.25 0.00226255 1 -0.00384243 0.00610498
501.71 0.00161308 1 -0.00388161 0.00549469
502.17 0.00196361 1 -0.00392103 0.00588464
502.62 0.00430653 1 -0.00395982 0.00826635
503.08 0.00165708 1 -0.0039997 0.00565677
503.53 0 1 -0.00403894 0.00403894
503.99 -0.000649455 1 -0.00407927 0.00342982
504.44 0.00169347 1 -0.00411896 0.00581243
504.9 0.00104401 1 -0.00415975 0.00520376
505.36 0.000394544 1 -0.00420077 0.00459532
505.81 -0.000262546 1 -0.00424112 0.00397858
506.27 8.79774e-05 1 -0.00428259 0.00437057
506.72 0.000430872 1 -0.00432337 0.00475424
507.18 -0.00221862 1 -0.00436528 0.00214666
507.63 -0.00287575 1 -0.0044065 0.00153074
508.09 -0.00152527 1 -0.00444884 0.00292357
508.54 -0.00318243 1 -0.00449048 0.00130805
509 0.000168022 1 -0.00453326 0.00470128
509.45 0.000510835 1 -0.00457532 0.00508615
509.91 -0.00113875 1 -0.00461852 0.00347977
510.36 -0.000795979 1 -0.00466099 0.00386501
510.82 -0.00244561 1 -0.00470461 0.002259
511.27 -0.00110288 1 -0.00474749 0.00364461
511.73 -0.00275256 1 -0.00479152 0.00203897
512.19 -0.00240226 1 -0.00483576 0.0024335
512.64 -0.00305961 1 -0.00487924 0.00181963
513.1 -0.00370937 1 -0.00492388 0.00121451
513.55 -0.00236678 1 -0.00496774 0.00260097
514.01 -0.0050166 1 -0.00501278 -3.82089e-06
514.46 -0.00267407 1 -0.00505703 0.00238296
514.92 -0.00132396 1 -0.00510245 0.00377848
515.37 -0.0039815 1 -0.00514707 0.00116557
515.83 -0.00363147 1 -0.00519287 0.0015614
516.28 -0.00528909 1 -0.00523785 -5.12308e-05
516.73 -0.00494674 1 -0.00528302 0.000336278
517.19 -0.00259683 1 -0.00532937 0.00273254
517.64 -0.00725457 1 -0.00537489 -0.00187968
518.1 -0.00490475 1 -0.00542159 0.000516844
518.55 -0.00656258 1 -0.00546745 -0.00109512
519.01 -0.00521285 1 -0.0055145 0.000301656
519.46 -0.00687077 1 -0.0055607 -0.00131007
519.92 -0.00552115 1 -0.00560809 8.69437e-05
520.37 -0.00817917 1 -0.00565461 -0.00252456
520.83 -0.00582965 1 -0.00570233 -0.000127323
521.28 -0.00648778 1 -0.00574916 -0.000738619
521.74 -0.00613838 1 -0.0057972 -0.000341177
522.19 -0.00779662 1 -0.00584434 -0.00195228
522.65 -0.00844733 1 -0.00589268 -0.00255465
523.1 -0.00510569 1 -0.00594012 0.000834423
523.55 -0.00576412 1 -0.00598769 0.000223576
524.01 -0.00341501 1 -0.00603647 0.00262146
524.46 -0.00807357 1 -0.00608433 -0.00198924
524.92 -0.00772459 1 -0.00613338 -0.00159121
525.37 -0.00738328 1 -0.00618151 -0.00120177
525.83 -0.00703445 1 -0.00623083 -0.000803618
526.28 -0.00669327 1 -0.00627921 -0.000414062
526.73 -0.00635216 1 -0.0063277 -2.44555e-05
527.19 -0.00400354 1 -0.0063774 0.00237386
527.64 -0.00466258 1 -0.00642614 0.00176355
528.1 -0.00931412 1 -0.00647607 -0.00283805
528.55 -0.00697331 1 -0.00652503 -0.000448281
529.01 -0.00662501 1 -0.00657519 -4.98213e-05
529.46 -0.0102844 1 -0.00662436 -0.00366
529.91 -0.00894379 1 -0.00667363 -0.00227016
530.37 -0.00959573 1 -0.0067241 -0.00287164
530.82 -0.00725533 1 -0.00677356 -0.000481771
531.28 -0.00990745 1 -0.00682421 -0.00308324
531.73 -0.00956722 1 -0.00687385 -0.00269336
532.18 -0.00722707 1 -0.00692358 -0.000303495
532.64 -0.00687946 1 -0.00697449 9.50271e-05
533.09 -0.0095395 1 -0.00702437 -0.00251513
533.54 -0.00919963 1 -0.00707432 -0.0021253
534 -0.0118523 1 -0.00712546 -0.00472684
534.45 -0.00651262 1 -0.00717555 0.000662931
534.91 -0.00716548 1 -0.00722681 6.1329e-05
535.36 -0.005826 1 -0.00727702 0.00145103
535.81 -0.00848661 1 -0.00732729 -0.00115932
536.27 -0.0111398 1 -0.00737872 -0.00376106
536.72 -0.00680059 1 -0.00742908 0.000628486
537.17 -0.00946151 1 -0.00747948 -0.00198203
537.63 -0.010115 1 -0.00753105 -0.00258395
538.08 -0.0117761 1 -0.00758153 -0.0041946
538.54 -0.00942984 1 -0.00763316 -0.00179668
538.99 -0.0100912 1 -0.0076837 -0.00240749
539.44 -0.00775264 1 -0.00773426 -1.83879e-05
539.9 -0.0104067 1 -0.00778596 -0.00262073
540.35 -0.0100684 1 -0.00783655 -0.00223182
540.8 -0.0117302 1 -0.00788716 -0.00384302
541.26 -0.00838458 1 -0.00793889 -0.000445684
541.71 -0.0100466 1 -0.0079895 -0.0020571
542.16 -0.0107088 1 -0.00804011 -0.00266864
542.62 -0.00936353 1 -0.00809184 -0.00127168
543.07 -0.0110259 1 -0.00814243 -0.00288349
543.52 -0.0106884 1 -0.00819301 -0.00249543
543.98 -0.0103436 1 -0.00824469 -0.00209889
544.43 -0.00900635 1 -0.00829522 -0.000711129
544.88 -0.0106692 1 -0.00834572 -0.00232352
545.34 -0.0103248 1 -0.00839731 -0.00192747
545.79 -0.0119879 1 -0.00844774 -0.0035402
546.24 -0.0126512 1 -0.00849813 -0.0041531
546.69 -0.00831464 1 -0.00854846 0.000233824
547.15 -0.0119707 1 -0.00859987 -0.00337085
547.6 -0.0116344 1 -0.00865009 -0.00298431
548.05 -0.00929823 1 -0.00870026 -0.000597977
548.51 -0.0109547 1 -0.00875147 -0.00220327
548.96 -0.0126188 1 -0.00880149 -0.00381735
549.41 -0.00828309 1 -0.00885143 0.000568345
549.86 -0.0119475 1 -0.00890129 -0.00304618
550.32 -0.0106046 1 -0.00895217 -0.00165238
550.77 -0.0102692 1 -0.00900185 -0.00126739
551.22 -0.0129341 1 -0.00905143 -0.00388264
551.68 -0.0115916 1 -0.009102 -0.0024896
552.13 -0.0112567 1 -0.00915136 -0.00210536
552.58 -0.012922 1 -0.00920061 -0.00372139
553.03 -0.0105874 1 -0.00924974 -0.0013377
553.49 -0.0102456 1 -0.00929982 -0.000945766
553.94 -0.0129113 1 -0.00934868 -0.00356265
554.39 -0.0105772 1 -0.00939741 -0.00117982
554.84 -0.0102433 1 -0.00944598 -0.000797298
555.3 -0.00990208 1 -0.00949548 -0.000406595
555.75 -0.0105685 1 -0.00954375 -0.00102471
556.2 -0.013235 1 -0.00959185 -0.00364315
556.65 -0.0119017 1 -0.00963978 -0.00226192
557.11 -0.0115612 1 -0.00968859 -0.00187257
557.56 -0.0112282 1 -0.00973616 -0.00149205
558.01 -0.00889541 1 -0.00978353 0.000888123
558.46 -0.00856278 1 -0.0098307 0.00126792
558.92 -0.0122229 1 -0.00987871 -0.00234422
559.37 -0.0108907 1 -0.00992546 -0.00096519
559.82 -0.0105585 1 -0.00997199 -0.000586551
560.27 -0.0132266 1 -0.0100183 -0.00320831
560.72 -0.00889485 1 -0.0100644 0.00116951
561.18 -0.0125559 1 -0.0101112 -0.00244471
561.63 -0.0132245 1 -0.0101568 -0.00306775
562.08 -0.0138933 1 -0.0102021 -0.00369123
562.53 -0.0125622 1 -0.0102471 -0.00231516
562.99 -0.011224 1 -0.0102928 -0.00093121
563.44 -0.0118934 1 -0.0103373 -0.00155609
563.89 -0.0115629 1 -0.0103814 -0.00118145
564.34 -0.0112326 1 -0.0104253 -0.000807304
564.79 -0.00890249 1 -0.0104688 0.00156633
565.25 -0.0145652 1 -0.010513 -0.00405226
565.7 -0.0152355 1 -0.0105558 -0.00467968
566.15 -0.012906 1 -0.0105984 -0.00230764
566.6 -0.0125767 1 -0.0106405 -0.00193616
567.05 -0.0122475 1 -0.0106823 -0.00156525
567.5 -0.0119186 1 -0.0107237 -0.00119491
567.96 -0.0115825 1 -0.0107656 -0.000816966
568.41 -0.012254 1 -0.0108061 -0.00144785
568.86 -0.0119257 1 -0.0108463 -0.00107935
569.31 -0.0135975 1 -0.010886 -0.0027115
569.76 -0.0132696 1 -0.0109253 -0.00234429
570.21 -0.0119419 1 -0.0109641 -0.00097776
570.67 -0.0116071 1 -0.0110033 -0.000603787
571.12 -0.0102797 1 -0.0110411 0.000761348
571.57 -0.0109526 1 -0.0110784 0.000125764
572.02 -0.0116258 1 -0.0111152 -0.000510555
572.47 -0.0152991 1 -0.0111515 -0.00414763
572.92 -0.0149726 1 -0.0111871 -0.00378547
573.37 -0.0146464 1 -0.0112223 -0.00342411
573.83 -0.0143131 1 -0.0112575 -0.00305555
574.28 -0.0119873 1 -0.0112914 -0.00069584
574.73 -0.0106617 1 -0.0113247 0.000663016
575.18 -0.0113363 1 -0.0113573 2.09998e-05
575.63 -0.0120112 1 -0.0113893 -0.00062191
576.08 -0.0136862 1 -0.0114205 -0.00226574
576.53 -0.0123615 1 -0.011451 -0.000910503
576.98 -0.0130371 1 -0.0114808 -0.00155623
577.44 -0.0147056 1 -0.0115105 -0.00319511
577.89 -0.0113816 1 -0.0115387 0.000157138
578.34 -0.0130578 1 -0.0115662 -0.00149165
578.79 -0.0127343 1 -0.0115928 -0.00114151
579.24 -0.012411 1 -0.0116185 -0.000792456
579.69 -0.0130879 1 -0.0116433 -0.00144452
580.14 -0.014765 1 -0.0116673 -0.00309774
580.59 -0.0134424 1 -0.0116903 -0.00175214
581.04 -0.01212 1 -0.0117123 -0.000407741
581.49 -0.0137979 1 -0.0117333 -0.00206458
581.95 -0.0124689 1 -0.0117537 -0.000715115
582.4 -0.0141472 1 -0.0117727 -0.00237456
582.85 -0.0128258 1 -0.0117905 -0.00103535
583.3 -0.0145047 1 -0.0118072 -0.0026975
583.75 -0.0141838 1 -0.0118227 -0.00236106
584.2 -0.0118631 1 -0.011837 -2.60673e-05
584.65 -0.0115427 1 -0.0118502 0.00030745
585.1 -0.0122225 1 -0.011862 -0.000360548
585.55 -0.0109026 1 -0.0118725 0.000969899
586 -0.010583 1 -0.0118817 0.00129875
586.45 -0.0122636 1 -0.0118896 -0.000374024
586.9 -0.0119445 1 -0.011896 -4.84757e-05
587.35 -0.0106256 1 -0.0119009 0.00127536
587.8 -0.012307 1 -0.0119044 -0.000402564
588.25 -0.0129886 1 -0.0119063 -0.00108229
588.71 -0.0116634 1 -0.0119066 0.000243205
589.16 -0.0133456 1 -0.0119053 -0.00144029
589.61 -0.0100281 1 -0.0119023 0.00187428
590.06 -0.0107108 1 -0.0118976 0.00118687
590.51 -0.00939373 1 -0.0118912 0.00249744
590.96 -0.011077 1 -0.0118829 0.000805937
591.41 -0.00976049 1 -0.0118728 0.00211231
591.86 -0.00944427 1 -0.0118608 0.00241652
592.31 -0.0101283 1 -0.0118468 0.0017185
592.76 -0.00981267 1 -0.0118309 0.00201823
593.21 -0.0104973 1 -0.0118129 0.00131563
593.66 -0.00918216 1 -0.0117928 0.00261067
594.11 -0.00786733 1 -0.0117706 0.00390329
594.56 -0.0105528 1 -0.0117462 0.00119344
595.01 -0.0112385 1 -0.0117196 0.000481073
595.46 -0.00992452 1 -0.0116907 0.00176613
595.91 -0.00861082 1 -0.0116594 0.00304857
596.36 -0.0092974 1 -0.0116257 0.00232833
596.81 -0.00898427 1 -0.0115896 0.00260537
597.26 -0.0106714 1 -0.0115511 0.000879628
597.71 -0.00735888 1 -0.0115099 0.00415106
598.16 -0.00904662 1 -0.0114662 0.0024196
598.61 -0.00973466 1 -0.0114199 0.00168521
599.06 -0.00742299 1 -0.0113708 0.00394784
599.51 -0.00711161 1 -0.011319 0.00420743
599.96 -0.00780054 1 -0.0112645 0.00346394
600.41 -0.00848976 1 -0.0112071 0.00271731
600.86 -0.00717928 1 -0.0111468 0.0039675
601.31 -0.0058691 1 -0.0110836 0.00521445
601.76 -0.00655923 1 -0.0110174 0.00445812
602.21 -0.00524966 1 -0.0109481 0.00569847
602.65 -0.00494726 1 -0.0108775 0.00593022
603.1 -0.0066383 1 -0.0108021 0.00416385
603.55 -0.00832964 1 -0.0107237 0.00239402
604 -0.00502129 1 -0.010642 0.0056207
604.45 -0.00671326 1 -0.0105571 0.00384383
604.9 -0.00640553 1 -0.0104689 0.00406338
605.35 -0.00709812 1 -0.0103774 0.00327931
605.8 -0.00579103 1 -0.0102826 0.00449159
606.25 -0.00548425 1 -0.0101844 0.00470019
606.7 -0.00517779 1 -0.0100829 0.00490506
607.15 -0.00587166 1 -0.00997784 0.00410619
607.6 -0.00656584 1 -0.00986937 0.00330354
608.05 -0.00826034 1 -0.00975743 0.00149709
608.5 -0.00595517 1 -0.00964198 0.00368682
608.95 -0.00765032 1 -0.00952302 0.0018727
609.39 -0.00235256 1 -0.00940329 0.00705072
609.84 -0.00404836 1 -0.00927732 0.00522896
610.29 -0.00574449 1 -0.00914781 0.00340332
610.74 -0.00544095 1 -0.00901473 0.00357378
611.19 -0.00613774 1 -0.00887808 0.00274034
611.64 -0.00283487 1 -0.00873786 0.005903
612.09 -0.00353233 1 -0.00859408 0.00506176
612.54 -0.00623012 1 -0.00844674 0.00221662
612.99 -0.00392825 1 -0.00829585 0.0043676
613.44 -0.00562673 1 -0.00814143 0.0025147
613.88 -0.00133223 1 -0.00798704 0.00665481
614.33 -0.00303138 1 -0.00782568 0.0047943
614.78 -0.00673087 1 -0.00766084 0.000929977
615.23 -0.0034307 1 -0.00749256 0.00406186
615.68 -0.00413088 1 -0.00732088 0.00319
616.13 -0.00483141 1 -0.00714581 0.00231441
616.58 -0.00453228 1 -0.00696742 0.00243513
617.03 -0.00423351 1 -0.00678574 0.00255223
617.47 -0.00194172 1 -0.00660497 0.00466325
617.92 -0.00464364 1 -0.00641694 0.0017733
618.37 -0.00434592 1 -0.00622579 0.00187987
618.82 -0.00504855 1 -0.00603157 0.000983024
619.27 -0.00375154 1 -0.00583437 0.00208283
619.72 -0.00245489 1 -0.00563424 0.00317936
620.17 -0.0051586 1 -0.00543128 0.000272679
620.61 -0.00486924 1 -0.00523015 0.000360909
621.06 -0.00457366 1 -0.0050218 0.00044814
621.51 -0.00527845 1 -0.00481087 -0.00046758
621.96 -0.0049836 1 -0.00459745 -0.000386156
622.41 -0.00368912 1 -0.00438163 0.000692509
622.86 -0.00339501 1 -0.00416353 0.00076852
623.3 -0.00410779 1 -0.00394817 -0.000159622
623.75 -0.00281441 1 -0.00372587 0.000911457
624.2 -0.0035214 1 -0.00350162 -1.97851e-05
624.65 -0.00522877 1 -0.00327554 -0.00195323
625.1 -0.00293651 1 -0.00304776 0.000111248
625.54 -0.00265111 1 -0.00282352 0.000172407
625.99 -0.0033596 1 -0.00259276 -0.000766842
626.44 -0.00206847 1 -0.00236069 0.000292225
626.89 -0.00277771 1 -0.00212746 -0.00065025
627.34 -0.00248734 1 -0.00189322 -0.000594124
627.78 -0.0032038 1 -0.00166334 -0.00154046
628.23 -0.00491418 1 -0.00142752 -0.00348666
628.68 -0.00462496 1 -0.00119115 -0.00343381
629.13 -0.00433612 1 -0.000954361 -0.00338176
629.58 -0.00304767 1 -0.000717333 -0.00233034
630.02 -0.00176601 1 -0.000485494 -0.00128052
630.47 -0.00347834 1 -0.000248468 -0.00322987
630.92 -0.00119106 1 -1.16951e-05 -0.00117936
631.37 -0.00390417 1 0.000224655 -0.00412882
631.81 -0.00262404 1 0.000455178 -0.00307922
632.26 -0.00333794 1 0.000690179 -0.00402812
632.71 -0.00105223 1 0.000924237 -0.00197647
633.16 -0.00176693 1 0.00115717 -0.0029241
633.61 -0.00248202 1 0.00138881 -0.00387083
634.05 -0.00320384 1 0.00161387 -0.00481771
634.5 -0.00191974 1 0.00184241 -0.00376214
634.95 0.000363962 1 0.00206911 -0.00170514
635.4 -0.000352746 1 0.00229379 -0.00264653
635.84 -7.61437e-05 1 0.00251135 -0.0025875
636.29 0.00020634 1 0.00273152 -0.00252518
636.74 0.00148841 1 0.00294913 -0.00146072
637.18 0.00276382 1 0.00315926 -0.000395445
637.63 0.00104507 1 0.0033713 -0.00232623
638.08 0.000325911 1 0.00358026 -0.00325435
638.53 0.000606334 1 0.00378596 -0.00317963
638.97 0.000880121 1 0.00398378 -0.00310366
639.42 0.00115972 1 0.00418254 -0.00302283
639.87 0.00043889 1 0.00437754 -0.00393865
640.32 0.00171764 1 0.00456862 -0.00285098
640.76 0.00298979 1 0.00475151 -0.00176172
641.21 0.0022677 1 0.00493435 -0.00266665
641.66 0.00154519 1 0.0051128 -0.00356762
642.1 0.00281609 1 0.0052829 -0.0024668
642.55 0.00209273 1 0.00545222 -0.00335948
643 0.00136894 1 0.0056167 -0.00424776
643.44 0.00263859 1 0.00577273 -0.00313414
643.89 0.00391395 1 0.00592726 -0.00201331
644.34 0.00318886 1 0.00607656 -0.0028877
644.79 0.00246335 1 0.00622051 -0.00375716
645.23 0.00573131 1 0.00635597 -0.000624666
645.68 0.00500492 1 0.00648899 -0.00148407
646.13 0.0052781 1 0.00661633 -0.00133823
646.57 0.00554477 1 0.00673524 -0.00119047
647.02 0.00481707 1 0.00685104 -0.00203396
647.47 0.00708893 1 0.00696087 0.000128064
647.91 0.00335431 1 0.00706241 -0.00370809
648.36 0.00462529 1 0.0071602 -0.00253491
648.81 0.00589581 1 0.00725179 -0.00135598
649.25 0.00815989 1 0.00733531 0.000824582
649.7 0.00742952 1 0.00741448 1.50434e-05
650.15 0.00569871 1 0.0074873 -0.00178859
650.59 0.00696147 1 0.0075523 -0.000590839
651.04 0.00522975 1 0.00761243 -0.00238268
651.48 0.0104916 1 0.00766497 0.00282665
651.93 0.006759 1 0.0077123 -0.000953301
652.38 0.00602592 1 0.00775314 -0.00172722
652.82 0.00828646 1 0.00778679 0.000499671
653.27 0.00655246 1 0.00781477 -0.00126231
653.72 0.007818 1 0.00783628 -1.82729e-05
654.16 0.00707719 1 0.00785104 -0.000773849
654.61 0.0103418 1 0.00785977 0.00248205
655.06 0.00760596 1 0.00786207 -0.000256109
655.5 0.00586379 1 0.00785816 -0.00199437
655.95 0.00512701 1 0.00784789 -0.00272087
656.39 0.00338393 1 0.00783177 -0.00444784
656.84 0.00564621 1 0.00780912 -0.0021629
657.29 0.010908 1 0.00778031 0.00312772
657.73 0.00816356 1 0.00774624 0.000417317
658.18 0.00942443 1 0.00770546 0.00171897
658.62 0.00967904 1 0.00765984 0.0020192
659.07 0.00893896 1 0.0076074 0.00133156
659.52 0.0081984 1 0.00754922 0.000649181
659.96 0.0104516 1 0.00748686 0.00296474
660.41 0.0107101 1 0.00741762 0.00329247
660.85 0.00896235 1 0.00734466 0.0016177
661.3 0.00921987 1 0.00726478 0.00195509
661.74 0.0114712 1 0.00718167 0.00428953
662.19 0.00872775 1 0.00709165 0.0016361
662.64 0.00998381 1 0.00699671 0.0029871
663.08 0.00923371 1 0.00689924 0.00233447
663.53 0.00948879 1 0.00679494 0.00269385
663.97 0.0117377 1 0.0066886 0.00504912
664.42 0.0109918 1 0.00657553 0.0044163
664.86 0.0112398 1 0.0064609 0.00477891
665.31 0.0104929 1 0.00633964 0.00415329
665.75 0.00873993 1 0.0062173 0.00252263
666.2 0.0119921 1 0.00608847 0.00590358
666.65 0.0102437 1 0.00595607 0.00428761
667.09 0.0104892 1 0.00582329 0.00466593
667.54 0.0107398 1 0.00568428 0.00505555
667.98 0.0089844 1 0.00554538 0.00343902
668.43 0.00823401 1 0.00540043 0.00283358
668.87 0.00747759 1 0.00525605 0.00222154
669.32 0.00972619 1 0.00510583 0.00462036
669.76 0.00996877 1 0.00495663 0.00501215
670.21 0.0102164 1 0.00480182 0.00541454
670.65 0.00545795 1 0.00464845 0.000809494
671.1 0.00970451 1 0.00448973 0.00521478
671.54 0.00994509 1 0.00433286 0.00561223
671.99 0.00619063 1 0.00417089 0.00201974
672.43 0.00843021 1 0.00401118 0.00441902
672.88 0.00767471 1 0.00384664 0.00382807
673.32 0.00891327 1 0.00368474 0.00522853
673.77 0.00715674 1 0.00351829 0.00363845
674.21 0.00639428 1 0.00335484 0.00303945
674.66 0.0066367 1 0.00318711 0.00344959
675.1 0.00487322 1 0.00302273 0.00185049
675.55 0.0031146 1 0.00285437 0.000260223
675.99 0.00635009 1 0.00268967 0.00366042
676.44 0.0035904 1 0.00252128 0.00106912
676.88 0.00482486 1 0.00235684 0.00246802
677.33 0.00606412 1 0.00218902 0.0038751
677.77 0.00229754 1 0.0020254 0.000272133
678.22 0.00253573 1 0.00185871 0.000677022
678.66 0.0017681 1 0.00169646 7.16402e-05
679.11 0.00100522 1 0.00153143 -0.000526207
679.55 0.00523654 1 0.00137106 0.00386548
679.99 0.00246735 1 0.00121181 0.00125554
680.44 0.00270285 1 0.0010502 0.00165266
680.88 0.0009326 1 0.000893533 3.90661e-05
681.33 0.00116702 1 0.000734802 0.000432221
681.77 -0.0016043 1 0.000581164 -0.00218546
682.22 -0.000370964 1 0.00042574 -0.000796704
682.66 -0.000143351 1 0.000275534 -0.000418885
683.11 8.88855e-05 1 0.000123815 -3.49293e-05
683.55 -0.000684576 1 -2.25867e-05 -0.00066199
683.99 -0.000458571 1 -0.00016698 -0.000291591
684.44 -0.00322798 1 -0.000312497 -0.00291549
684.88 -0.00300306 1 -0.000452593 -0.00255047
685.33 -0.00177358 1 -0.000593562 -0.00118002
685.77 -0.00354974 1 -0.000729073 -0.00282067
686.21 -0.00332645 1 -0.000862221 -0.00246423
686.66 -0.00109863 1 -0.00099589 -0.000102745
687.1 -0.00487643 1 -0.00112409 -0.00375235
687.55 -0.00564975 1 -0.00125258 -0.00439716
687.99 -0.00342865 1 -0.00137562 -0.00205302
688.44 -0.00420308 1 -0.00149875 -0.00270433
688.88 -0.00398309 1 -0.00161646 -0.00236663
689.32 -0.00476365 1 -0.00173149 -0.00303216
689.77 -0.00553978 1 -0.00184632 -0.00369346
690.21 -0.00732145 1 -0.00195582 -0.00536563
690.65 -0.00610367 1 -0.00206255 -0.00404112
691.1 -0.00288152 1 -0.00216883 -0.000712683
691.54 -0.00666486 1 -0.00226992 -0.00439494
691.99 -0.00544385 1 -0.00237039 -0.00307347
692.43 -0.00622832 1 -0.00246577 -0.00376256
692.87 -0.00701335 1 -0.00255832 -0.00445503
693.32 -0.00679408 1 -0.00265005 -0.00414403
693.76 -0.00858024 1 -0.00273688 -0.00584337
694.2 -0.00536697 1 -0.00282088 -0.00254609
694.65 -0.00714944 1 -0.00290387 -0.00424557
695.09 -0.00693731 1 -0.00298218 -0.00395513
695.53 -0.00772575 1 -0.00305769 -0.00466806
695.98 -0.00650997 1 -0.00313204 -0.00337793
696.42 -0.00729955 1 -0.00320194 -0.00409762
696.86 -0.00708972 1 -0.00326909 -0.00382063
697.31 -0.0088757 1 -0.00333495 -0.00554075
697.75 -0.00866702 1 -0.00339662 -0.0052704
698.19 -0.00745891 1 -0.00345562 -0.00400329
698.64 -0.00724668 1 -0.00351322 -0.00373345
699.08 -0.00703974 1 -0.0035669 -0.00347283
699.52 -0.00983338 1 -0.003618 -0.00621538
699.97 -0.00762293 1 -0.00366763 -0.00395531
700.41 -0.00841775 1 -0.00371361 -0.00470414
700.85 -0.00721315 1 -0.00375711 -0.00345604
701.3 -0.0090045 1 -0.00379908 -0.00520542
701.74 -0.00780108 1 -0.00383769 -0.00396339
702.18 -0.00759825 1 -0.00387395 -0.0037243
702.63 -0.00739142 1 -0.00390863 -0.00348279
703.07 -0.00718978 1 -0.00394024 -0.00324953
703.51 -0.00598873 1 -0.00396963 -0.0020191
703.96 -0.00578372 1 -0.00399742 -0.00178631
704.4 -0.00758387 1 -0.00402242 -0.00356145
704.84 -0.00738462 1 -0.00404533 -0.00333928
705.28 -0.00718596 1 -0.00406619 -0.00311976
705.73 -0.0069834 1 -0.00408546 -0.00289794
706.17 -0.00678595 1 -0.00410231 -0.00268364
706.61 -0.0085891 1 -0.00411726 -0.00447184
707.06 -0.0073884 1 -0.00413062 -0.00325778
707.5 -0.00819277 1 -0.00414185 -0.00405091
707.94 -0.00899774 1 -0.00415131 -0.00484642
708.38 -0.0108033 1 -0.00415906 -0.00664426
708.83 -0.0076051 1 -0.00416525 -0.00343985
709.27 -0.0074119 1 -0.00416966 -0.00324225
709.71 -0.00921932 1 -0.00417249 -0.00504683
710.15 -0.00602734 1 -0.00417379 -0.00185356
710.6 -0.00683164 1 -0.00417358 -0.00265806
711.04 -0.0086409 1 -0.00417193 -0.00446897
711.48 -0.00545078 1 -0.00416888 -0.0012819
711.92 -0.00526127 1 -0.00416449 -0.00109678
712.37 -0.00806809 1 -0.00415865 -0.00390945
712.81 -0.00587984 1 -0.00415167 -0.00172817
713.25 -0.0076922 1 -0.00414347 -0.00354872
713.69 -0.00650518 1 -0.00413411 -0.00237107
714.13 -0.00431879 1 -0.00412362 -0.000195166
714.58 -0.0051288 1 -0.00411177 -0.00101703
715.02 -0.00594367 1 -0.00409913 -0.00184454
715.46 -0.00775916 1 -0.00408548 -0.00367368
715.9 -0.00657528 1 -0.00407088 -0.00250441
716.35 -0.00638788 1 -0.00405498 -0.00233289
716.79 -0.00520527 1 -0.00403855 -0.00116672
717.23 -0.0060233 1 -0.00402126 -0.00200203
717.67 -0.00484196 1 -0.00400317 -0.000838783
718.11 -0.00566125 1 -0.00398431 -0.00167694
718.56 -0.00147709 1 -0.00396425 0.00248716
719 -0.00529767 1 -0.00394393 -0.00135374
719.44 -0.00511889 1 -0.00392294 -0.00119595
719.88 -0.00694074 1 -0.00390131 -0.00303944
720.32 -0.00676324 1 -0.00387908 -0.00288416
720.76 -0.00458638 1 -0.00385627 -0.000730108
721.21 -0.00540616 1 -0.00383239 -0.00157378
721.65 -0.0052306 1 -0.00380852 -0.00142209
722.09 -0.00305569 1 -0.00378416 0.000728469
722.53 -0.00488143 1 -0.00375935 -0.00112207
722.97 -0.00370781 1 -0.00373411 2.6305e-05
723.41 -0.00553484 1 -0.00370847 -0.00182637
723.86 -0.00235861 1 -0.00368186 0.00132325
724.3 -0.00618696 1 -0.00365549 -0.00253148
724.74 -0.00201597 1 -0.00362879 0.00161282
725.18 -0.00384563 1 -0.00360178 -0.000243843
725.62 -0.00467594 1 -0.0035745 -0.00110144
726.06 -0.00350691 1 -0.00354696 4.00422e-05
726.5 -0.00633854 1 -0.00351918 -0.00281937
726.95 -0.00416703 1 -0.00349054 -0.000676493
727.39 0 1 -0.00346234 0.00346234
727.83 -0.00483363 1 -0.00343396 -0.00139967
728.27 -0.00266792 1 -0.00340542 0.000737507
728.71 -0.00150286 1 -0.00337675 0.00187389
729.15 -0.00233845 1 -0.00334794 0.00100949
729.59 -0.00217469 1 -0.00331903 0.00114434
730.03 -0.00201157 1 -0.00329002 0.00127846
730.48 -0.00184539 1 -0.00326028 0.00141488
730.92 -0.00368355 1 -0.00323113 -0.000452425
731.36 -0.00252234 1 -0.00320193 0.00067959
731.8 -0.00236175 1 -0.0031727 0.000810947
732.24 -0.00220178 1 -0.00314344 0.000941662
732.68 -0.00304242 1 -0.00311417 7.17532e-05
733.12 -0.00488367 1 -0.00308491 -0.00179876
733.56 -0.00272553 1 -0.00305565 0.000330125
734 -0.00256798 1 -0.00302642 0.000458437
734.44 -0.00141104 1 -0.00299722 0.00158619
734.89 -0.000251137 1 -0.00296741 0.00271627
735.33 0.00190462 1 -0.00293831 0.00484292
735.77 0.00205979 1 -0.00290927 0.00496906
736.21 -0.000785619 1 -0.0028803 0.00209468
736.65 -0.0016316 1 -0.00285141 0.00121981
737.09 0.00352185 1 -0.00282261 0.00634446
737.53 0.00267473 1 -0.0027939 0.00546863
737.97 -0.000172944 1 -0.00276529 0.00259234
738.41 -0.00102118 1 -0.00273678 0.00171561
738.85 0.00213004 1 -0.00270839 0.00483843
739.29 0.00128071 1 -0.00268012 0.00396083
739.73 -0.00056917 1 -0.00265198 0.00208281
740.17 0.00158042 1 -0.00262396 0.00420438
740.61 0.000729467 1 -0.00259608 0.00332555
741.05 0.00187799 1 -0.00256834 0.00444633
741.49 2.59862e-05 1 -0.00254075 0.00256673
741.93 -0.000826538 1 -0.0025133 0.00168676
742.37 -0.00167958 1 -0.00248601 0.000806429
742.81 0.00146687 1 -0.00245887 0.00392574
743.26 0.00161612 1 -0.00243128 0.0040474
743.7 0.000761545 1 -0.00240447 0.00316602
744.14 0.000906472 1 -0.00237783 0.0032843
744.58 0.0010509 1 -0.00235135 0.00340225
745.02 0.00119485 1 -0.00232505 0.00351989
745.46 0.0023383 1 -0.00229892 0.00463722
745.9 0.00248128 1 -0.00227296 0.00475425
746.34 0.00162378 1 -0.00224719 0.00387097
746.78 0.00276581 1 -0.0022216 0.00498741
747.22 0.00290737 1 -0.00219619 0.00510356
747.66 4.8467e-05 1 -0.00217096 0.00221943
748.1 0.00118911 1 -0.00214592 0.00333502
748.54 -0.000670711 1 -0.00212107 0.00145035
748.98 -0.000530976 1 -0.0020964 0.00156542
749.42 0.000608312 1 -0.00207192 0.00268024
749.86 0.00274716 1 -0.00204764 0.0047948
750.29 0.00188243 1 -0.00202409 0.00390652
750.73 0.00102042 1 -0.00200018 0.0030206
751.17 -0.00284202 1 -0.00197647 -0.000865554
751.61 -0.000704883 1 -0.00195295 0.00124806
752.05 0.00343184 1 -0.00192962 0.00536145
752.49 0.00156814 1 -0.00190649 0.00347462
752.93 0.000704032 1 -0.00188355 0.00258758
753.37 -0.00116048 1 -0.0018608 0.000700324
753.81 -0.00202539 1 -0.00183826 -0.000187138
754.25 0.0011093 1 -0.0018159 0.0029252
754.69 0.000243594 1 -0.00179374 0.00203734
755.13 -0.000622497 1 -0.00177178 0.00114928
755.57 0.00251103 1 -0.00175001 0.00426104
756.01 0.000644175 1 -0.00172844 0.00237261
756.45 0.00277695 1 -0.00170706 0.004484
756.89 -9.06516e-05 1 -0.00168587 0.00159522
757.33 0.00304138 1 -0.00166488 0.00470626
757.77 0.00117306 1 -0.00164408 0.00281714
758.21 0.000304375 1 -0.00162347 0.00192785
758.64 -0.000567633 1 -0.00160352 0.00103589
759.08 -0.00343701 1 -0.0015833 -0.00185371
759.52 -0.000306728 1 -0.00156326 0.00125654
759.96 0.00382321 1 -0.00154342 0.00536664
760.4 0.00195282 1 -0.00152377 0.00347659
760.84 -0.0019179 1 -0.00150431 -0.000413598
761.28 0.000211045 1 -0.00148503 0.00169608
761.72 0.00233967 1 -0.00146595 0.00380562
762.16 0.00146798 1 -0.00144705 0.00291503
762.6 0.00159598 1 -0.00142834 0.00302432
763.03 -0.00127923 1 -0.00141023 0.000131002
763.47 -0.00115184 1 -0.00139189 0.000240049
763.91 0.000975256 1 -0.00137373 0.00234898
764.35 -0.000897946 1 -0.00135575 0.000457802
764.79 -0.00277144 1 -0.00133795 -0.00143349
765.23 -0.00264522 1 -0.00132034 -0.00132488
765.67 -0.000519281 1 -0.00130291 0.000783627
766.11 -0.00539362 1 -0.00128565 -0.00410797
766.54 -0.00327108 1 -0.00126897 -0.00200211
766.98 -0.00114595 1 -0.00125207 0.000106113
767.42 0.00197891 1 -0.00123534 0.00321425
767.86 -0.00289649 1 -0.0012188 -0.0016777
768.3 0.00122785 1 -0.00120242 0.00243028
768.74 0.00235195 1 -0.00118622 0.00353817
769.17 -0.00152702 1 -0.00117056 -0.000356457
769.61 0.0025966 1 -0.0011547 0.0037513
770.05 -0.00128003 1 -0.00113901 -0.000141019
770.49 0.00284311 1 -0.00112349 0.0039666
770.93 0.00296602 1 -0.00110814 0.00407416
771.37 -0.00191129 1 -0.00109296 -0.000818333
771.8 -0.000791608 1 -0.00107828 0.000286675
772.24 -0.00166935 1 -0.00106343 -0.000605925
772.68 -0.00154731 1 -0.00104874 -0.000498571
773.12 -0.000425472 1 -0.00103421 0.000608738
773.56 -0.00130384 1 -0.00101984 -0.000283994
774 -0.0011824 1 -0.00100564 -0.000176763
774.43 -0.00106391 1 -0.000991909 -7.20013e-05
774.87 -0.00194285 1 -0.000978018 -0.000964834
775.31 0.00217802 1 -0.000964285 0.00314231
775.75 -0.000701287 1 -0.000950707 0.00024942
776.19 -0.00158077 1 -0.000937285 -0.000643485
776.62 -0.00146316 1 -0.000924317 -0.000538842
777.06 0.00165702 1 -0.000911197 0.00256822
777.5 -0.00222296 1 -0.00089823 -0.00132473
777.94 -0.0021031 1 -0.000885413 -0.00121769
778.37 -0.000986111 1 -0.000873031 -0.000113079
778.81 0.000133449 1 -0.000860508 0.000993958
779.25 0.00125286 1 -0.000848132 0.002101
779.69 0.00137214 1 -0.000835902 0.00220804
780.13 0.00149128 1 -0.000823817 0.00231509
780.56 -0.00139242 1 -0.000812145 -0.000580277
781 0.000726459 1 -0.000800342 0.0015268
781.44 0.000845217 1 -0.000788681 0.0016339
781.88 -3.61439e-05 1 -0.000777159 0.000741015
782.31 -0.00192031 1 -0.000766034 -0.00115428
782.75 0.00119811 1 -0.000754786 0.00195289
783.19 0.00131642 1 -0.000743675 0.00206009
783.63 -0.000565372 1 -0.000732699 0.000167326
784.06 -0.00344994 1 -0.000722102 -0.00272784
784.5 0.000668082 1 -0.00071139 0.00137947
784.94 0.000786017 1 -0.000700811 0.00148683
785.37 0.00190119 1 -0.000690598 0.00259179
785.81 0.00301897 1 -0.000680276 0.00369924
786.25 0.00113667 1 -0.000670083 0.00180675
786.69 0.000254296 1 -0.000660017 0.000914313
787.12 -0.000630812 1 -0.000650302 1.94897e-05
787.56 -0.000513308 1 -0.000640484 0.000127176
788 0.00360414 1 -0.000630791 0.00423493
788.43 0.00271886 1 -0.000621436 0.0033403
788.87 -0.00216379 1 -0.000611985 -0.00155181
789.31 -0.00204649 1 -0.000602654 -0.00144383
789.75 0.00107078 1 -0.000593442 0.00166422
790.18 -0.00281466 1 -0.000584555 -0.00223011
790.62 -0.000697464 1 -0.000575576 -0.000121888
791.06 -0.000580292 1 -0.000566714 -1.35787e-05
791.49 -0.00246581 1 -0.000558164 -0.00190764
791.93 0.000651327 1 -0.000549528 0.00120085
792.37 0.00276845 1 -0.000541005 0.00330945
792.8 -0.00111711 1 -0.000532784 -0.000584322
793.24 0 1 -0.000524481 0.000524481
793.68 0.00311711 1 -0.000516287 0.00363339
794.11 0.00123155 1 -0.000508385 0.00173994
794.55 0.00234867 1 -0.000500404 0.00284908
794.99 0.00546581 1 -0.000492531 0.00595834
795.42 0.00158029 1 -0.000484938 0.00206523
795.86 0.00269746 1 -0.000477271 0.00317473
796.3 -0.000185339 1 -0.000469708 0.000284369
796.73 0.00192922 1 -0.000462415 0.00239164
797.17 -0.000953512 1 -0.000455053 -0.00049846
797.61 0.00016379 1 -0.00044779 0.00061158
798.04 0.00227847 1 -0.000440789 0.00271926
798.48 0.000395862 1 -0.000433721 0.000829583
798.91 0.000510639 1 -0.000426908 0.000937547
799.35 0.00362814 1 -0.000420031 0.00404817
799.79 0.0067457 1 -0.000413249 0.00715895
800.22 0.00086066 1 -0.000406712 0.00126737
800.66 -0.00202164 1 -0.000400115 -0.00162153
801.1 0.00209613 1 -0.000393609 0.00248974
