500.34 0.0024477 1 -0.00105225 0.00349995
500.8 0.00267153 1 -0.00110587 0.0037774
501.25 0.0018905 1 -0.00115851 0.00304901
501.71 -0.000885662 1 -0.00121252 0.000326855
502.17 0.000338183 1 -0.00126671 0.00160489
502.62 0.00255717 1 -0.00131991 0.00387708
503.08 0.00178102 1 -0.00137448 0.00315549
503.53 0 1 -0.00142804 0.00142804
503.99 -0.000776149 1 -0.00148297 0.000706818
504.44 0.00144283 1 -0.00153688 0.00297971
504.9 0.00166668 1 -0.00159217 0.00325885
505.36 -0.00210947 1 -0.00164763 -0.000461841
505.81 -0.000890498 1 -0.00170206 0.000811562
506.27 0.00133334 1 -0.00175787 0.00309121
506.72 -0.0014477 1 -0.00181263 0.000364929
507.18 -0.000223875 1 -0.00186877 0.0016449
507.63 -0.00200493 1 -0.00192385 -8.10721e-05
508.09 0.00221888 1 -0.00198032 0.0041992
508.54 -0.00356219 1 -0.00203572 -0.00152647
509 -0.00233841 1 -0.00209251 -0.000245898
509.45 -0.0011195 1 -0.00214821 0.00102871
509.91 -0.000895742 1 -0.00220531 0.00130957
510.36 -0.000676862 1 -0.00226131 0.00158445
510.82 -0.00145313 1 -0.0023187 0.000865567
511.27 -0.00123428 1 -0.00237499 0.0011407
511.73 -1.05882e-05 1 -0.00243267 0.00242208
512.19 -0.00178691 1 -0.00249049 0.000703579
512.64 -0.00256812 1 -0.00254719 -2.09255e-05
513.1 -0.00134448 1 -0.00260529 0.00126081
513.55 -0.00112572 1 -0.00266225 0.00153652
514.01 -0.00190213 1 -0.0027206 0.000818474
514.46 -0.00168342 1 -0.00277782 0.0010944
514.92 -0.00145987 1 -0.00283643 0.00137655
515.37 -0.00124121 1 -0.00289388 0.00165267
515.83 -1.77197e-05 1 -0.00295273 0.00293501
516.28 -0.000799111 1 -0.00301041 0.0022113
516.73 -0.00258053 1 -0.00306821 0.000487677
517.19 -0.000357121 1 -0.00312739 0.00277027
517.64 -0.0021386 1 -0.0031854 0.0010468
518.1 -0.000915252 1 -0.0032448 0.00232955
518.55 -0.00369679 1 -0.00330301 -0.000393783
519.01 -0.00247351 1 -0.00336261 0.000889098
519.46 -0.00425512 1 -0.00342101 -0.000834111
519.92 -3.1908e-05 1 -0.0034808 0.00344889
520.37 -0.00681359 1 -0.00353937 -0.00327421
520.83 -0.00559045 1 -0.00359934 -0.00199111
521.28 0.000627799 1 -0.00365808 0.00428588
521.74 -0.00214914 1 -0.00371821 0.00156907
522.19 -0.00193097 1 -0.00377711 0.00184613
522.65 -0.004708 1 -0.00383738 -0.000870613
523.1 -0.00248991 1 -0.00389642 0.00140651
523.55 -0.00327187 1 -0.00395553 0.00068366
524.01 -0.00204902 1 -0.00401601 0.00196699
524.46 -0.00483106 1 -0.00407523 -0.000755832
524.92 -0.00660831 1 -0.00413583 -0.00247248
525.37 -0.00439045 1 -0.00419516 -0.000195282
525.83 -0.00416779 1 -0.00425587 8.80787e-05
526.28 -0.00295002 1 -0.0043153 0.00136528
526.73 -0.0027323 1 -0.00437477 0.00164247
527.19 -0.0045098 1 -0.00443561 -7.41916e-05
527.64 -0.00129218 1 -0.00449516 0.00320297
528.1 -0.00406978 1 -0.00455606 0.000486278
528.55 -0.00585228 1 -0.00461567 -0.0012366
529.01 -0.00462999 1 -0.00467664 4.66487e-05
529.46 -0.00541259 1 -0.0047363 -0.000676292
529.91 -0.00419524 1 -0.00479597 0.00060073
530.37 -0.00697313 1 -0.00485699 -0.00211614
530.82 -0.0037559 1 -0.0049167 0.0011608
531.28 -0.00453391 1 -0.00497774 0.000443832
531.73 -0.0053168 1 -0.00503746 -0.000279342
532.18 -0.00609976 1 -0.00509718 -0.00100258
532.64 -0.00587795 1 -0.00515822 -0.000719726
533.09 -0.00666103 1 -0.00521793 -0.00144309
533.54 -0.00544417 1 -0.00527764 -0.000166537
534 -0.00722256 1 -0.00533865 -0.00188391
534.45 -0.00100584 1 -0.00539832 0.00439248
534.91 -0.00578437 1 -0.0054593 -0.000325073
535.36 -0.00456778 1 -0.00551892 0.00095114
535.81 -0.00635126 1 -0.00557852 -0.000772744
536.27 -0.00713 1 -0.00563941 -0.0014906
536.72 -0.00491362 1 -0.00569893 0.000785309
537.17 -0.00469732 1 -0.00575842 0.0010611
537.63 -0.00747628 1 -0.00581919 -0.00165709
538.08 -0.00726012 1 -0.00587859 -0.00138154
538.54 -0.00603924 1 -0.00593925 -9.99855e-05
538.99 -0.00582323 1 -0.00599854 0.000175312
539.44 -0.0046073 1 -0.00605778 0.00145047
539.9 -0.00838665 1 -0.00611826 -0.00226839
540.35 -0.00617088 1 -0.00617737 6.48201e-06
540.8 -0.00795519 1 -0.0062364 -0.00171879
541.26 -0.00673479 1 -0.00629667 -0.000438122
541.71 -0.00851926 1 -0.00635555 -0.00216371
542.16 -0.00630381 1 -0.00641434 0.000110529
542.62 -0.00708367 1 -0.00647436 -0.000609307
543.07 -0.00486839 1 -0.00653298 0.00166459
543.52 -0.0066532 1 -0.00659151 -6.16929e-05
543.98 -0.00843332 1 -0.00665123 -0.00178208
544.43 -0.0072183 1 -0.00670956 -0.000508742
544.88 -0.00800337 1 -0.00676778 -0.00123559
545.34 -0.00678376 1 -0.00682718 4.34165e-05
545.79 -0.00856902 1 -0.00688517 -0.00168384
546.24 -0.00735436 1 -0.00694305 -0.000411312
546.69 -0.0071398 1 -0.00700081 -0.000138995
547.15 -0.00892057 1 -0.00705971 -0.00186085
547.6 -0.00770619 1 -0.00711721 -0.000588982
548.05 -0.00849192 1 -0.00717458 -0.00131734
548.51 -0.00727298 1 -0.00723307 -3.99047e-05
548.96 -0.00705889 1 -0.00729015 0.000231259
549.41 -0.00684491 1 -0.00734709 0.000502178
549.86 -0.00863103 1 -0.00740388 -0.00122715
550.32 -0.00741249 1 -0.00746176 4.92727e-05
550.77 -0.00519881 1 -0.00751824 0.00231943
551.22 -0.00898523 1 -0.00757454 -0.00141069
551.68 -0.00976701 1 -0.00763193 -0.00213508
552.13 -0.00955364 1 -0.0076879 -0.00186574
552.58 -0.00934038 1 -0.0077437 -0.00159668
553.03 -0.00912722 1 -0.00779931 -0.0013279
553.49 -0.00890943 1 -0.00785598 -0.00105345
553.94 -0.00969649 1 -0.00791122 -0.00178527
554.39 -0.00848366 1 -0.00796628 -0.000517379
554.84 -0.00927093 1 -0.00802114 -0.0012498
555.3 -0.0090536 1 -0.00807701 -0.000976586
555.75 -0.0088411 1 -0.00813146 -0.000709634
556.2 -0.0106287 1 -0.00818571 -0.002443
556.65 -0.0114164 1 -0.00823975 -0.00317669
557.11 -0.0101996 1 -0.00829476 -0.00190481
557.56 -0.00898753 1 -0.00834836 -0.00063917
558.01 -0.00877561 1 -0.00840173 -0.000373872
558.46 -0.0085638 1 -0.00845488 -0.000108919
558.92 -0.0113474 1 -0.00850897 -0.00283844
559.37 -0.00713585 1 -0.00856165 0.0014258
559.82 -0.00892441 1 -0.00861409 -0.000310317
560.27 -0.0117131 1 -0.00866628 -0.0030468
560.72 -0.0105019 1 -0.00871823 -0.00178365
561.18 -0.00828612 1 -0.00877108 0.000484956
561.63 -0.0100752 1 -0.00882251 -0.00125266
562.08 -0.0108643 1 -0.00887369 -0.00199066
562.53 -0.00965365 1 -0.00892461 -0.000729047
562.99 -0.00943841 1 -0.00897638 -0.000462029
563.44 -0.00922797 1 -0.00902675 -0.00020122
563.89 -0.0110177 1 -0.00907684 -0.00194082
564.34 -0.00880748 1 -0.00912666 0.000319181
564.79 -0.00959743 1 -0.0091762 -0.000421237
565.25 -0.0123829 1 -0.00922654 -0.00315632
565.7 -0.0101731 1 -0.00927549 -0.000897589
566.15 -0.00996343 1 -0.00932415 -0.000639288
566.6 -0.00975392 1 -0.0093725 -0.00038142
567.05 -0.00954455 1 -0.00942056 -0.000123989
567.5 -0.00933532 1 -0.00946831 0.000132998
567.96 -0.00912157 1 -0.00951681 0.000395233
568.41 -0.00891262 1 -0.00956393 0.00065131
568.86 -0.0097038 1 -0.00961073 -9.30709e-05
569.31 -0.0114951 1 -0.00965722 -0.00183791
569.76 -0.0122866 1 -0.00970337 -0.00258322
570.21 -0.0110782 1 -0.0097492 -0.001329
570.67 -0.0108653 1 -0.00979571 -0.00106963
571.12 -0.0116572 1 -0.00984086 -0.00181638
571.57 -0.0114493 1 -0.00988568 -0.00156361
572.02 -0.0112415 1 -0.00993015 -0.00131133
572.47 -0.0110338 1 -0.00997428 -0.00105955
572.92 -0.0108263 1 -0.0100181 -0.00080827
573.37 -0.010619 1 -0.0100615 -0.000557492
573.83 -0.0114072 1 -0.0101055 -0.00130167
574.28 -0.0112001 1 -0.0101482 -0.00105192
574.73 -0.0109932 1 -0.0101905 -0.000802692
575.18 -0.0117865 1 -0.0102325 -0.00155399
575.63 -0.00957987 1 -0.0102741 0.000694194
576.08 -0.0133734 1 -0.0103153 -0.00305816
576.53 -0.0101672 1 -0.0103561 0.000188958
576.98 -0.00996104 1 -0.0103966 0.000435533
577.44 -0.0137505 1 -0.0104375 -0.00331297
577.89 -0.0115447 1 -0.0104772 -0.0010675
578.34 -0.0123391 1 -0.0105165 -0.00182259
578.79 -0.0121336 1 -0.0105554 -0.00157822
579.24 -0.0119283 1 -0.0105938 -0.00133442
579.69 -0.0117231 1 -0.0106319 -0.00109119
580.14 -0.0135181 1 -0.0106696 -0.00284852
580.59 -0.0143133 1 -0.0107069 -0.00360643
581.04 -0.0141087 1 -0.0107437 -0.00336491
581.49 -0.0139042 1 -0.0107802 -0.00312398
581.95 -0.0126953 1 -0.010817 -0.0018783
582.4 -0.0124912 1 -0.0108526 -0.00163855
582.85 -0.0132872 1 -0.0108878 -0.0023994
583.3 -0.0140834 1 -0.0109225 -0.00316085
583.75 -0.0118798 1 -0.0109569 -0.000922897
584.2 -0.0126763 1 -0.0109908 -0.00168555
584.65 -0.012473 1 -0.0110242 -0.00144881
585.1 -0.0142699 1 -0.0110572 -0.00321269
585.55 -0.011067 1 -0.0110898 2.28156e-05
586 -0.0118642 1 -0.0111219 -0.000742299
586.45 -0.0136616 1 -0.0111536 -0.00250804
586.9 -0.0114592 1 -0.0111848 -0.000274405
587.35 -0.011257 1 -0.0112156 -4.14035e-05
587.8 -0.015055 1 -0.011246 -0.00380904
588.25 -0.0128531 1 -0.0112758 -0.00157731
588.71 -0.010647 1 -0.0113059 0.0006589
589.16 -0.0114455 1 -0.0113348 -0.000110676
589.61 -0.0132442 1 -0.0113633 -0.0018809
590.06 -0.0120431 1 -0.0113913 -0.000651782
590.51 -0.0108422 1 -0.0114188 0.000576682
590.96 -0.0126414 1 -0.0114459 -0.00119551
591.41 -0.0134409 1 -0.0114725 -0.00196837
591.86 -0.0112405 1 -0.0114986 0.000258102
592.31 -0.0130403 1 -0.0115242 -0.00151609
592.76 -0.0118404 1 -0.0115494 -0.000290961
593.21 -0.0126406 1 -0.0115741 -0.00106651
593.66 -0.00944098 1 -0.0115983 0.00215727
594.11 -0.0112416 1 -0.011622 0.000380366
594.56 -0.0130424 1 -0.0116452 -0.00139723
595.01 -0.0108434 1 -0.0116679 0.000824495
595.46 -0.0126446 1 -0.0116901 -0.000954475
595.91 -0.012446 1 -0.0117118 -0.00073414
596.36 -0.0122476 1 -0.0117331 -0.000514502
596.81 -0.0110493 1 -0.0117538 0.000704436
597.26 -0.0108513 1 -0.011774 0.000922671
597.71 -0.0106535 1 -0.0117937 0.0011402
598.16 -0.0124559 1 -0.011813 -0.000642977
598.61 -0.0122585 1 -0.0118317 -0.000426866
599.06 -0.0110613 1 -0.0118499 0.000788531
599.51 -0.00986436 1 -0.0118676 0.00200321
599.96 -0.0106676 1 -0.0118848 0.00121718
600.41 -0.010471 1 -0.0119014 0.00143042
600.86 -0.0102746 1 -0.0119176 0.00164294
601.31 -0.0110785 1 -0.0119332 0.000854728
601.76 -0.0108826 1 -0.0119483 0.00106579
602.21 -0.00968683 1 -0.011963 0.00227613
602.65 -0.00949565 1 -0.0119767 0.00248108
603.1 -0.0103003 1 -0.0119903 0.00168996
603.55 -0.0121053 1 -0.0120034 -0.000101897
604 -0.0119104 1 -0.0120159 0.000105509
604.45 -0.0117157 1 -0.0120279 0.000312173
604.9 -0.0105213 1 -0.0120394 0.00151809
605.35 -0.0123271 1 -0.0120503 -0.000276731
605.8 -0.0101331 1 -0.0120608 0.0019277
606.25 -0.00993928 1 -0.0120707 0.00213138
606.7 -0.00974573 1 -0.01208 0.0023343
607.15 -0.0125524 1 -0.0120889 -0.000463522
607.6 -0.0113593 1 -0.0120972 0.000737898
608.05 -0.0121664 1 -0.012105 -6.14387e-05
608.5 -0.0109737 1 -0.0121122 0.00113847
608.95 -0.0127813 1 -0.0121189 -0.000662387
609.39 -0.00959336 1 -0.012125 0.0025316
609.84 -0.00940138 1 -0.0121306 0.00272924
610.29 -0.0132096 1 -0.0121357 -0.00107389
610.74 -0.0130181 1 -0.0121403 -0.000877781
611.19 -0.0118268 1 -0.0121444 0.000317561
611.64 -0.0116357 1 -0.0121479 0.000512135
612.09 -0.0114449 1 -0.0121509 0.000705939
612.54 -0.0112543 1 -0.0121533 0.000898972
612.99 -0.00906397 1 -0.0121552 0.00309123
613.44 -0.0118739 1 -0.0121566 0.000282722
613.88 -0.00968819 1 -0.0121574 0.00246921
614.33 -0.0114985 1 -0.0121577 0.000659161
614.78 -0.0133091 1 -0.0121575 -0.00115166
615.23 -0.01312 1 -0.0121567 -0.000963257
615.68 -0.011931 1 -0.0121554 0.000224367
616.13 -0.00974234 1 -0.0121536 0.00241121
616.58 -0.0125539 1 -0.0121512 -0.000402723
617.03 -0.0113657 1 -0.0121483 0.000782561
617.47 -0.0121819 1 -0.0121449 -3.7027e-05
617.92 -0.0119942 1 -0.0121409 0.000146712
618.37 -0.0108067 1 -0.0121364 0.00132967
618.82 -0.0106195 1 -0.0121314 0.00151184
619.27 -0.0104326 1 -0.0121258 0.00169323
619.72 -0.0122458 1 -0.0121197 -0.000126164
620.17 -0.0130594 1 -0.012113 -0.000946343
620.61 -0.0128773 1 -0.012106 -0.000771277
621.06 -0.0106913 1 -0.0120983 0.00140699
621.51 -0.0095056 1 -0.0120901 0.00258447
621.96 -0.0113201 1 -0.0120813 0.000761171
622.41 -0.0121349 1 -0.012072 -6.29182e-05
622.86 -0.00994998 1 -0.0120622 0.00211221
623.3 -0.0137694 1 -0.0120521 -0.00171732
623.75 -0.00958495 1 -0.0120412 0.00245625
624.2 -0.0114008 1 -0.0120298 0.000629034
624.65 -0.0112169 1 -0.0120179 0.000801032
625.1 -0.0110332 1 -0.0120054 0.000972243
625.54 -0.0118539 1 -0.0119928 0.00013889
625.99 -0.0116707 1 -0.0119793 0.000308547
626.44 -0.0104879 1 -0.0119653 0.00147742
626.89 -0.0113053 1 -0.0119508 0.000645505
627.34 -0.00912292 1 -0.0119357 0.00281281
627.78 -0.0129449 1 -0.0119205 -0.00102437
628.23 -0.0117631 1 -0.0119045 0.000141382
628.68 -0.0125815 1 -0.0118879 -0.000693651
629.13 -0.0114003 1 -0.0118708 0.000470532
629.58 -0.0102193 1 -0.0118532 0.00163393
630.02 -0.0110426 1 -0.0118355 0.000792945
630.47 -0.0108621 1 -0.0118169 0.000954799
630.92 -0.0106819 1 -0.0117978 0.00111587
631.37 -0.011502 1 -0.0117782 0.000276166
631.81 -0.0113264 1 -0.0117585 0.000432143
632.26 -0.010147 1 -0.0117379 0.0015909
632.71 -0.0119679 1 -0.0117168 -0.00025113
633.16 -0.0107891 1 -0.0116952 0.000906068
633.61 -0.0106106 1 -0.0116731 0.00106249
634.05 -0.0114363 1 -0.011651 0.000214687
634.5 -0.0112583 1 -0.0116279 0.000369577
634.95 -0.0110806 1 -0.0116043 0.000523694
635.4 -0.00890321 1 -0.0115803 0.00267704
635.84 -0.00773003 1 -0.0115563 0.00382623
636.29 -0.0105532 1 -0.0115312 0.000978054
636.74 -0.0103766 1 -0.0115057 0.00112911
637.18 -0.00920428 1 -0.0114803 0.00227606
637.63 -0.0090283 1 -0.0114539 0.0024256
638.08 -0.0118526 1 -0.011427 -0.000425625
638.53 -0.0096772 1 -0.0113996 0.00172239
638.97 -0.00950597 1 -0.0113723 0.00186637
639.42 -0.00833115 1 -0.011344 0.00301287
639.87 -0.00915661 1 -0.0113152 0.00215862
640.32 -0.0109824 1 -0.011286 0.00030361
640.76 -0.00881229 1 -0.0112569 0.00244465
641.21 -0.00963864 1 -0.0112268 0.00158814
641.66 -0.00946529 1 -0.0111962 0.00173089
642.1 -0.00929607 1 -0.0111658 0.00186973
642.55 -0.0101233 1 -0.0111343 0.00101099
643 -0.0109508 1 -0.0111023 0.000151503
643.44 -0.0107825 1 -0.0110707 0.000288172
643.89 -0.00961063 1 -0.0110378 0.00142721
644.34 -0.00843906 1 -0.0110046 0.00256551
644.79 -0.0112678 1 -0.0109709 -0.000296935
645.23 -0.0111006 1 -0.0109375 -0.000163149
645.68 -0.00892999 1 -0.0109029 0.00197295
646.13 -0.00975964 1 -0.0108679 0.00110831
646.57 -0.00959337 1 -0.0108333 0.00123996
647.02 -0.0104236 1 -0.0107975 0.000373877
647.47 -0.0072542 1 -0.0107613 0.00350707
647.91 -0.00908883 1 -0.0107254 0.00163659
648.36 -0.00992002 1 -0.0106884 0.000768346
648.81 -0.00875152 1 -0.0106509 0.00189938
649.25 -0.0105871 1 -0.0106139 2.68023e-05
649.7 -0.0124192 1 -0.0105756 -0.00184359
650.15 -0.0112516 1 -0.0105369 -0.000714693
650.59 -0.00908808 1 -0.0104987 0.00141065
651.04 -0.00992114 1 -0.0104593 0.000538134
651.48 -0.00675822 1 -0.0104203 0.0036621
651.93 -0.00759192 1 -0.0103801 0.00278819
652.38 -0.0104259 1 -0.0103395 -8.64279e-05
652.82 -0.00926394 1 -0.0102994 0.00103549
653.27 -0.00909859 1 -0.0102581 0.00115949
653.72 -0.00893357 1 -0.0102164 0.00128279
654.16 -0.0107725 1 -0.0101752 -0.000597322
654.61 -0.00960814 1 -0.0101327 0.000524608
655.06 -0.00844408 1 -0.0100899 0.00164585
655.5 -0.011284 1 -0.0100477 -0.00123627
655.95 -0.0111206 1 -0.0100042 -0.00111638
656.39 -0.0139611 1 -0.00996129 -0.00399982
656.84 -0.0107984 1 -0.00991707 -0.000881284
657.29 -0.00663593 1 -0.00987251 0.00323658
657.73 -0.00947743 1 -0.0098286 0.000351171
658.18 -0.00831566 1 -0.00978337 0.0014677
658.62 -0.00715781 1 -0.00973881 0.002581
659.07 -0.0089967 1 -0.00969292 0.000696212
659.52 -0.00783593 1 -0.00964669 0.00181076
659.96 -0.00767906 1 -0.00960119 0.00192213
660.41 -0.00651895 1 -0.00955433 0.00303537
660.85 -0.00936273 1 -0.0095082 0.00014547
661.3 -0.0092033 1 -0.00946072 0.000257423
661.74 -0.00804774 1 -0.009414 0.00136626
662.19 -0.00788898 1 -0.00936591 0.00147693
662.64 -0.00873056 1 -0.00931752 0.000586961
663.08 -0.008576 1 -0.00926992 0.000693924
663.53 -0.00841826 1 -0.00922095 0.000802687
663.97 -0.00926437 1 -0.00917279 -9.15804e-05
664.42 -0.00910731 1 -0.00912324 1.59294e-05
664.86 -0.00595409 1 -0.00907453 0.00312044
665.31 -0.00779772 1 -0.00902443 0.00122671
665.75 -0.00864517 1 -0.00897519 0.000330012
666.2 -0.0064895 1 -0.00892455 0.00243505
666.65 -0.00733418 1 -0.00887365 0.00153947
667.09 -0.00718265 1 -0.00882362 0.00164097
667.54 -0.00702803 1 -0.00877221 0.00174418
667.98 -0.00687718 1 -0.00872169 0.0018445
668.43 -0.00672326 1 -0.00866977 0.00194651
668.87 -0.0085731 1 -0.00861877 4.56633e-05
669.32 -0.00941989 1 -0.00856637 -0.000853522
669.76 -0.00827042 1 -0.0085149 0.000244476
670.21 -0.00711791 1 -0.00846203 0.00134411
670.65 -0.0119691 1 -0.00841011 -0.00355904
671.1 -0.00881735 1 -0.00835679 -0.000460564
671.54 -0.00966928 1 -0.00830443 -0.00136485
671.99 -0.0085182 1 -0.00825067 -0.000267529
672.43 -0.00837083 1 -0.0081979 -0.000172934
672.88 -0.00622047 1 -0.00814371 0.00192324
673.32 -0.00807381 1 -0.00809053 1.67247e-05
673.77 -0.0119242 1 -0.00803594 -0.00388823
674.21 -0.00877822 1 -0.00798238 -0.000795845
674.66 -0.00862932 1 -0.0079274 -0.000701919
675.1 -0.00748408 1 -0.00787346 0.000389379
675.55 -0.0113359 1 -0.0078181 -0.0035178
675.99 -0.00719138 1 -0.0077638 0.000572421
676.44 -0.00704394 1 -0.00770809 0.000664148
676.88 -0.00690014 1 -0.00765345 0.000753305
677.33 -0.00675344 1 -0.00759739 0.00084395
677.77 -0.00861037 1 -0.00754242 -0.00106794
678.22 -0.00746441 1 -0.00748604 2.163e-05
678.66 -0.00932206 1 -0.00743076 -0.0018913
679.11 -0.00917685 1 -0.00737407 -0.00180279
679.55 -0.00603524 1 -0.00731849 0.00128325
679.99 -0.00789399 1 -0.00726277 -0.00063122
680.44 -0.0057499 1 -0.00720564 0.00145574
680.88 -0.00860939 1 -0.00714965 -0.00145974
681.33 -0.00746606 1 -0.00709225 -0.000373813
681.77 -0.00832629 1 -0.00703599 -0.00129029
682.22 -0.00818372 1 -0.00697834 -0.00120538
682.66 -0.00804469 1 -0.00692184 -0.00112285
683.11 -0.00790289 1 -0.00686395 -0.00103894
683.55 -0.00776461 1 -0.00680723 -0.000957381
683.99 -0.0086267 1 -0.0067504 -0.0018763
684.44 -0.00748604 1 -0.00669217 -0.000793875
684.88 -0.0103489 1 -0.00663514 -0.00371376
685.33 -0.00820901 1 -0.00657671 -0.0016323
685.77 -0.00707262 1 -0.00651948 -0.000553132
686.21 -0.0069366 1 -0.00646217 -0.000474426
686.66 -0.00779788 1 -0.00640347 -0.00139441
687.1 -0.00666262 1 -0.00634599 -0.000316634
687.55 -0.00852469 1 -0.00628713 -0.00223756
687.99 -0.0043902 1 -0.00622949 0.00183929
688.44 -0.00525305 1 -0.00617048 0.000917428
688.88 -0.00611934 1 -0.00611271 -6.62629e-06
689.32 -0.005986 1 -0.00605488 6.88746e-05
689.77 -0.00785004 1 -0.00599567 -0.00185437
690.21 -0.00971748 1 -0.00593772 -0.00377976
690.65 -0.00658531 1 -0.00587972 -0.000705586
691.1 -0.00745054 1 -0.00582036 -0.00163018
691.54 -0.0103191 1 -0.00576226 -0.00455688
691.99 -0.00818518 1 -0.00570281 -0.00248237
692.43 -0.00905457 1 -0.00564464 -0.00340994
692.87 -0.00792436 1 -0.00558643 -0.00233793
693.32 -0.00679159 1 -0.00552687 -0.00126473
693.76 -0.00566217 1 -0.0054686 -0.00019357
694.2 -0.00453314 1 -0.00541031 0.000877169
694.65 -0.00840159 1 -0.00535068 -0.00305091
695.09 -0.00727336 1 -0.00529235 -0.00198101
695.53 -0.00714552 1 -0.00523401 -0.00191151
695.98 -0.00601519 1 -0.00517434 -0.000840855
696.42 -0.00588816 1 -0.00511598 -0.000772178
696.86 -0.00576153 1 -0.00505762 -0.000703902
697.31 -0.00963243 1 -0.00499794 -0.00463449
697.75 -0.0085066 1 -0.00493959 -0.00356702
698.19 -0.00738118 1 -0.00488124 -0.00249994
698.64 -0.00725332 1 -0.00482157 -0.00243174
699.08 -0.0081287 1 -0.00476325 -0.00336545
699.52 -0.0070045 1 -0.00470494 -0.00229955
699.97 -0.00687788 1 -0.00464533 -0.00223255
700.41 -0.0037545 1 -0.00458707 0.000832573
700.85 -0.00563151 1 -0.00452883 -0.00110268
701.3 -0.00850616 1 -0.0044693 -0.00403686
701.74 -0.006384 1 -0.00441113 -0.00197287
702.18 -0.00826225 1 -0.00435299 -0.00390926
702.63 -0.00713816 1 -0.00429357 -0.00284459
703.07 -0.00601724 1 -0.00423552 -0.00178173
703.51 -0.00489674 1 -0.00417751 -0.000719233
703.96 -0.00677392 1 -0.00411823 -0.00265569
704.4 -0.00665425 1 -0.00406032 -0.00259393
704.84 -0.005535 1 -0.00400246 -0.00153254
705.28 -0.00441616 1 -0.00394466 -0.000471494
705.73 -0.00629505 1 -0.00388562 -0.00240943
706.17 -0.00617705 1 -0.00382794 -0.00234911
706.61 -0.00705948 1 -0.00377034 -0.00328914
707.06 -0.00493966 1 -0.00371149 -0.00122817
707.5 -0.00482293 1 -0.00365403 -0.00116891
707.94 -0.00770662 1 -0.00359664 -0.00410999
708.38 -0.00559074 1 -0.00353932 -0.00205141
708.83 -0.00547266 1 -0.00348079 -0.00199186
709.27 -0.00635763 1 -0.00342365 -0.00293398
709.71 -0.00524302 1 -0.00336659 -0.00187644
710.15 -0.00412884 1 -0.00330961 -0.000819232
710.6 -0.00701251 1 -0.00325144 -0.00376107
711.04 -0.0058992 1 -0.00319466 -0.00270454
711.48 -0.00278631 1 -0.00313797 0.000351657
711.92 -0.00367385 1 -0.00308138 -0.000592474
712.37 -0.00455929 1 -0.00302361 -0.00153568
712.81 -0.0044477 1 -0.00296723 -0.00148047
713.25 -0.00633655 1 -0.00291096 -0.00342559
713.69 -0.00422582 1 -0.00285479 -0.00137103
714.13 -0.00311554 1 -0.00279874 -0.000316795
714.58 -0.00400319 1 -0.00274154 -0.00126166
715.02 -0.00389379 1 -0.00268572 -0.00120807
715.46 -0.00478482 1 -0.00263002 -0.0021548
715.9 -0.00667628 1 -0.00257444 -0.00410184
716.35 -0.00456574 1 -0.00251773 -0.002048
716.79 -0.00345809 1 -0.00246241 -0.000995681
717.23 -0.00335089 1 -0.00240722 -0.00094367
717.67 -0.00524412 1 -0.00235216 -0.00289197
718.11 -0.0031378 1 -0.00229723 -0.000840576
718.56 -0.00302952 1 -0.00224119 -0.000788334
719 -0.0019241 1 -0.00218654 0.000262438
719.44 -0.00181912 1 -0.00213202 0.000312905
719.88 -0.00371458 1 -0.00207765 -0.00163693
720.32 -0.0056105 1 -0.00202343 -0.00358707
720.76 -0.00350686 1 -0.00196935 -0.00153751
721.21 -0.00440133 1 -0.00191419 -0.00248713
721.65 -0.00429859 1 -0.00186041 -0.00243818
722.09 -0.00319631 1 -0.00180679 -0.00138952
722.53 -0.00309448 1 -0.00175332 -0.00134116
722.97 -0.0019931 1 -0.0017 -0.0002931
723.41 -0.00489218 1 -0.00164685 -0.00324533
723.86 -0.00278943 1 -0.00159265 -0.00119678
724.3 -0.000689424 1 -0.00153982 0.000850398
724.74 -0.000589874 1 -0.00148716 0.000897283
725.18 -0.00449078 1 -0.00143466 -0.00305612
725.62 -0.00239214 1 -0.00138233 -0.00100982
726.06 0.000706033 1 -0.00133016 0.0020362
726.5 -0.00319625 1 -0.00127817 -0.00191808
726.95 -0.00409679 1 -0.00122518 -0.00287161
727.39 0 1 -0.00117354 0.00117354
727.83 -0.000903675 1 -0.00112208 0.000218402
728.27 -0.00180781 1 -0.00107079 -0.000737017
728.71 0.0002876 1 -0.00101969 0.00130729
729.15 0.000382556 1 -0.000968763 0.00135132
729.59 0.00147706 1 -0.000918021 0.00239508
730.03 -0.000428877 1 -0.000867463 0.000438587
730.48 -0.000333138 1 -0.000815949 0.000482811
730.92 -0.00223997 1 -0.000765769 -0.0014742
731.36 0.000852757 1 -0.000715777 0.00156853
731.8 -0.00105495 1 -0.000665975 -0.000388973
732.24 0.00103691 1 -0.000616365 0.00165328
732.68 0.00112835 1 -0.000566948 0.0016953
733.12 -0.00178064 1 -0.000517725 -0.00126292
733.56 -0.000690052 1 -0.000468697 -0.000221355
734 0.00140012 1 -0.000419866 0.00181998
734.44 0.00148987 1 -0.000371233 0.0018611
734.89 -0.00141876 1 -0.000321701 -0.00109706
735.33 0.00167016 1 -0.000273472 0.00194363
735.77 0.00375867 1 -0.000225445 0.00398412
736.21 0.00284679 1 -0.000177621 0.00302441
736.65 -6.55008e-05 1 -0.00013 6.44997e-05
737.09 0.00502181 1 -8.25851e-05 0.0051044
737.53 0.00610873 1 -3.53758e-05 0.00614411
737.97 0.00419526 1 1.16264e-05 0.00418364
738.41 0.00128141 1 5.84205e-05 0.00122299
738.85 0.00536716 1 0.000105005 0.00526216
739.29 0.00645254 1 0.00015138 0.00630116
739.73 0.000537536 1 0.000197544 0.000339992
740.17 0.00462216 1 0.000243496 0.00437866
740.61 0.00570641 1 0.000289235 0.00541717
741.05 0.00479029 1 0.00033476 0.00445553
741.49 0.0058738 1 0.000380071 0.00549373
741.93 0.00395695 1 0.000425166 0.00353178
742.37 0.00103974 1 0.000470045 0.000569693
742.81 0.00312217 1 0.000514707 0.00260746
743.26 0.00620611 1 0.00056016 0.00564595
743.7 0.00528783 1 0.000604381 0.00468345
744.14 0.0033692 1 0.000648383 0.00272082
744.58 0.00345023 1 0.000692165 0.00275807
745.02 0.00453092 1 0.000735727 0.00379519
745.46 0.00361127 1 0.000779068 0.0028322
745.9 0.00469128 1 0.000822188 0.00386909
746.34 0.00477096 1 0.000865085 0.00390587
746.78 0.00485031 1 0.000907759 0.00394255
747.22 0.00492934 1 0.000950211 0.00397912
747.66 0.00400804 1 0.000992438 0.0030156
748.1 0.00608642 1 0.00103444 0.00505198
748.54 0.00316449 1 0.00107622 0.00208827
748.98 0.00224224 1 0.00111777 0.00112446
749.42 0.00431968 1 0.0011591 0.00316058
749.86 0.00539681 1 0.0012002 0.00419661
750.29 0.0034719 1 0.00124015 0.00223175
750.73 0.00154843 1 0.00128081 0.000267626
751.17 0.00362467 1 0.00132123 0.00230343
751.61 0.00170061 1 0.00136143 0.000339176
752.05 0.00577626 1 0.00140141 0.00437485
752.49 0.00285162 1 0.00144115 0.00141047
752.93 0.00292669 1 0.00148067 0.00144602
753.37 0.00300148 1 0.00151996 0.00148153
753.81 0.00307599 1 0.00155902 0.00151698
754.25 0.00215023 1 0.00159785 0.000552379
754.69 0.00322419 1 0.00163645 0.00158774
755.13 0.00329788 1 0.00167483 0.00162305
755.57 0.0013713 1 0.00171297 -0.000341671
756.01 0.00444446 1 0.00175089 0.00269357
756.45 0.00551736 1 0.00178858 0.00372878
756.89 0.00359 1 0.00182604 0.00176396
757.33 0.00366238 1 0.00186327 0.00179912
757.77 0.00473451 1 0.00190027 0.00283425
758.21 0.00280639 1 0.00193704 0.000869359
758.64 0.00187641 1 0.00197275 -9.6344e-05
759.08 -5.21939e-05 1 0.00200907 -0.00206126
759.52 0.00501897 1 0.00204516 0.00297381
759.96 0.00508989 1 0.00208102 0.00300887
760.4 0.00416058 1 0.00211665 0.00204393
760.84 0.000231038 1 0.00215205 -0.00192101
761.28 0.00230127 1 0.00218723 0.000114043
761.72 0.00237128 1 0.00222217 0.000149104
762.16 0.00544106 1 0.00225689 0.00318417
762.6 0.00351063 1 0.00229138 0.00121925
763.03 0.00257841 1 0.00232487 0.000253544
763.47 0.00164756 1 0.00235891 -0.000711351
763.91 0.00471649 1 0.00239272 0.00232377
764.35 0.00278523 1 0.00242631 0.000358919
764.79 0.000853754 1 0.00245967 -0.00160591
765.23 0.000922083 1 0.0024928 -0.00157072
765.67 0.00199022 1 0.00252571 -0.00053549
766.11 -0.000941846 1 0.00255839 -0.00350023
766.54 0.000124365 1 0.00259011 -0.00246574
766.98 0.00319193 1 0.00262234 0.000569587
767.42 0.00525931 1 0.00265435 0.00260496
767.86 0.000326511 1 0.00268614 -0.00235963
768.3 0.00239353 1 0.0027177 -0.000324172
768.74 0.00246038 1 0.00274904 -0.000288665
769.17 0.00652554 1 0.00277946 0.00374608
769.61 0.00259205 1 0.00281036 -0.000218306
770.05 0.000658393 1 0.00284103 -0.00218264
770.49 0.00572457 1 0.00287149 0.00285309
770.93 0.0047906 1 0.00290172 0.00188887
771.37 -0.00114354 1 0.00293174 -0.00407528
771.8 0.00292068 1 0.00296086 -4.0176e-05
772.24 0.000986244 1 0.00299044 -0.00200419
772.68 0.00105166 1 0.0030198 -0.00196813
773.12 0.00311693 1 0.00304894 6.79957e-05
773.56 0.00118207 1 0.00307786 -0.0018958
774 0.00124706 1 0.00310657 -0.00185951
774.43 -0.00168956 1 0.00313441 -0.00482397
774.87 0.00337517 1 0.00316269 0.000212479
775.31 0.00443977 1 0.00319076 0.00124902
775.75 0.000504248 1 0.00321861 -0.00271436
776.19 0.0015686 1 0.00324624 -0.00167764
776.62 0.000631374 1 0.00327304 -0.00264167
777.06 0.00469549 1 0.00330026 0.00139523
777.5 0.0027595 1 0.00332726 -0.000567762
777.94 0.00182339 1 0.00335405 -0.00153066
778.37 0.00188573 1 0.00338003 -0.0014943
778.81 0.00394941 1 0.0034064 0.000543013
779.25 0.003013 1 0.00343257 -0.000419569
779.69 0.00207648 1 0.00345852 -0.00138204
780.13 0.00313987 1 0.00348427 -0.000344398
780.56 0.00120173 1 0.00350923 -0.0023075
781 0.00226494 1 0.00353457 -0.00126963
781.44 0.00332807 1 0.00355971 -0.000231638
781.88 0.00339111 1 0.00358464 -0.000193525
782.31 0.00145265 1 0.0036088 -0.00215616
782.75 0.00151553 1 0.00363333 -0.0021178
783.19 0.00157835 1 0.00365766 -0.00207931
783.63 0.000641091 1 0.00368178 -0.00304069
784.06 0.00170234 1 0.00370516 -0.00200282
784.5 0.00276496 1 0.00372889 -0.00096393
784.94 -0.000172491 1 0.00375241 -0.00392491
785.37 0.00288858 1 0.00377522 -0.000886634
785.81 0.00295102 1 0.00379835 -0.000847331
786.25 0.00501341 1 0.00382129 0.00119212
786.69 0.00507575 1 0.00384404 0.00123171
787.12 0.00213663 1 0.00386608 -0.00172945
787.56 -0.00180112 1 0.00388844 -0.00568956
788 0.00526109 1 0.00391061 0.00135048
788.43 0.00532185 1 0.00393208 0.00138977
788.87 0.00338399 1 0.00395387 -0.000569882
789.31 0.0014461 1 0.00397547 -0.00252937
789.75 0.00450818 1 0.00399688 0.000511304
790.18 0.00256883 1 0.00401762 -0.00144879
790.62 0.00263087 1 0.00403866 -0.00140779
791.06 0.00269289 1 0.00405951 -0.00136662
791.49 0.00175348 1 0.0040797 -0.00232622
791.93 -0.00118452 1 0.00410019 -0.00528471
792.37 0.00287746 1 0.00412049 -0.00124303
792.8 0.000938026 1 0.00414015 -0.00320212
793.24 0 1 0.00416009 -0.00416009
793.68 0.00106197 1 0.00417985 -0.00311788
794.11 0.00312254 1 0.00419898 -0.00107644
794.55 0.00718452 1 0.00421839 0.00296614
794.99 0.00524652 1 0.00423761 0.0010089
795.42 0.000307111 1 0.00425623 -0.00394912
795.86 0.00536913 1 0.00427511 0.00109402
796.3 0.00543117 1 0.00429381 0.00113736
796.73 0.00649182 1 0.00431191 0.0021799
797.17 0.0035539 1 0.00433027 -0.000776374
797.61 0.000616009 1 0.00434846 -0.00373245
798.04 0.000676737 1 0.00436606 -0.00368933
798.48 0.00373891 1 0.00438391 -0.000645
798.91 0.00379971 1 0.00440119 -0.000601481
799.35 0.00286196 1 0.0044187 -0.00155675
799.79 0.0109243 1 0.00443605 0.0064882
800.22 0.00198517 1 0.00445284 -0.00246767
800.66 0.00104756 1 0.00446986 -0.0034223
801.1 0.00511 1 0.00448671 0.000623282
