500.34 0.00531441 1 3.16435e-07 0.00531409
500.8 0.00270165 1 3.4513e-07 0.0027013
501.25 0.00308048 1 3.75602e-07 0.0030801
501.71 0.00146774 1 4.09404e-07 0.00146733
502.17 0.00385501 1 4.46105e-07 0.00385456
502.62 0.00323386 1 4.8504e-07 0.00323338
503.08 0.00462114 1 5.28187e-07 0.00462061
503.53 0 1 5.73931e-07 -5.73931e-07
503.99 0.000387279 1 6.2459e-07 0.000386654
504.44 0.00276614 1 6.78262e-07 0.00276546
504.9 0.00215341 1 7.37664e-07 0.00215267
505.36 0.000540678 1 8.02012e-07 0.000539876
505.81 0.00191952 1 8.70119e-07 0.00191865
506.27 0.00230677 1 9.45422e-07 0.00230583
506.72 0.00368559 1 1.02507e-06 0.00368457
507.18 0.00407282 1 1.11308e-06 0.00407171
507.63 0.00345162 1 1.20611e-06 0.00345041
508.09 0.00183882 1 1.30884e-06 0.00183751
508.54 0.000217578 1 1.41735e-06 0.000216161
509 0.000604737 1 1.53709e-06 0.0006032
509.45 0.00198346 1 1.6635e-06 0.0019818
509.91 0.00237057 1 1.8029e-06 0.00236877
510.36 0.00174925 1 1.94996e-06 0.0017473
510.82 0.00313631 1 2.11203e-06 0.0031342
511.27 -0.000485072 1 2.28289e-06 -0.000487355
511.73 -9.80704e-05 1 2.47106e-06 -0.000100541
512.19 0.000288899 1 2.67389e-06 0.000286225
512.64 -0.000332578 1 2.88751e-06 -0.000335466
513.1 0.00205432 1 3.12255e-06 0.0020512
513.55 0.00143277 1 3.36993e-06 0.0014294
514.01 -0.00118041 1 3.64193e-06 -0.00118405
514.46 -0.000802038 1 3.92803e-06 -0.000805966
514.92 -0.0014153 1 4.24239e-06 -0.00141954
515.37 -3.70178e-05 1 4.57282e-06 -4.15907e-05
515.83 -0.00165037 1 4.93566e-06 -0.00165531
516.28 -0.00127218 1 5.31681e-06 -0.0012775
516.73 -0.00289404 1 5.72563e-06 -0.00289977
517.19 -0.00250755 1 6.1741e-06 -0.00251372
517.64 -0.00312951 1 6.64474e-06 -0.00313616
518.1 -0.00174313 1 7.16066e-06 -0.00175029
518.55 -0.00136521 1 7.70173e-06 -0.00137291
519.01 -0.00197894 1 8.29448e-06 -0.00198724
519.46 -0.00360113 1 8.9157e-06 -0.00361005
519.92 -0.000214994 1 9.5958e-06 -0.00022459
520.37 -0.00583731 1 1.03081e-05 -0.00584762
520.83 -0.0044513 1 1.10874e-05 -0.00446239
521.28 -0.00407376 1 1.19031e-05 -0.00408566
521.74 -0.00168789 1 1.27949e-05 -0.00170068
522.19 -0.000310478 1 1.37276e-05 -0.000324206
522.65 -0.00192476 1 1.47468e-05 -0.0019395
523.1 -0.00154749 1 1.58121e-05 -0.00156331
523.55 -0.00417031 1 1.69491e-05 -0.00418725
524.01 -0.00278482 1 1.81902e-05 -0.00280301
524.46 -0.00240779 1 1.94862e-05 -0.00242727
524.92 -0.00302246 1 2.08999e-05 -0.00304336
525.37 -0.00464559 1 2.23751e-05 -0.00466797
525.83 -0.00226044 1 2.39831e-05 -0.00228442
526.28 -0.00288375 1 2.56601e-05 -0.00290941
526.73 -0.00350714 1 2.74459e-05 -0.00353459
527.19 -0.00212226 1 2.93905e-05 -0.00215165
527.64 -0.00074583 1 3.14165e-05 -0.000777247
528.1 -0.00236114 1 3.36213e-05 -0.00239476
528.55 -0.0049849 1 3.59166e-05 -0.00502082
529.01 -0.0016004 1 3.84129e-05 -0.00163882
529.46 -0.00422436 1 4.101e-05 -0.00426537
529.91 -0.00384842 1 4.37693e-05 -0.00389219
530.37 -0.00446423 1 4.67671e-05 -0.004511
530.82 -0.0050885 1 4.98829e-05 -0.00513838
531.28 -0.00370453 1 5.32657e-05 -0.00375779
531.73 -0.00532901 1 5.67793e-05 -0.00538579
532.18 -0.0019536 1 6.05061e-05 -0.0020141
532.64 -0.00456996 1 6.45482e-05 -0.0046345
533.09 -0.00619477 1 6.87424e-05 -0.00626351
533.54 -0.0028197 1 7.31868e-05 -0.00289288
534 -0.00643641 1 7.80023e-05 -0.00651441
534.45 -6.15677e-05 1 8.29939e-05 -0.000144562
534.91 -0.00367852 1 8.83988e-05 -0.00376692
535.36 -0.00130393 1 9.39975e-05 -0.00139792
535.81 -0.00192945 1 9.99202e-05 -0.00202937
536.27 -0.00554678 1 0.000106327 -0.00565311
536.72 -0.00317256 1 0.000112957 -0.00328552
537.17 -0.000798469 1 0.000119963 -0.000918432
537.63 -0.0024162 1 0.000127534 -0.00254373
538.08 -0.00604236 1 0.000135361 -0.00617772
538.54 -0.00366036 1 0.000143812 -0.00380418
538.99 -0.0032868 1 0.000152544 -0.00343935
539.44 -0.00191338 1 0.000161756 -0.00207513
539.9 -0.0045318 1 0.000171693 -0.00470349
540.35 -0.00415865 1 0.000181949 -0.0043406
540.8 -0.00478565 1 0.000192758 -0.00497841
541.26 -0.00340451 1 0.000204407 -0.00360891
541.71 -0.0040318 1 0.000216416 -0.00424821
542.16 -0.00365923 1 0.000229061 -0.00388829
542.62 -0.00327854 1 0.000242674 -0.00352122
543.07 -0.00190628 1 0.000256694 -0.00216297
543.52 -0.00253417 1 0.000271441 -0.00280561
543.98 -0.000153949 1 0.000287301 -0.00044125
544.43 -0.00478215 1 0.000303619 -0.00508577
544.88 -0.00341051 1 0.000320765 -0.00373127
545.34 -0.00303077 1 0.000339186 -0.00336996
545.79 0.000340544 1 0.000358119 -1.75754e-05
546.24 -0.0052883 1 0.000377993 -0.00566629
546.69 -0.00191731 1 0.000398848 -0.00231616
547.15 -0.00353824 1 0.000421223 -0.00395947
547.6 -0.00116759 1 0.000444188 -0.00161178
548.05 -0.00179711 1 0.000468262 -0.00226537
548.51 -0.00341856 1 0.000494063 -0.00391263
548.96 -0.00204843 1 0.000520518 -0.00256894
549.41 -0.000678463 1 0.000548221 -0.00122668
549.86 -0.00130868 1 0.000577222 -0.0018859
550.32 6.91436e-05 1 0.000608262 -0.000539118
550.77 -0.000561431 1 0.000640043 -0.00120147
551.22 -0.00119219 1 0.000673278 -0.00186547
551.68 -0.000814928 1 0.000708812 -0.00152374
552.13 -0.000446057 1 0.000745158 -0.00119121
552.58 -0.00307737 1 0.000783127 -0.0038605
553.03 0.000291124 1 0.000822779 -0.000531655
553.49 0.00266761 1 0.000865114 0.0018025
553.94 -0.00196428 1 0.000908355 -0.00287263
554.39 -0.000596362 1 0.000953465 -0.00154983
554.84 0.000771359 1 0.00100051 -0.00022915
555.3 -0.000852952 1 0.00105067 -0.00190362
555.75 0.000514368 1 0.00110182 -0.000587457
556.2 0.000881488 1 0.00115512 -0.000273633
556.65 0.00124841 1 0.00121062 3.7782e-05
557.11 0.00162327 1 0.00126972 0.00035355
557.56 -0.00101023 1 0.0013299 -0.00234013
558.01 0.00135606 1 0.00139251 -3.64495e-05
558.46 0.00072215 1 0.00145763 -0.000735477
558.92 -0.000903847 1 0.00152685 -0.0024307
559.37 0.00246181 1 0.00159726 0.00086455
559.82 0.00382725 1 0.0016704 0.00215685
560.27 0.000192481 1 0.00174636 -0.00155388
560.72 0.00155749 1 0.00182521 -0.000267722
561.18 0.00193038 1 0.00190889 2.14887e-05
561.63 0.00129495 1 0.00199385 -0.000698905
562.08 0.00165929 1 0.00208195 -0.000422666
562.53 0.0020234 1 0.00217328 -0.00014988
562.99 0.00239537 1 0.00227006 0.00012531
563.44 0.00275903 1 0.00236818 0.000390851
563.89 0.00112245 1 0.00246977 -0.00134732
564.34 0.00248564 1 0.00257494 -8.93e-05
564.79 0.0038486 1 0.00268377 0.00116483
565.25 0.00221938 1 0.00279888 -0.0005795
565.7 0.00158187 1 0.00291537 -0.0013335
566.15 0.00394411 1 0.00303577 0.000908334
566.6 0.00230611 1 0.00316018 -0.000854074
567.05 0.00466787 1 0.00328869 0.00137918
567.5 0.00302938 1 0.00342136 -0.00039198
567.96 0.00339868 1 0.0035614 -0.000162721
568.41 0.0047597 1 0.00370279 0.00105691
568.86 0.00412046 1 0.00384862 0.000271849
569.31 0.00548098 1 0.00399896 0.00148202
569.76 0.00384124 1 0.0041539 -0.00031266
570.21 0.00520125 1 0.00431353 0.000887721
570.67 0.006569 1 0.00448163 0.00208737
571.12 0.00692849 1 0.00465098 0.00227751
571.57 0.00628772 1 0.00482524 0.00146248
572.02 0.00564669 1 0.00500451 0.000642181
572.47 0.00600539 1 0.00518884 0.000816552
572.92 0.00636383 1 0.00537832 0.000985514
573.37 0.00472201 1 0.00557301 -0.000851004
573.83 0.00708786 1 0.00577749 0.00131038
574.28 0.00644549 1 0.00598293 0.000462568
574.73 0.00480285 1 0.00619377 -0.00139092
575.18 0.00615994 1 0.00641009 -0.000250152
575.63 0.00951675 1 0.00663193 0.00288482
576.08 0.00487328 1 0.00685935 -0.00198607
576.53 0.00722953 1 0.00709239 0.00013714
576.98 0.0075855 1 0.00733111 0.000254393
577.44 0.0059491 1 0.00758104 -0.00163195
577.89 0.0093045 1 0.00783136 0.00147313
578.34 0.00665961 1 0.00808747 -0.00142786
578.79 0.00901444 1 0.0083494 0.000665039
579.24 0.00836898 1 0.00861718 -0.000248198
579.69 0.00972323 1 0.00889082 0.000832408
580.14 0.00907718 1 0.00917034 -9.3161e-05
580.59 0.00743084 1 0.00945576 -0.00202492
581.04 0.00878421 1 0.00974708 -0.000962874
581.49 0.00813727 1 0.0100443 -0.00190703
581.95 0.0114979 1 0.0103542 0.00114366
582.4 0.0118503 1 0.0106634 0.00118698
582.85 0.0102025 1 0.0109784 -0.000775866
583.3 0.0115543 1 0.0112992 0.000255133
583.75 0.0119059 1 0.0116259 0.000280007
584.2 0.0122571 1 0.0119583 0.000298786
584.65 0.0106081 1 0.0122965 -0.00168849
585.1 0.0129587 1 0.0126404 0.000318226
585.55 0.012309 1 0.01299 -0.000681016
586 0.014659 1 0.0133451 0.00131384
586.45 0.0140086 1 0.0137058 0.000302869
586.9 0.015358 1 0.0140718 0.00128613
587.35 0.013707 1 0.0144433 -0.000736282
587.8 0.0140557 1 0.01482 -0.000764293
588.25 0.0164041 1 0.0152019 0.00120219
588.71 0.0167599 1 0.0155975 0.00116236
589.16 0.0171076 1 0.0159896 0.00111803
589.61 0.016455 1 0.0163865 6.85348e-05
590.06 0.0178021 1 0.0167881 0.00101398
590.51 0.0181488 1 0.0171943 0.000954512
590.96 0.0174952 1 0.017605 -0.000109746
591.41 0.0178413 1 0.0180199 -0.000178644
591.86 0.020187 1 0.018439 0.00174797
592.31 0.0175324 1 0.0188622 -0.00132975
592.76 0.0198774 1 0.0192891 0.000588369
593.21 0.0182222 1 0.0197197 -0.0014975
593.66 0.0245665 1 0.0201537 0.00441281
594.11 0.0219105 1 0.020591 0.00131951
594.56 0.0202542 1 0.0210314 -0.000777232
595.01 0.0205975 1 0.0214747 -0.0008772
595.46 0.0229405 1 0.0219207 0.00101981
595.91 0.0232831 1 0.0223691 0.000914005
596.36 0.0226253 1 0.0228197 -0.00019439
596.81 0.0239672 1 0.0232724 0.000694848
597.26 0.0253088 1 0.0237268 0.00158195
597.71 0.0256499 1 0.0241828 0.00146715
598.16 0.0249908 1 0.0246401 0.000350683
598.61 0.0253312 1 0.0250984 0.000232804
599.06 0.0276713 1 0.0255576 0.00211376
599.51 0.028011 1 0.0260172 0.0019938
599.96 0.0303504 1 0.0264772 0.00387319
600.41 0.0276894 1 0.0269372 0.00075218
600.86 0.029028 1 0.0273969 0.00163104
601.31 0.0293662 1 0.0278562 0.00151004
601.76 0.0287041 1 0.0283146 0.000389435
602.21 0.0300416 1 0.0287721 0.00126951
602.65 0.0303712 1 0.029218 0.00115315
603.1 0.0337079 1 0.0296726 0.00403535
603.55 0.0320443 1 0.0301252 0.00191902
604 0.0303802 1 0.0305758 -0.000195553
604.45 0.0317158 1 0.0310239 0.000691888
604.9 0.031051 1 0.0314694 -0.000418386
605.35 0.0293858 1 0.0319119 -0.00252611
605.8 0.0337202 1 0.0323513 0.00136897
606.25 0.0350542 1 0.0327871 0.00226712
606.7 0.0343879 1 0.0332193 0.0011686
607.15 0.0347211 1 0.0336475 0.00107363
607.6 0.0330539 1 0.0340714 -0.00101752
608.05 0.0333864 1 0.034491 -0.00110463
608.5 0.0357184 1 0.0349059 0.000812528
608.95 0.03305 1 0.0353158 -0.00226583
609.39 0.0373739 1 0.0357118 0.0016621
609.84 0.0367047 1 0.0361115 0.00059322
610.29 0.0370351 1 0.0365057 0.000529419
610.74 0.0363651 1 0.0368942 -0.00052913
611.19 0.0356947 1 0.037277 -0.00158226
611.64 0.0380239 1 0.0376537 0.000370165
612.09 0.0373527 1 0.0380244 -0.000671708
612.54 0.036681 1 0.0383888 -0.00170777
612.99 0.0390089 1 0.0387468 0.000262097
613.44 0.0383364 1 0.0390985 -0.000762038
613.88 0.0396563 1 0.039436 0.000220233
614.33 0.0389829 1 0.0397748 -0.00079185
614.78 0.0383092 1 0.040107 -0.00179779
615.23 0.040635 1 0.0404326 0.000202427
615.68 0.0379604 1 0.0407516 -0.00279122
616.13 0.0402853 1 0.0410641 -0.000778766
616.58 0.0386099 1 0.0413701 -0.00276027
617.03 0.0399339 1 0.0416698 -0.00173582
617.47 0.0402504 1 0.0419567 -0.00170625
617.92 0.0385736 1 0.042244 -0.00367035
618.37 0.0398964 1 0.0425253 -0.00262889
618.82 0.0402188 1 0.0428008 -0.00258206
619.27 0.0405407 1 0.0430707 -0.00253005
619.72 0.0408621 1 0.0433353 -0.00247312
620.17 0.0391832 1 0.0435947 -0.00441153
620.61 0.0404966 1 0.0438437 -0.00334708
621.06 0.0428167 1 0.0440939 -0.00127715
621.51 0.0421364 1 0.0443399 -0.00220351
621.96 0.0414556 1 0.0445821 -0.00312653
622.41 0.0437744 1 0.044821 -0.00104662
622.86 0.0430927 1 0.0450569 -0.0019642
623.3 0.0444035 1 0.0452851 -0.000881618
623.75 0.0467209 1 0.0455165 0.0012044
624.2 0.0440378 1 0.0457463 -0.0017085
624.65 0.0443543 1 0.0459751 -0.00162085
625.1 0.0446703 1 0.0462035 -0.0015332
625.54 0.0459788 1 0.0464269 -0.00044804
625.99 0.0452939 1 0.046656 -0.00136209
626.44 0.0456085 1 0.0468864 -0.0012779
626.89 0.0459227 1 0.0471188 -0.00119611
627.34 0.0492363 1 0.0473537 0.00188265
627.78 0.0465426 1 0.0475865 -0.00104391
628.23 0.0458553 1 0.0478284 -0.0019731
628.68 0.0471675 1 0.0480749 -0.000907314
629.13 0.0474793 1 0.0483265 -0.000847236
629.58 0.0497906 1 0.0485841 0.00120645
630.02 0.0470945 1 0.0488424 -0.00174791
630.47 0.0484048 1 0.0491137 -0.000708893
630.92 0.0507146 1 0.049393 0.00132169
631.37 0.050024 1 0.0496808 0.000343157
631.81 0.050326 1 0.0499713 0.000354711
632.26 0.0526344 1 0.0502781 0.00235624
632.71 0.0529422 1 0.0505955 0.00234674
633.16 0.0522496 1 0.050924 0.00132561
633.61 0.0505565 1 0.0512642 -0.000707731
634.05 0.0508561 1 0.0516088 -0.000752665
634.5 0.054162 1 0.0519737 0.00218826
634.95 0.0534674 1 0.0523519 0.00111544
635.4 0.0547723 1 0.0527438 0.00202844
635.84 0.0550699 1 0.0531406 0.00192929
636.29 0.0563738 1 0.0535606 0.00281315
636.74 0.0556771 1 0.0539953 0.0016818
637.18 0.0569733 1 0.0544348 0.00253846
637.63 0.0582756 1 0.0548992 0.00337642
638.08 0.0575775 1 0.0553788 0.00219868
638.53 0.0578788 1 0.0558736 0.00200517
638.97 0.0581729 1 0.0563722 0.00180075
639.42 0.0594732 1 0.056897 0.00257622
639.87 0.058773 1 0.0574368 0.00133622
640.32 0.0590723 1 0.0579913 0.00108101
640.76 0.0623644 1 0.0585473 0.00381708
641.21 0.0626626 1 0.0591297 0.00353283
641.66 0.0619603 1 0.0597257 0.00223459
642.1 0.0622508 1 0.0603208 0.00193002
642.55 0.0625474 1 0.0609415 0.00160592
643 0.0618435 1 0.0615737 0.000269825
643.44 0.0651325 1 0.0622021 0.0029304
643.89 0.0644276 1 0.0628545 0.00157313
644.34 0.0647221 1 0.0635155 0.00120662
644.79 0.066016 1 0.0641841 0.00183196
645.23 0.0673029 1 0.0648441 0.00245888
645.68 0.0675958 1 0.0655242 0.00207166
646.13 0.0678882 1 0.0662081 0.00168006
646.57 0.0691735 1 0.0668792 0.00229427
647.02 0.0684647 1 0.0675665 0.000898217
647.47 0.0707554 1 0.0682532 0.00250221
647.91 0.0690391 1 0.0689225 0.000116597
648.36 0.0683287 1 0.0696032 -0.00127449
648.81 0.0716178 1 0.0702783 0.00133948
649.25 0.0708999 1 0.0709312 -3.13675e-05
649.7 0.0711878 1 0.0715899 -0.000402083
650.15 0.0724752 1 0.0722375 0.000237719
650.59 0.0717556 1 0.0728581 -0.00110247
651.04 0.0720419 1 0.0734781 -0.00143623
651.48 0.0753213 1 0.0740681 0.00125316
651.93 0.0756064 1 0.0746529 0.000953486
652.38 0.074891 1 0.075217 -0.000326023
652.82 0.0761687 1 0.0757466 0.000422061
653.27 0.0734521 1 0.0762639 -0.00281179
653.72 0.075735 1 0.0767546 -0.00101966
654.16 0.077011 1 0.077207 -0.000195965
654.61 0.0762927 1 0.0776396 -0.00134686
655.06 0.0755739 1 0.0780401 -0.0024662
655.5 0.0738482 1 0.0783988 -0.00455066
655.95 0.0741282 1 0.0787306 -0.00460238
656.39 0.0704014 1 0.0790189 -0.00861748
656.84 0.0726802 1 0.0792753 -0.00659508
657.29 0.0789584 1 0.0794914 -0.000532921
657.73 0.0782299 1 0.0796623 -0.00143233
658.18 0.079507 1 0.0797944 -0.000287427
658.62 0.0767773 1 0.0798808 -0.00310348
659.07 0.0780532 1 0.0799243 -0.00187102
659.52 0.0773285 1 0.0799212 -0.00259271
659.96 0.0785971 1 0.0798725 -0.0012754
660.41 0.0788712 1 0.0797751 -0.000903897
660.85 0.0761387 1 0.0796328 -0.00349408
661.3 0.0764116 1 0.0794384 -0.00302679
661.74 0.0776779 1 0.0792003 -0.00152242
662.19 0.0759496 1 0.0789074 -0.00295778
662.64 0.0762207 1 0.0785643 -0.00234365
663.08 0.0764852 1 0.0781805 -0.0016953
663.53 0.0757551 1 0.0777385 -0.00198341
663.97 0.0760184 1 0.0772582 -0.00123985
664.42 0.075287 1 0.0767183 -0.00143124
664.86 0.0745492 1 0.0761432 -0.00159402
665.31 0.0748166 1 0.0755074 -0.000690799
665.75 0.0720775 1 0.07484 -0.00276247
666.2 0.0753437 1 0.0741115 0.00123226
666.65 0.0746093 1 0.0733376 0.00127176
667.09 0.0728684 1 0.0725381 0.000330328
667.54 0.0731328 1 0.071678 0.00145483
667.98 0.0723907 1 0.0707967 0.00159396
668.43 0.0726538 1 0.0698557 0.00279804
668.87 0.0709104 1 0.0688984 0.00201204
669.32 0.0681723 1 0.0678828 0.00028949
669.76 0.0674277 1 0.0668558 0.000571935
670.21 0.0676883 1 0.0657724 0.00191586
670.65 0.0659425 1 0.0646828 0.00125971
671.1 0.0662018 1 0.0635392 0.00266263
671.54 0.0654547 1 0.0623944 0.00306033
671.99 0.0637128 1 0.0611985 0.0025143
672.43 0.0619645 1 0.0600066 0.00195789
672.88 0.0632212 1 0.0587666 0.00445462
673.32 0.0604717 1 0.0575358 0.00293588
673.77 0.0597272 1 0.0562603 0.00346684
674.21 0.0569763 1 0.054999 0.00197737
674.66 0.0582305 1 0.0536966 0.00453396
675.1 0.0574784 1 0.0524131 0.00506533
675.55 0.0527313 1 0.0510924 0.00163893
675.99 0.0539779 1 0.0497952 0.00418277
676.44 0.0502295 1 0.0484646 0.00176492
676.88 0.0494748 1 0.0471618 0.00231305
677.33 0.0497251 1 0.0458296 0.00389551
677.77 0.0489692 1 0.0445291 0.00444003
678.22 0.0462181 1 0.0432032 0.00301491
678.66 0.0404608 1 0.0419125 -0.0014517
679.11 0.0417085 1 0.0406003 0.00110812
679.55 0.0409499 1 0.0393266 0.00162332
679.99 0.0391907 1 0.0380636 0.00112707
680.44 0.0394363 1 0.0367848 0.00265156
680.88 0.0376758 1 0.0355483 0.00212755
681.33 0.0349201 1 0.0342994 0.000620666
681.77 0.0321583 1 0.033095 -0.000936777
682.22 0.0334012 1 0.0318817 0.0015195
682.66 0.033638 1 0.0307144 0.00292361
683.11 0.0298796 1 0.0295413 0.000338249
683.55 0.0301151 1 0.0284155 0.00169955
683.99 0.0273499 1 0.0273117 3.8282e-05
684.44 0.0255895 1 0.0262062 -0.000616751
684.88 0.024823 1 0.025149 -0.000326076
685.33 0.0220611 1 0.0240928 -0.00203171
685.77 0.0222933 1 0.023085 -0.000791775
686.21 0.0195248 1 0.0221025 -0.00257771
686.66 0.0207608 1 0.0211241 -0.000363234
687.1 0.016991 1 0.0201936 -0.00320269
687.55 0.0152256 1 0.0192692 -0.00404359
687.99 0.0164544 1 0.018392 -0.00193765
688.44 0.0176877 1 0.0175224 0.000165258
688.88 0.0149151 1 0.016699 -0.00178394
689.32 0.0141418 1 0.0159022 -0.00176041
689.77 0.011373 1 0.0151147 -0.00374178
690.21 0.0125983 1 0.0143715 -0.00177317
690.65 0.0108229 1 0.0136544 -0.00283148
691.1 0.011052 1 0.012948 -0.00189599
691.54 0.00827524 1 0.0122832 -0.00400798
691.99 0.00850286 1 0.0116296 -0.00312677
692.43 0.00672472 1 0.0110159 -0.00429114
692.87 0.00694589 1 0.0104267 -0.00348082
693.32 0.00817136 1 0.00984916 -0.0016778
693.76 0.00839112 1 0.00930842 -0.000917294
694.2 0.00761018 1 0.00879087 -0.00118068
694.65 0.0048335 1 0.008285 -0.0034515
695.09 0.00305114 1 0.00781274 -0.0047616
695.53 0.00326808 1 0.00736203 -0.00409395
695.98 0.00348922 1 0.00692275 -0.00343354
696.42 0.00470473 1 0.00651383 -0.00180911
696.86 0.00291953 1 0.00612466 -0.00320513
697.31 0.000138479 1 0.00574643 -0.00560795
697.75 0.00235184 1 0.00539532 -0.00304348
698.19 0.000564493 1 0.00506208 -0.00449759
698.64 0.00178124 1 0.00473911 -0.00295787
699.08 0.00199244 1 0.00444011 -0.00244767
699.52 0.000202925 1 0.0041571 -0.00395417
699.97 0.000417449 1 0.00388354 -0.00346609
700.41 0.000626476 1 0.00363097 -0.00300449
700.85 0.00083478 1 0.00339253 -0.00255775
701.3 -0.00295293 1 0.00316266 -0.0061156
701.74 -0.000746095 1 0.00295099 -0.00369709
702.18 -0.00153999 1 0.00275168 -0.00429166
702.63 -0.00232995 1 0.00256003 -0.00488997
703.07 -0.00112532 1 0.00238399 -0.00350931
703.51 0.00107858 1 0.00221866 -0.00114008
703.96 -0.00171365 1 0.00206007 -0.00377372
704.4 0.000488763 1 0.00191478 -0.00142602
704.84 0.000690436 1 0.00177865 -0.00108821
705.28 0.00189137 1 0.0016512 0.000240173
705.73 9.61037e-05 1 0.00152935 -0.00143325
706.17 0.00129554 1 0.00141807 -0.000122537
706.61 -0.00250577 1 0.00131414 -0.00381991
707.06 -0.00330334 1 0.00121501 -0.00451835
707.5 -0.00510616 1 0.00112469 -0.00623085
707.94 -0.00290973 1 0.00104051 -0.00395025
708.38 -0.00371405 1 0.000962132 -0.00467619
708.83 -0.00151471 1 0.000887597 -0.0024023
709.27 -0.00232055 1 0.000819885 -0.00314044
709.71 -0.00112715 1 0.000756967 -0.00188412
710.15 -0.00093451 1 0.000698542 -0.00163305
710.6 -0.00373827 1 0.000643141 -0.00438142
711.04 -0.00254717 1 0.000592953 -0.00314012
711.48 -0.00135682 1 0.000546442 -0.00190327
711.92 -0.00316724 1 0.000503369 -0.00367061
712.37 -0.00497415 1 0.000462632 -0.00543678
712.81 -0.000786118 1 0.000425823 -0.00121194
713.25 -0.00259886 1 0.000391796 -0.00299065
713.69 -0.00341237 1 0.000360361 -0.00377273
714.13 -0.00122665 1 0.000331336 -0.00155798
714.58 -3.75063e-05 1 0.000303967 -0.000341473
715.02 -0.00285335 1 0.000279308 -0.00313266
715.46 -0.00366998 1 0.000256578 -0.00392655
715.9 -0.00448738 1 0.000235634 -0.00472301
716.35 -0.00330144 1 0.000215927 -0.00351737
716.79 -0.00112042 1 0.000198208 -0.00131863
717.23 -0.000940184 1 0.000181904 -0.00112209
717.67 -0.000760734 1 0.000166911 -0.000927645
718.11 -0.00058207 1 0.000153128 -0.000735198
718.56 -0.00040016 1 0.000140187 -0.000540347
719 -0.000223092 1 0.000128575 -0.000351667
719.44 -0.00204682 1 0.000117913 -0.00216473
719.88 -0.00287133 1 0.000108125 -0.00297946
720.32 -0.00169664 1 9.9143e-05 -0.00179579
720.76 -0.000522749 1 9.09028e-05 -0.000613652
721.21 -0.00234573 1 8.31808e-05 -0.00242891
721.65 -0.00117345 1 7.62644e-05 -0.00124972
722.09 -0.00100198 1 6.99236e-05 -0.0010719
722.53 -0.0028313 1 6.41118e-05 -0.00289541
722.97 -0.00166143 1 5.87856e-05 -0.00172022
723.41 -0.00149237 1 5.39052e-05 -0.00154627
723.86 0.000679702 1 4.93367e-05 0.000630365
724.3 -0.00015287 1 4.52485e-05 -0.000198119
724.74 1.37474e-05 1 4.15035e-05 -2.77561e-05
725.18 -0.000820448 1 3.80731e-05 -0.000858521
725.62 -0.000655457 1 3.49309e-05 -0.000690388
726.06 0.000508719 1 3.20527e-05 0.000476666
726.5 -0.000327923 1 2.94162e-05 -0.00035734
726.95 -0.0011617 1 2.69486e-05 -0.00118865
727.39 0 1 2.47404e-05 -2.47404e-05
727.83 -0.00183912 1 2.27173e-05 -0.00186184
728.27 0.000320941 1 2.08636e-05 0.000300077
728.71 -0.00251981 1 1.91648e-05 -0.00253897
729.15 0.000638637 1 1.76079e-05 0.000621029
729.59 0.00179628 1 1.61806e-05 0.0017801
730.03 -0.00204687 1 1.4872e-05 -0.00206174
730.48 0.000112732 1 1.36459e-05 9.90856e-05
730.92 -0.00173201 1 1.25474e-05 -0.00174456
731.36 -0.000577527 1 1.15397e-05 -0.000589067
731.8 0.00157618 1 1.06149e-05 0.00156557
732.24 0.000729123 1 9.76615e-06 0.000719357
732.68 0.000881304 1 8.98693e-06 0.000872317
733.12 3.27277e-05 1 8.27137e-06 2.44563e-05
733.56 0.0011834 1 7.61413e-06 0.00117579
734 0.00133333 1 7.01027e-06 0.00132632
734.44 0.00248252 1 6.45533e-06 0.00247606
734.89 0.00163434 1 5.93411e-06 0.0016284
735.33 0.00378205 1 5.46596e-06 0.00377658
735.77 0.00592903 1 5.03539e-06 0.005924
736.21 0.0010753 1 4.6393e-06 0.00107066
736.65 -0.000779141 1 4.27482e-06 -0.000783416
737.09 0.00136571 1 3.93936e-06 0.00136177
737.53 0.00350986 1 3.63053e-06 0.00350623
737.97 0.00265331 1 3.34616e-06 0.00264997
738.41 0.00279607 1 3.08424e-06 0.00279299
738.85 0.00593815 1 2.84297e-06 0.00593531
739.29 0.00207955 1 2.62066e-06 0.00207693
739.73 0.000220279 1 2.4158e-06 0.000217863
740.17 0.00636034 1 2.22697e-06 0.00635811
740.61 0.00349973 1 2.05291e-06 0.00349768
741.05 0.00563847 1 1.89242e-06 0.00563658
741.49 0.00477656 1 1.74444e-06 0.00477481
741.93 0.002914 1 1.60796e-06 0.00291239
742.37 0.0010508 1 1.4821e-06 0.00104932
742.81 0.00318696 1 1.366e-06 0.0031856
743.26 0.00232557 1 1.25658e-06 0.00232431
743.7 0.00246047 1 1.15797e-06 0.00245931
744.14 0.000594745 1 1.067e-06 0.000593678
744.58 0.00272841 1 9.83073e-07 0.00272743
745.02 0.00386147 1 9.05649e-07 0.00386056
745.46 0.00399392 1 8.3422e-07 0.00399309
745.9 0.00212578 1 7.68324e-07 0.00212501
746.34 0.00425705 1 7.07534e-07 0.00425634
746.78 0.00338773 1 6.51457e-07 0.00338708
747.22 0.00451783 1 5.9973e-07 0.00451724
747.66 0.00364736 1 5.5202e-07 0.00364681
748.1 0.00377632 1 5.08018e-07 0.00377581
748.54 0.00190472 1 4.67439e-07 0.00190425
748.98 0.00103255 1 4.30022e-07 0.00103212
749.42 0.00215984 1 3.95523e-07 0.00215944
749.86 0.00528657 1 3.6372e-07 0.00528621
750.29 0.00240991 1 3.35046e-07 0.00240957
750.73 -0.00146442 1 3.07979e-07 -0.00146473
751.17 0.000660719 1 2.83038e-07 0.000660436
751.61 0.00278533 1 2.6006e-07 0.00278507
752.05 0.00590943 1 2.38893e-07 0.00590919
752.49 0.00103301 1 2.19398e-07 0.00103279
752.93 0.00115608 1 2.01447e-07 0.00115588
753.37 0.000278654 1 1.84921e-07 0.000278469
753.81 -0.000599275 1 1.6971e-07 -0.000599445
754.25 0.0025223 1 1.55712e-07 0.00252215
754.69 0.0016434 1 1.42833e-07 0.00164325
755.13 -0.000235993 1 1.30986e-07 -0.000236124
755.57 0.00188414 1 1.20091e-07 0.00188402
756.01 0.00200381 1 1.10074e-07 0.0020037
756.45 0.00412301 1 1.00866e-07 0.00412291
756.89 0.00324175 1 9.24045e-08 0.00324166
757.33 0.00436003 1 8.46302e-08 0.00435995
757.77 0.00247787 1 7.74894e-08 0.0024778
758.21 0.000595269 1 7.09321e-08 0.000595198
758.64 0.00170957 1 6.50432e-08 0.00170951
759.08 -0.00117389 1 5.95072e-08 -0.00117395
759.52 0.00394222 1 5.44274e-08 0.00394216
759.96 0.00105791 1 4.97676e-08 0.00105786
760.4 0.00117318 1 4.54942e-08 0.00117314
760.84 0.000288044 1 4.15761e-08 0.000288002
761.28 0.0014025 1 3.79849e-08 0.00140246
761.72 0.00451656 1 3.46942e-08 0.00451653
762.16 0.00263023 1 3.16796e-08 0.0026302
762.6 0.00174351 1 2.89189e-08 0.00174348
763.03 0.00185384 1 2.64462e-08 0.00185381
763.47 0.000966366 1 2.4128e-08 0.000966342
763.91 0.00107852 1 2.20067e-08 0.0010785
764.35 0.000190309 1 2.00662e-08 0.000190289
764.79 0.00130174 1 1.82916e-08 0.00130172
765.23 0.00041281 1 1.66692e-08 0.000412794
765.67 -0.000476467 1 1.51863e-08 -0.000476482
766.11 -0.00136609 1 1.38314e-08 -0.0013661
766.54 -0.00225854 1 1.26206e-08 -0.00225856
766.98 0.00085117 1 1.1488e-08 0.000851158
767.42 -3.94438e-05 1 1.04541e-08 -3.94543e-05
767.86 0.00106962 1 9.51041e-09 0.00106961
768.3 0.00117837 1 8.64945e-09 0.00117836
768.74 0.0042868 1 7.86415e-09 0.0042868
769.17 0.00539248 1 7.16362e-09 0.00539247
769.61 0.00350032 1 6.50949e-09 0.00350031
770.05 0.000607857 1 5.91337e-09 0.000607851
770.49 -0.000284891 1 5.37029e-09 -0.000284897
770.93 0.00282208 1 4.87566e-09 0.00282207
771.37 -0.00207123 1 4.4253e-09 -0.00207124
771.8 0.00103277 1 4.02427e-09 0.00103276
772.24 0.000138921 1 3.65045e-09 0.000138917
772.68 0.000244813 1 3.31039e-09 0.00024481
773.12 0.000350449 1 3.00113e-09 0.000350446
773.56 -0.00154417 1 2.71998e-09 -0.00154417
774 0.00156097 1 2.46444e-09 0.00156097
774.43 -0.00133651 1 2.23729e-09 -0.00133651
774.87 -0.000231842 1 2.02594e-09 -0.000231844
775.31 -0.000127402 1 1.83401e-09 -0.000127404
775.75 -0.00202319 1 1.65978e-09 -0.00202319
776.19 8.08109e-05 1 1.50166e-09 8.08094e-05
776.62 0.00118224 1 1.36132e-09 0.00118224
777.06 0.00128582 1 1.23093e-09 0.00128582
777.5 0.0013892 1 1.1127e-09 0.0013892
777.94 -0.000507616 1 1.00553e-09 -0.000507617
778.37 -0.00240696 1 9.10518e-10 -0.00240696
778.81 0.00169585 1 8.22347e-10 0.00169585
779.25 -0.000201521 1 7.42497e-10 -0.000201522
779.69 -9.90649e-05 1 6.70204e-10 -9.90656e-05
780.13 0.00200322 1 6.04774e-10 0.00200322
780.56 0.00310303 1 5.46852e-10 0.00310303
781 0.00120499 1 4.93179e-10 0.00120499
781.44 -0.00069319 1 4.44644e-10 -0.00069319
781.88 0.00140848 1 4.00768e-10 0.00140848
782.31 0.0015077 1 3.61973e-10 0.0015077
782.75 -0.00139091 1 3.26066e-10 -0.00139091
783.19 0.000710354 1 2.93635e-10 0.000710354
783.63 0.00181149 1 2.64352e-10 0.00181149
784.06 -0.00108979 1 2.38491e-10 -0.00108979
784.5 0.00301112 1 2.14584e-10 0.00301112
784.94 -0.000888086 1 1.93016e-10 -0.000888086
785.37 0.00121032 1 1.73986e-10 0.00121032
785.81 0.00431091 1 1.56408e-10 0.00431091
786.25 0.00341142 1 1.40566e-10 0.00341142
786.69 -0.000488166 1 1.26291e-10 -0.000488166
787.12 -0.00239011 1 1.1371e-10 -0.00239011
787.56 0.00171015 1 1.02103e-10 0.00171015
788 0.00181034 1 9.16539e-11 0.00181034
788.43 0.00190819 1 8.24532e-11 0.00190819
788.87 0.00300825 1 7.39724e-11 0.00300825
789.31 0.00110826 1 6.63445e-11 0.00110826
789.75 0.00420822 1 5.94858e-11 0.00420822
790.18 -0.000694132 1 5.34534e-11 -0.000694132
790.62 0.000405748 1 4.78997e-11 0.000405748
791.06 -0.0014944 1 4.29104e-11 -0.0014944
791.49 -0.000396852 1 3.85261e-11 -0.000396852
791.93 -0.00229705 1 3.44932e-11 -0.00229705
792.37 0.00280273 1 3.08735e-11 0.00280273
792.8 -0.00109977 1 2.76954e-11 -0.00109977
793.24 0 1 2.47747e-11 -2.47747e-11
793.68 9.97664e-05 1 2.21555e-11 9.97664e-05
794.11 -0.00180273 1 1.9858e-11 -0.00180273
794.55 0.00229705 1 1.77483e-11 0.00229705
794.99 0.000396852 1 1.58581e-11 0.000396852
795.42 0.000494404 1 1.42016e-11 0.000494404
795.86 0.00659425 1 1.26818e-11 0.00659425
796.3 0.00169413 1 1.13213e-11 0.00169413
796.73 0.000791779 1 1.013e-11 0.000791779
797.17 0.00089174 1 9.03806e-12 0.00089174
797.61 -0.00300825 1 8.06146e-12 -0.00300825
798.04 -0.00091046 1 7.20705e-12 -0.00091046
798.48 0.000189663 1 6.42458e-12 0.000189663
798.91 -0.00171243 1 5.74042e-12 -0.00171243
799.35 0.000387832 1 5.11422e-12 0.000387832
799.79 0.00448817 1 4.55499e-12 0.00448817
800.22 0.0045863 1 4.06646e-12 0.0045863
800.66 0.0016868 1 3.61971e-12 0.0016868
801.1 0.00278739 1 3.2211e-12 0.00278739
