500.34 0.00129569 1 -0.00332374 0.00461943
500.8 0.00168563 1 -0.00336898 0.00505461
501.25 0.0030671 1 -0.00341361 0.00648072
501.71 0.000457063 1 -0.00345963 0.0039167
502.17 -0.00015297 1 -0.00350605 0.00335308
502.62 0.00222852 1 -0.00355184 0.00578037
503.08 -0.0003815 1 -0.00359905 0.00321755
503.53 0 1 -0.0036456 0.0036456
503.99 -0.00161002 1 -0.00369358 0.00208356
504.44 -0.000228524 1 -0.0037409 0.00351238
504.9 -0.00183855 1 -0.00378966 0.00195111
505.36 0.000551415 1 -0.0038388 0.00439022
505.81 -6.71039e-05 1 -0.00388726 0.00382015
506.27 -0.000677154 1 -0.00393717 0.00326002
506.72 0.000704307 1 -0.00398638 0.00469068
507.18 9.4232e-05 1 -0.00403706 0.00413129
507.63 -0.00452433 1 -0.004087 -0.000437332
508.09 0.00186556 1 -0.00413844 0.00600399
508.54 -0.00375304 1 -0.00418912 0.000436077
509 -0.00436319 1 -0.0042413 -0.000121887
509.45 -0.00198183 1 -0.00429271 0.00231088
509.91 -0.00359202 1 -0.00434564 0.000753613
510.36 -0.000210718 1 -0.00439777 0.00418705
510.82 -0.00282097 1 -0.00445143 0.00163046
511.27 -0.00343971 1 -0.00450427 0.00106456
511.73 -0.00205002 1 -0.00455865 0.00250862
512.19 -0.00266037 1 -0.00461339 0.00195302
512.64 -0.00527922 1 -0.00466729 -0.000611931
513.1 -0.00288963 1 -0.00472273 0.0018331
513.55 -0.00350856 1 -0.00477732 0.00126876
514.01 -0.00711906 1 -0.00483346 -0.0022856
514.46 -0.00473806 1 -0.00488871 0.000150651
514.92 -0.00534865 1 -0.00494554 -0.00040311
515.37 -0.00496775 1 -0.00500146 3.37111e-05
515.83 -0.00357843 1 -0.00505895 0.00148052
516.28 -0.00519762 1 -0.00511552 -8.21053e-05
516.73 -0.00881687 1 -0.0051724 -0.00364447
517.19 -0.0064277 1 -0.00523086 -0.00119684
517.64 -0.00904706 1 -0.00528837 -0.00375869
518.1 -0.00565801 1 -0.00534747 -0.000310541
518.55 -0.00327748 1 -0.00540558 0.00212811
519.01 -0.00688855 1 -0.0054653 -0.00142325
519.46 -0.00650814 1 -0.00552401 -0.000984134
519.92 -0.00511935 1 -0.00558432 0.000464975
520.37 -0.00673907 1 -0.00564361 -0.00109546
520.83 -0.00735041 1 -0.0057045 -0.00164591
521.28 -0.00597027 1 -0.00576435 -0.000205922
521.74 -0.00558175 1 -0.0058258 0.000244046
522.19 -0.00420176 1 -0.00588618 0.00168443
522.65 -0.00781339 1 -0.00594818 -0.00186522
523.1 -0.00843355 1 -0.00600908 -0.00242447
523.55 -0.00805378 1 -0.00607023 -0.00198355
524.01 -0.00566566 1 -0.00613299 0.000467329
524.46 -0.00628606 1 -0.00619463 -9.14309e-05
524.92 -0.00889811 1 -0.00625788 -0.00264023
525.37 -0.00751868 1 -0.00631998 -0.0011987
525.83 -0.0071309 1 -0.00638369 -0.000747215
526.28 -0.00775165 1 -0.00644623 -0.00130542
526.73 -0.00837248 1 -0.00650898 -0.0018635
527.19 -0.00398499 1 -0.00657333 0.00258834
527.64 -0.00760601 1 -0.00663649 -0.000969527
528.1 -0.00921872 1 -0.00670124 -0.00251748
528.55 -0.00883994 1 -0.00676477 -0.00207517
529.01 -0.00645284 1 -0.0068299 0.000377051
529.46 -0.00807427 1 -0.00689378 -0.00118049
529.91 -0.0086958 1 -0.00695782 -0.00173798
530.37 -0.00830902 1 -0.00702345 -0.00128557
530.82 -0.00693077 1 -0.0070878 0.000157035
531.28 -0.00654421 1 -0.00715373 0.000609514
531.73 -0.00816618 1 -0.00721836 -0.00094782
532.18 -0.00878825 1 -0.00728311 -0.00150514
532.64 -0.0104021 1 -0.00734943 -0.00305262
533.09 -0.0100244 1 -0.00741442 -0.00260994
533.54 -0.00964679 1 -0.00747951 -0.00216728
534 -0.00926095 1 -0.00754614 -0.0017148
534.45 -0.00688362 1 -0.00761142 0.000727801
534.91 -0.010498 1 -0.00767822 -0.00281981
535.36 -0.00812095 1 -0.00774364 -0.000377306
535.81 -0.009744 1 -0.00780913 -0.00193487
536.27 -0.0093588 1 -0.00787612 -0.00148268
536.72 -0.00698211 1 -0.0079417 0.000959586
537.17 -0.00860555 1 -0.00800731 -0.000598243
537.63 -0.0102208 1 -0.00807441 -0.00214636
538.08 -0.0118445 1 -0.00814006 -0.00370442
538.54 -0.00845998 1 -0.00820718 -0.000252798
538.99 -0.011084 1 -0.00827284 -0.00281114
539.44 -0.00870811 1 -0.00833848 -0.000369633
539.9 -0.012324 1 -0.00840555 -0.00391849
540.35 -0.00894847 1 -0.00847114 -0.000477333
540.8 -0.010573 1 -0.00853668 -0.00203637
541.26 -0.0101894 1 -0.00860362 -0.00158581
541.71 -0.00981431 1 -0.00866903 -0.00114527
542.16 -0.00943933 1 -0.00873438 -0.000704956
542.62 -0.0100562 1 -0.00880108 -0.00125511
543.07 -0.0116815 1 -0.00886624 -0.00281529
543.52 -0.00630703 1 -0.00893129 0.00262426
543.98 -0.00992437 1 -0.00899766 -0.000926715
544.43 -0.0115502 1 -0.00906245 -0.00248775
544.88 -0.0131762 1 -0.0091271 -0.00404908
545.34 -0.00879403 1 -0.00919302 0.000398999
545.79 -0.0104203 1 -0.00925735 -0.001163
546.24 -0.0120468 1 -0.00932149 -0.00272534
546.69 -0.0086735 1 -0.00938544 0.000711949
547.15 -0.011292 1 -0.00945061 -0.00184143
547.6 -0.010919 1 -0.00951413 -0.00140491
548.05 -0.0105462 1 -0.00957743 -0.000968801
548.51 -0.0111653 1 -0.00964188 -0.00152343
548.96 -0.0107929 1 -0.00970467 -0.00108819
549.41 -0.00942059 1 -0.0097672 0.000346611
549.86 -0.00904849 1 -0.00982944 0.000780942
550.32 -0.00766833 1 -0.00989275 0.00222443
550.77 -0.00829661 1 -0.00995438 0.00165777
551.22 -0.0109251 1 -0.0100157 -0.000909402
551.68 -0.0135455 1 -0.010078 -0.0034675
552.13 -0.0111744 1 -0.0101386 -0.00103576
552.58 -0.0118034 1 -0.0101988 -0.00160458
553.03 -0.0104327 1 -0.0102587 -0.000173974
553.49 -0.0120539 1 -0.0103194 -0.00173442
553.94 -0.0106835 1 -0.0103785 -0.000305035
554.39 -0.0103134 1 -0.0104371 0.000123719
554.84 -0.0119434 1 -0.0104952 -0.00144817
555.3 -0.0105655 1 -0.0105542 -1.12395e-05
555.75 -0.0111959 1 -0.0106114 -0.000584493
556.2 -0.0118266 1 -0.0106682 -0.00115845
556.65 -0.0114575 1 -0.0107244 -0.000733116
557.11 -0.0110804 1 -0.0107813 -0.000299096
557.56 -0.0117117 1 -0.0108364 -0.000875273
558.01 -0.00934323 1 -0.010891 0.00154778
558.46 -0.00897497 1 -0.010945 0.00197004
558.92 -0.0105988 1 -0.0109996 0.000400839
559.37 -0.011231 1 -0.0110524 -0.000178561
559.82 -0.00986337 1 -0.0111046 0.00124119
560.27 -0.009496 1 -0.0111561 0.00166007
560.72 -0.0121289 1 -0.0112069 -0.000921936
561.18 -0.0117538 1 -0.0112582 -0.000495592
561.63 -0.0123871 1 -0.0113077 -0.00107946
562.08 -0.0130207 1 -0.0113564 -0.00166427
562.53 -0.0106545 1 -0.0114044 0.000749953
562.99 -0.0102804 1 -0.0114527 0.00117236
563.44 -0.0129146 1 -0.0114992 -0.00141545
563.89 -0.0115492 1 -0.0115449 -4.27683e-06
564.34 -0.0111839 1 -0.0115897 0.00040584
564.79 -0.00881889 1 -0.0116338 0.00281488
565.25 -0.011446 1 -0.0116779 0.000231888
565.7 -0.0130815 1 -0.0117202 -0.0013613
566.15 -0.0127172 1 -0.0117616 -0.000955627
566.6 -0.0123532 1 -0.0118021 -0.00055111
567.05 -0.0119895 1 -0.0118417 -0.000147774
567.5 -0.0106259 1 -0.0118803 0.00125436
567.96 -0.0112546 1 -0.0119188 0.000664167
568.41 -0.0108916 1 -0.0119554 0.00106381
568.86 -0.0115289 1 -0.0119911 0.000462176
569.31 -0.0121664 1 -0.0120257 -0.000140743
569.76 -0.0118042 1 -0.0120592 0.000255026
570.21 -0.0124422 1 -0.0120917 -0.000350539
570.67 -0.0110725 1 -0.0121238 0.00105126
571.12 -0.0117111 1 -0.012154 0.000442927
571.57 -0.01135 1 -0.0121832 0.000833195
572.02 -0.0139891 1 -0.0122111 -0.00177796
572.47 -0.0106285 1 -0.0122379 0.00160944
572.92 -0.0122682 1 -0.0122635 -4.636e-06
573.37 -0.0129081 1 -0.0122879 -0.000620198
573.83 -0.0145404 1 -0.0123116 -0.00222878
574.28 -0.0121809 1 -0.0123334 0.000152573
574.73 -0.0128217 1 -0.012354 -0.00046763
575.18 -0.0124627 1 -0.0123733 -8.94137e-05
575.63 -0.00910411 1 -0.0123913 0.0032872
576.08 -0.0147458 1 -0.012408 -0.00233781
576.53 -0.0123877 1 -0.0124232 3.55339e-05
576.98 -0.0120299 1 -0.0124372 0.00040721
577.44 -0.0136645 1 -0.0124499 -0.0012146
577.89 -0.0123074 1 -0.012461 0.000153636
578.34 -0.0129505 1 -0.0124706 -0.000479859
578.79 -0.0135939 1 -0.0124788 -0.00111511
579.24 -0.0132376 1 -0.0124855 -0.00075213
579.69 -0.0118817 1 -0.0124907 0.000609052
580.14 -0.013526 1 -0.0124944 -0.00103158
580.59 -0.0131706 1 -0.0124966 -0.000674049
581.04 -0.0148155 1 -0.0124972 -0.00231837
581.49 -0.0134608 1 -0.0124962 -0.00096457
581.95 -0.0140985 1 -0.0124936 -0.00160486
582.4 -0.0127444 1 -0.0124895 -0.000254908
582.85 -0.0133906 1 -0.0124837 -0.000906886
583.3 -0.0150371 1 -0.0124762 -0.00256081
583.75 -0.0126839 1 -0.0124672 -0.000216705
584.2 -0.012331 1 -0.0124565 0.000125419
584.65 -0.0129785 1 -0.012444 -0.000534458
585.1 -0.0136263 1 -0.0124299 -0.00119635
585.55 -0.0132744 1 -0.0124141 -0.000860278
586 -0.0129228 1 -0.0123966 -0.000526251
586.45 -0.0115716 1 -0.0123773 0.000805714
586.9 -0.0102207 1 -0.0123563 0.0021356
587.35 -0.0138701 1 -0.0123335 -0.0015366
587.8 -0.0115199 1 -0.012309 0.000789098
588.25 -0.01117 1 -0.0122827 0.00111268
588.71 -0.0118127 1 -0.0122539 0.000441257
589.16 -0.0114635 1 -0.012224 0.000760529
589.61 -0.0101146 1 -0.0121923 0.00207765
590.06 -0.0117661 1 -0.0121587 0.000392623
590.51 -0.0104179 1 -0.0121233 0.00170543
590.96 -0.00907005 1 -0.0120861 0.00301606
591.41 -0.0117226 1 -0.0120471 0.00032451
591.86 -0.0103754 1 -0.0120062 0.00163078
592.31 -0.0100286 1 -0.0119635 0.00193485
592.76 -0.0096822 1 -0.0119189 0.00223673
593.21 -0.0103361 1 -0.0118725 0.00153641
593.66 -0.0089904 1 -0.0118243 0.00283389
594.11 -0.00964504 1 -0.0117742 0.00212916
594.56 -0.0103 1 -0.0117223 0.00142223
595.01 -0.0109554 1 -0.0116685 0.000713096
595.46 -0.0106111 1 -0.0116129 0.00100176
595.91 -0.0102672 1 -0.0115554 0.00128822
596.36 -0.00892368 1 -0.0114962 0.00257249
596.81 -0.0115805 1 -0.0114351 -0.000145443
597.26 -0.0102377 1 -0.0113722 0.00113444
597.71 -0.00889528 1 -0.0113074 0.00241214
598.16 -0.0115532 1 -0.0112409 -0.000312328
598.61 -0.0112116 1 -0.0111726 -3.89655e-05
599.06 -0.0108703 1 -0.0111025 0.000232242
599.51 -0.00952935 1 -0.0110307 0.0015013
599.96 -0.00818882 1 -0.0109571 0.00276823
600.41 -0.00784868 1 -0.0108817 0.00303304
600.86 -0.00850891 1 -0.0108047 0.00229575
601.31 -0.00916954 1 -0.0107259 0.00155636
601.76 -0.0108306 1 -0.0106455 -0.000185095
602.21 -0.00649196 1 -0.0105634 0.00407139
602.65 -0.00716128 1 -0.0104815 0.00332021
603.1 -0.00782346 1 -0.0103961 0.00257269
603.55 -0.00848605 1 -0.0103092 0.00182317
604 -0.00814903 1 -0.0102207 0.00207168
604.45 -0.00881241 1 -0.0101306 0.00131824
604.9 -0.00847619 1 -0.0100391 0.00156287
605.35 -0.0101404 1 -0.00994599 -0.000194391
605.8 -0.00780498 1 -0.00985145 0.00204647
606.25 -0.00546998 1 -0.00975547 0.0042855
606.7 -0.00613539 1 -0.00965809 0.00352271
607.15 -0.00580121 1 -0.00955934 0.00375813
607.6 -0.00946744 1 -0.00945925 -8.18924e-06
608.05 -0.0101341 1 -0.00935786 -0.000776231
608.5 -0.00780116 1 -0.0092552 0.00145404
608.95 -0.00946864 1 -0.00915131 -0.00031733
609.39 -0.00714392 1 -0.00904857 0.00190466
609.84 -0.00581223 1 -0.00894236 0.00313013
610.29 -0.00748097 1 -0.00883504 0.00135407
610.74 -0.00715014 1 -0.00872664 0.0015765
611.19 -0.00881973 1 -0.00861721 -0.000202517
611.64 -0.00748975 1 -0.0085068 0.00101705
612.09 -0.0081602 1 -0.00839544 0.000235235
612.54 -0.00683108 1 -0.00828318 0.00145209
612.99 -0.0075024 1 -0.00817007 0.000667664
613.44 -0.00917416 1 -0.00805615 -0.00111801
613.88 -0.00585363 1 -0.00794403 0.0020904
614.33 -0.00652625 1 -0.00782866 0.00130241
614.78 -0.00919931 1 -0.00771263 -0.00148669
615.23 -0.00887282 1 -0.00759598 -0.00127684
615.68 -0.00654677 1 -0.00747877 0.000932004
616.13 -0.00722117 1 -0.00736106 0.000139889
616.58 -0.00789602 1 -0.00724288 -0.000653134
617.03 -0.00757131 1 -0.0071243 -0.000447013
617.47 -0.00725426 1 -0.00700801 -0.000246253
617.92 -0.00593046 1 -0.00688878 0.000958324
618.37 -0.0076071 1 -0.0067693 -0.000837802
618.82 -0.00728421 1 -0.00664963 -0.000634579
619.27 -0.00796178 1 -0.00652982 -0.00143195
619.72 -0.0066398 1 -0.00640993 -0.000229873
620.17 -0.00931829 1 -0.00629001 -0.00302828
620.61 -0.00600438 1 -0.00617278 0.0001684
621.06 -0.00668379 1 -0.00605296 -0.000630826
621.51 -0.00736366 1 -0.00593328 -0.00143038
621.96 -0.00704401 1 -0.00581379 -0.00123022
622.41 -0.00372483 1 -0.00569456 0.00196972
622.86 -0.00640613 1 -0.00557562 -0.000830507
623.3 -0.00809496 1 -0.00545968 -0.00263529
623.75 -0.0067772 1 -0.0053415 -0.0014357
624.2 -0.00645991 1 -0.0052238 -0.00123611
624.65 -0.00714311 1 -0.00510662 -0.00203649
625.1 -0.00482679 1 -0.00499002 0.000163233
625.54 -0.00551796 1 -0.00487662 -0.000641341
625.99 -0.0072026 1 -0.00476132 -0.00244128
626.44 -0.00588773 1 -0.00464677 -0.00124096
626.89 -0.00657334 1 -0.004533 -0.00204034
627.34 -0.00425945 1 -0.00442007 0.000160625
627.78 -0.00595301 1 -0.00431053 -0.00164248
628.23 -0.00664009 1 -0.00419942 -0.00244067
628.68 -0.00632767 1 -0.00408932 -0.00223836
629.13 -0.00701575 1 -0.00398026 -0.0030355
629.58 -0.00670433 1 -0.00387229 -0.00283204
630.02 -0.00540032 1 -0.00376783 -0.00163249
630.47 -0.00608989 1 -0.00366217 -0.00242772
630.92 -0.00577997 1 -0.00355774 -0.00222223
631.37 -0.00647056 1 -0.0034546 -0.00301596
631.81 -0.00616852 1 -0.00335502 -0.00281349
632.26 -0.00486011 1 -0.00325454 -0.00160557
632.71 -0.00555222 1 -0.00315546 -0.00239676
633.16 -0.00424485 1 -0.00305783 -0.00118702
633.61 -0.00493799 1 -0.00296169 -0.0019763
634.05 -0.00663845 1 -0.00286916 -0.00376929
634.5 -0.00533261 1 -0.00277607 -0.00255654
634.95 -0.0060273 1 -0.00268458 -0.00334272
635.4 -0.00372252 1 -0.00259472 -0.00112779
635.84 -0.00242501 1 -0.00250847 8.34626e-05
636.29 -0.00412126 1 -0.00242194 -0.00169933
636.74 -0.00181805 1 -0.00233713 0.000519083
637.18 -0.00352208 1 -0.0022559 -0.00126618
637.63 -0.00621991 1 -0.00217459 -0.00404533
638.08 -0.00291828 1 -0.00209508 -0.000823202
638.53 -0.00361718 1 -0.0020174 -0.00159978
638.97 -0.0033233 1 -0.00194324 -0.00138006
639.42 -0.00402327 1 -0.00186924 -0.00215402
639.87 -0.00272378 1 -0.00179714 -0.000926638
640.32 -0.00342483 1 -0.00172695 -0.00169789
640.76 -0.00313306 1 -0.00166017 -0.00147288
641.21 -0.00283519 1 -0.0015938 -0.00124139
641.66 -0.00153787 1 -0.00152938 -8.49298e-06
642.1 -0.000247694 1 -0.00146829 0.00122059
642.55 -0.00195147 1 -0.00140776 -0.000543709
643 -0.00265579 1 -0.0013492 -0.00130659
643.44 -0.00136722 1 -0.00129387 -7.33515e-05
643.89 -0.00107265 1 -0.00123925 0.000166601
644.34 -0.00177864 1 -0.00118662 -0.000592014
644.79 -0.00248518 1 -0.00113599 -0.0013492
645.23 -0.0021988 1 -0.0010884 -0.00111039
645.68 -0.000906456 1 -0.0010417 0.000135248
646.13 -0.00161468 1 -0.000996993 -0.000617691
646.57 -0.00132994 1 -0.000955191 -0.000374754
647.02 -0.0020393 1 -0.00091439 -0.00112491
647.47 -0.000749222 1 -0.000875555 0.000126333
647.91 -0.00146615 1 -0.000839473 -0.000626674
648.36 -0.000177207 1 -0.000804492 0.000627285
648.81 0.000111155 1 -0.000771442 0.000882597
649.25 -0.00160745 1 -0.000740979 -0.000866471
649.7 -0.000320234 1 -0.000711701 0.000391468
650.15 -3.35996e-05 1 -0.000684306 0.000650706
650.59 -0.0007539 1 -0.000659321 -9.45791e-05
651.04 -0.000468423 1 -0.00063559 0.000167167
651.48 0.00381014 1 -0.000614148 0.00442429
651.93 0.00109445 1 -0.000593998 0.00168845
652.38 -0.00262182 1 -0.000575621 -0.0020462
652.82 -0.00034498 1 -0.000559344 0.000214364
653.27 -6.2433e-05 1 -0.000544401 0.000481968
653.72 0.00121952 1 -0.000531153 0.00175067
654.16 -0.000505376 1 -0.00051981 1.44343e-05
654.61 0.00077539 1 -0.000509828 0.00128522
655.06 -0.00194445 1 -0.000501451 -0.001443
655.5 -0.000671092 1 -0.000494781 -0.000176311
655.95 -0.000392124 1 -0.000489484 9.73599e-05
656.39 -0.00611994 1 -0.000485762 -0.00563418
656.84 -0.00284218 1 -0.000483413 -0.00235876
657.29 0.00443498 1 -0.000482501 0.00491748
657.73 0.000705381 1 -0.000482964 0.00118834
658.18 0.000981322 1 -0.000484788 0.00146611
658.62 0.00225054 1 -0.000487856 0.00273839
659.07 0.00152526 1 -0.000492268 0.00201753
659.52 0.00279936 1 -0.000497932 0.00329729
659.96 0.00306677 1 -0.000504642 0.00357141
660.41 0.00333964 1 -0.000512665 0.0038523
660.85 0.00260584 1 -0.000521605 0.00312745
661.3 0.00187747 1 -0.000531828 0.0024093
661.74 0.00214246 1 -0.000542842 0.0026853
662.19 0.00141285 1 -0.000555107 0.00196796
662.64 0.00168261 1 -0.000568342 0.00225095
663.08 0.00194576 1 -0.000582181 0.00252794
663.53 0.00221426 1 -0.000597213 0.00281147
663.97 0.00247617 1 -0.000612729 0.0030889
664.42 0.00274341 1 -0.000629394 0.00337281
664.86 0.00400409 1 -0.000646427 0.00465052
665.31 0.00227006 1 -0.000664561 0.00293462
665.75 0.0015295 1 -0.000682951 0.00221245
666.2 0.00379419 1 -0.000702392 0.00449658
666.65 0.00305823 1 -0.000722432 0.00378066
667.09 0.00131578 1 -0.000742566 0.00205835
667.54 0.00457854 1 -0.000763669 0.00534221
667.98 0.00183482 1 -0.000784765 0.00261959
668.43 0.00109629 1 -0.000806773 0.00190306
668.87 0.0023513 1 -0.000828678 0.00317998
669.32 0.00261147 1 -0.000851435 0.0034629
669.76 0.00186521 1 -0.000873997 0.00273921
670.21 0.00312406 1 -0.000897351 0.00402141
670.65 -0.000623476 1 -0.000920423 0.000296946
671.1 0.00263406 1 -0.000944225 0.00357829
671.54 -0.000114766 1 -0.000967665 0.000852898
671.99 0.00214145 1 -0.000991772 0.00313322
672.43 0.000391325 1 -0.00101544 0.00140677
672.88 0.00164621 1 -0.00103971 0.00268593
673.32 0.000894785 1 -0.00106348 0.00195826
673.77 0.00114834 1 -0.00108778 0.00223612
674.21 -0.000604401 1 -0.00111151 0.000507112
674.66 0.000647808 1 -0.00113572 0.00178353
675.1 -0.00110625 1 -0.0011593 5.30515e-05
675.55 -0.00385539 1 -0.00118329 -0.0026721
675.99 0.000389234 1 -0.0012066 0.00159583
676.44 -0.000361264 1 -0.00123025 0.000868987
676.88 -0.000117973 1 -0.00125318 0.00113521
677.33 0.000130165 1 -0.00127639 0.00140656
677.77 -0.000627881 1 -0.00129884 0.000670955
678.22 -0.000381115 1 -0.00132151 0.000940391
678.66 -0.0011405 1 -0.00134337 0.000202865
679.11 -0.00189512 1 -0.0013654 -0.000529717
679.55 -0.000655858 1 -0.00138659 0.000730737
679.99 -0.00341727 1 -0.00140743 -0.00200984
680.44 -0.000173953 1 -0.00142834 0.00125439
680.88 -0.00293673 1 -0.00144838 -0.00148834
681.33 -0.00369481 1 -0.00146845 -0.00222636
681.77 -0.00445895 1 -0.00148763 -0.00297132
682.22 -0.00121843 1 -0.00150678 0.000288353
682.66 -0.00198394 1 -0.00152504 -0.000458908
683.11 -0.00274484 1 -0.00154321 -0.00120163
683.55 -0.00151173 1 -0.00156048 4.87456e-05
683.99 -0.00227932 1 -0.00157724 -0.000702073
684.44 -0.00504233 1 -0.00159385 -0.00344848
684.88 -0.0048113 1 -0.00160956 -0.00320175
685.33 -0.00157574 1 -0.00162506 4.93217e-05
685.77 -0.00334612 1 -0.00163967 -0.00170645
686.21 -0.00311718 1 -0.00165372 -0.00146346
686.66 -0.00188377 1 -0.00166751 -0.00021626
687.1 -0.00365625 1 -0.00168041 -0.00197583
687.55 -0.00442427 1 -0.00169301 -0.00273126
687.99 -0.00219817 1 -0.00170474 -0.000493424
688.44 -0.00296765 1 -0.00171614 -0.00125151
688.88 -0.00474296 1 -0.00172668 -0.00301629
689.32 -0.00451899 1 -0.00173663 -0.00278236
689.77 -0.00529065 1 -0.00174619 -0.00354446
690.21 -0.0050681 1 -0.00175493 -0.00331318
690.65 -0.00284627 1 -0.00176307 -0.0010832
691.1 -0.00562013 1 -0.00177079 -0.00384935
691.54 -0.00539974 1 -0.00177772 -0.00362202
691.99 -0.00417508 1 -0.0017842 -0.00239089
692.43 -0.00595614 1 -0.00178993 -0.00416622
692.87 -0.00473792 1 -0.00179506 -0.00294286
693.32 -0.00251549 1 -0.0017997 -0.000715781
693.76 -0.00529872 1 -0.00180365 -0.00349508
694.2 -0.00408269 1 -0.00180701 -0.00227568
694.65 -0.00386249 1 -0.00180985 -0.00205264
695.09 -0.00464793 1 -0.00181205 -0.00283588
695.53 -0.00543409 1 -0.00181368 -0.00362042
695.98 -0.00321615 1 -0.00181476 -0.0014014
696.42 -0.0020038 1 -0.00181525 -0.000188545
696.86 -0.00679218 1 -0.0018152 -0.00497698
697.31 -0.00757651 1 -0.00181458 -0.00576193
697.75 -0.00536638 1 -0.00181343 -0.00355295
698.19 -0.00615699 1 -0.00181176 -0.00434523
698.64 -0.00494361 1 -0.00180951 -0.0031341
699.08 -0.00473572 1 -0.00180679 -0.00292893
699.52 -0.00552858 1 -0.00180357 -0.003725
699.97 -0.0033175 1 -0.00179977 -0.00151773
700.41 -0.00511187 1 -0.00179556 -0.0033163
700.85 -0.00390699 1 -0.00179088 -0.00211611
701.3 -0.00669823 1 -0.00178561 -0.00491261
701.74 -0.00449487 1 -0.00178 -0.00271487
702.18 -0.00329226 1 -0.00177394 -0.00151832
702.63 -0.00508583 1 -0.00176729 -0.00331854
703.07 -0.00288476 1 -0.00176037 -0.0011244
703.51 -0.00268445 1 -0.00175302 -0.000931423
703.96 -0.00548037 1 -0.0017451 -0.00373527
704.4 -0.0042816 1 -0.00173696 -0.00254464
704.84 -0.00308359 1 -0.00172843 -0.00135516
705.28 -0.00388636 1 -0.00171954 -0.00216682
705.73 -0.00368543 1 -0.00171007 -0.00197536
706.17 -0.00348975 1 -0.00170046 -0.00178929
706.61 -0.00529484 1 -0.00169052 -0.00360432
707.06 -0.0060963 1 -0.00168001 -0.00441629
707.5 -0.00490295 1 -0.00166942 -0.00323354
707.94 -0.00471038 1 -0.00165852 -0.00305186
708.38 -0.0045186 1 -0.00164734 -0.00287126
708.83 -0.00232325 1 -0.00163561 -0.000687649
709.27 -0.00413305 1 -0.00162386 -0.00250918
709.71 -0.00594362 1 -0.00161186 -0.00433176
710.15 -0.00275498 1 -0.00159962 -0.00115536
710.6 -0.00356287 1 -0.00158685 -0.00197602
711.04 -0.00337582 1 -0.00157413 -0.00180169
711.48 -0.00218956 1 -0.00156121 -0.000628358
711.92 -0.0030041 1 -0.00154807 -0.00145603
712.37 -0.00481524 1 -0.00153444 -0.0032808
712.81 -0.00163138 1 -0.00152093 -0.000110453
713.25 -0.00344832 1 -0.00150725 -0.00194108
713.69 -0.00326606 1 -0.0014934 -0.00177266
714.13 -0.0010846 1 -0.0014794 0.000394799
714.58 -0.00189985 1 -0.00146494 -0.00043491
715.02 -0.00372001 1 -0.00145066 -0.00226935
715.46 -0.00454098 1 -0.00143626 -0.00310472
715.9 -0.00436275 1 -0.00142175 -0.00294101
716.35 -0.00618132 1 -0.0014068 -0.00477452
716.79 -0.00200473 1 -0.00139208 -0.000612648
717.23 -0.00282896 1 -0.00137728 -0.00145167
717.67 -0.000653997 1 -0.00136241 0.000708409
718.11 -0.000479853 1 -0.00134746 0.000867609
718.56 -0.0043026 1 -0.00133211 -0.00297048
719 -0.00113011 1 -0.00131706 0.00018695
719.44 4.15618e-05 1 -0.00130196 0.00134352
719.88 -0.00278759 1 -0.00128682 -0.00150077
720.32 -0.00161757 1 -0.00127165 -0.000345917
720.76 0.000551627 1 -0.00125647 0.00180809
721.21 -0.00127619 1 -0.00124092 -3.52656e-05
721.65 -0.00110867 1 -0.00122572 0.00011705
722.09 -0.00194197 1 -0.00121051 -0.000731464
722.53 -0.00177612 1 -0.00119531 -0.000580803
722.97 -0.00261109 1 -0.00118013 -0.00143096
723.41 -0.000446904 1 -0.00116497 0.000718063
723.86 -0.000279851 1 -0.00114949 0.000869636
724.3 -0.000117358 1 -0.00113438 0.00101703
724.74 -0.00195571 1 -0.00111932 -0.000836388
725.18 0.000205102 1 -0.0011043 0.0013094
725.62 -0.00163493 1 -0.00108933 -0.000545607
726.06 -0.000475814 1 -0.00107441 0.000598595
726.5 -0.00131754 1 -0.00105955 -0.000257992
726.95 -0.000156552 1 -0.00104442 0.000887869
727.39 0 1 -0.0010297 0.0010297
727.83 -0.000844299 1 -0.00101505 0.000170749
728.27 0.00331055 1 -0.00100048 0.00431103
728.71 0.000464567 1 -0.000985986 0.00145055
729.15 0.000617744 1 -0.000971581 0.00158932
729.59 0.000770091 1 -0.000957266 0.00172736
730.03 -0.00107839 1 -0.000943044 -0.000135343
730.48 7.57335e-05 1 -0.000928598 0.00100433
730.92 -0.00177439 1 -0.000914575 -0.000859818
731.36 0.00337467 1 -0.000900654 0.00427533
731.8 0.00152294 1 -0.00088684 0.00240978
732.24 0.00267041 1 -0.000873133 0.00354354
732.68 0.00181709 1 -0.000859539 0.00267663
733.12 -0.00203702 1 -0.000846058 -0.00119096
733.56 -0.000891899 1 -0.000832693 -5.92066e-05
734 0.00225245 1 -0.000819446 0.00307189
734.44 0.00239602 1 -0.00080632 0.00320234
734.89 0.00154208 1 -0.000793022 0.0023351
735.33 0.00268412 1 -0.000780145 0.00346426
735.77 0.00282541 1 -0.000767394 0.00359281
736.21 0.00396596 1 -0.00075477 0.00472073
736.65 -0.000894227 1 -0.000742276 -0.000151951
737.09 0.00524485 1 -0.000729911 0.00597476
737.53 0.0053832 1 -0.000717677 0.00610088
737.97 0.00252083 1 -0.000705576 0.00322641
738.41 0.00165775 1 -0.000693609 0.00235136
738.85 0.00479395 1 -0.000681775 0.00547573
739.29 0.00592945 1 -0.000670076 0.00659953
739.73 0.00306425 1 -0.000658514 0.00372277
740.17 0.00319836 1 -0.000647087 0.00384545
740.61 0.00233178 1 -0.000635796 0.00296758
741.05 0.00546452 1 -0.000624643 0.00608917
741.49 0.00259659 1 -0.000613627 0.00321021
741.93 0.00272798 1 -0.000602749 0.00333073
742.37 0.000858712 1 -0.000592008 0.00145072
742.81 0.00198878 1 -0.000581405 0.00257019
743.26 0.00412113 1 -0.000570704 0.00469184
743.7 0.00324989 1 -0.000560379 0.00381027
744.14 0.00337801 1 -0.000550191 0.0039282
744.58 0.00250549 1 -0.000540141 0.00304563
745.02 0.00563233 1 -0.000530228 0.00616256
745.46 0.00475856 1 -0.000520451 0.00527901
745.9 0.00388417 1 -0.000510809 0.00439497
746.34 0.00300916 1 -0.000501304 0.00351046
746.78 0.00513354 1 -0.000491933 0.00562548
747.22 0.00625733 1 -0.000482697 0.00674003
747.66 0.00638052 1 -0.000473595 0.00685411
748.1 0.00450312 1 -0.000464626 0.00496774
748.54 0.00162513 1 -0.000455789 0.00208092
748.98 0.000746564 1 -0.000447083 0.00119365
749.42 0.00486743 1 -0.000438508 0.00530593
749.86 0.00498772 1 -0.000430064 0.00541778
750.29 0.00410474 1 -0.000421935 0.00452667
750.73 0.000223928 1 -0.000413744 0.000637673
751.17 0.000342567 1 -0.000405681 0.000748248
751.61 0.000460662 1 -0.000397743 0.000858405
752.05 0.00457822 1 -0.000389931 0.00496815
752.49 0.00269524 1 -0.000382243 0.00307748
752.93 0.000811733 1 -0.000374677 0.00118641
753.37 0.000927706 1 -0.000367234 0.00129494
753.81 4.31618e-05 1 -0.000359911 0.000403073
754.25 0.00115811 1 -0.000352708 0.00151082
754.69 -0.000727452 1 -0.000345624 -0.000381828
755.13 0.00038649 1 -0.000338657 0.000725147
755.57 0.00449994 1 -0.000331806 0.00483174
756.01 0.0026129 1 -0.000325069 0.00293797
756.45 0.00272538 1 -0.000318447 0.00304382
756.89 0.00283738 1 -0.000311937 0.00314932
757.33 0.00494891 1 -0.000305538 0.00525445
757.77 0.00305998 1 -0.000299249 0.00335923
758.21 0.00317058 1 -0.000293069 0.00346365
758.64 0.00127824 1 -0.000287134 0.00156537
759.08 -0.00261205 1 -0.000281165 -0.00233088
759.52 0.00249723 1 -0.000275301 0.00277253
759.96 0.00360607 1 -0.000269541 0.00387561
760.4 0.00271447 1 -0.000263883 0.00297835
760.84 -0.000177548 1 -0.000258326 8.07777e-05
761.28 0.000930013 1 -0.000252869 0.00118288
761.72 0.00303716 1 -0.00024751 0.00328467
762.16 0.0051439 1 -0.000242249 0.00538615
762.6 0.00225024 1 -0.000237083 0.00248732
763.03 0.00235377 1 -0.000232127 0.0025859
763.47 -0.000540668 1 -0.000227147 -0.000313521
763.91 0.0015645 1 -0.000222259 0.00178676
764.35 0.0016693 1 -0.000217463 0.00188676
764.79 0.00177372 1 -0.000212756 0.00198647
765.23 -0.00112223 1 -0.000208137 -0.000914098
765.67 -0.00101855 1 -0.000203605 -0.000814942
766.11 -0.000915216 1 -0.000199158 -0.000716057
766.54 0.000185427 1 -0.000194895 0.000380322
766.98 0.000288069 1 -0.000190614 0.000478683
767.42 0.00139037 1 -0.000186416 0.00157679
767.86 0.000492337 1 -0.000182298 0.000674636
768.3 0.00159398 1 -0.00017826 0.00177224
768.74 0.00369529 1 -0.000174301 0.00386959
769.17 0.001794 1 -0.000170505 0.0019645
769.61 0.00289469 1 -0.000166697 0.00306139
770.05 0.00199508 1 -0.000162963 0.00215804
770.49 0.00309517 1 -0.000159303 0.00325447
770.93 0.00219496 1 -0.000155716 0.00235068
771.37 0.000294465 1 -0.0001522 0.000446665
771.8 0.00139143 1 -0.000148831 0.00154027
772.24 -0.000509615 1 -0.000145452 -0.000364163
772.68 -0.00141094 1 -0.000142141 -0.0012688
773.12 0.00268747 1 -0.000138897 0.00282637
773.56 0.000785626 1 -0.000135719 0.000921344
774 -0.000116478 1 -0.000132605 1.61267e-05
774.43 0.00197895 1 -0.000129623 0.00210858
774.87 0.00307636 1 -0.000126633 0.003203
775.31 0.00117353 1 -0.000123705 0.00129724
775.75 0.00127047 1 -0.000120837 0.00139131
776.19 -0.000632814 1 -0.000118029 -0.000514785
776.62 0.000461488 1 -0.00011534 0.000576828
777.06 0.00155777 1 -0.000112646 0.00167042
777.5 0.000653842 1 -0.000110008 0.00076385
777.94 -0.00125029 1 -0.000107425 -0.00114286
778.37 -0.00115679 1 -0.000104953 -0.00105184
778.81 0.00193869 1 -0.000102477 0.00204117
779.25 0.00103399 1 -0.000100053 0.00113404
779.69 0.0011291 1 -9.76803e-05 0.00122678
780.13 0.00122404 1 -9.53582e-05 0.0013194
780.56 -0.000683343 1 -9.31368e-05 -0.000590206
781 0.00141127 1 -9.0912e-05 0.00150218
781.44 0.00350572 1 -8.87349e-05 0.00359445
781.88 0.00260001 1 -8.66048e-05 0.00268662
782.31 0.000692026 1 -8.45676e-05 0.000776594
782.75 -0.00221396 1 -8.25278e-05 -0.00213143
783.19 0.00187991 1 -8.05323e-05 0.00196045
783.63 -0.00102634 1 -7.85804e-05 -0.000947758
784.06 6.51566e-05 1 -7.67142e-05 0.000141871
784.5 0.00215866 1 -7.4846e-05 0.00223351
784.94 -0.000747945 1 -7.3019e-05 -0.000674926
785.37 0.00134322 1 -7.12725e-05 0.00141449
785.81 0.00343641 1 -6.95245e-05 0.00350593
786.25 -0.0014705 1 -6.78154e-05 -0.00140269
786.69 -0.00137751 1 -6.61444e-05 -0.00131136
787.12 0.000713298 1 -6.45474e-05 0.000777846
787.56 0.00180613 1 -6.29496e-05 0.00186908
788 0.0018989 1 -6.13876e-05 0.00196029
788.43 0.00498949 1 -5.98952e-05 0.00504938
788.87 8.21219e-05 1 -5.84022e-05 0.000140524
789.31 0.0011747 1 -5.6943e-05 0.00123164
789.75 0.000267227 1 -5.55171e-05 0.000322744
790.18 -0.000642393 1 -5.41549e-05 -0.000588238
790.62 0.00145005 1 -5.27926e-05 0.00150284
791.06 -0.00045754 1 -5.14616e-05 -0.000406079
791.49 -0.000367259 1 -5.01903e-05 -0.000317068
791.93 -0.0022749 1 -4.89192e-05 -0.00222598
792.37 -0.000182558 1 -4.76774e-05 -0.00013488
792.8 -0.00309233 1 -4.64917e-05 -0.00304583
793.24 0 1 -4.53062e-05 4.53062e-05
793.68 9.23252e-05 1 -4.41485e-05 0.000136474
794.11 0.00118256 1 -4.30431e-05 0.0012256
794.55 0.0022749 1 -4.19383e-05 0.00231684
794.99 0.000367259 1 -4.08594e-05 0.000408118
795.42 0.00345754 1 -3.98296e-05 0.00349737
795.86 0.00454995 1 -3.88005e-05 0.00458875
796.3 -0.00335761 1 -3.77958e-05 -0.00331981
796.73 0.00273277 1 -3.68369e-05 0.00276961
797.17 0.0008253 1 -3.58788e-05 0.000861179
797.61 -0.00308212 1 -3.49436e-05 -0.00304718
798.04 -0.00199159 1 -3.40513e-05 -0.00195754
798.48 -0.000898898 1 -3.31599e-05 -0.000865738
798.91 0.00219176 1 -3.23095e-05 0.00222407
799.35 0.000284591 1 -3.146e-05 0.000316051
799.79 0.00237751 1 -3.06311e-05 0.00240814
800.22 0.00146839 1 -2.98405e-05 0.00149823
800.66 -0.000438523 1 -2.90509e-05 -0.000409472
801.1 0.00065466 1 -2.82805e-05 0.00068294
