500.34 0.00125618 1 3.7147e-09 0.00125618
500.8 0.00265182 1 4.17578e-09 0.00265182
501.25 0.00103886 1 4.6802e-09 0.00103886
501.71 -0.000565479 1 5.25662e-09 -0.000565484
502.17 0.000830185 1 5.90149e-09 0.000830179
502.62 0.00121725 1 6.60606e-09 0.00121725
503.08 0.00161293 1 7.41013e-09 0.00161292
503.53 0 1 8.28789e-09 -8.28789e-09
503.99 0.000395675 1 9.28873e-09 0.000395666
504.44 -0.00121725 1 1.03803e-08 -0.00121726
504.9 0.000178417 1 1.16239e-08 0.000178405
505.36 -0.00042592 1 1.30109e-08 -0.000425933
505.81 0.000961135 1 1.45216e-08 0.000961121
506.27 0.000356781 1 1.62405e-08 0.000356765
506.72 -0.000256184 1 1.81111e-08 -0.000256202
507.18 -0.000860563 1 2.02375e-08 -0.000860583
507.63 -0.00247356 1 2.25496e-08 -0.00247358
508.09 -7.79679e-05 1 2.51756e-08 -7.79931e-05
508.54 -0.003691 1 2.80285e-08 -0.00369103
509 0.000704551 1 3.12659e-08 0.00070452
509.45 -0.000908522 1 3.47798e-08 -0.000908556
509.91 -0.00151302 1 3.87638e-08 -0.00151306
510.36 -0.00112614 1 4.30844e-08 -0.00112619
510.82 -0.0017307 1 4.79787e-08 -0.00173075
511.27 -0.00134388 1 5.32818e-08 -0.00134393
511.73 -0.0019485 1 5.92838e-08 -0.00194856
512.19 -0.00455315 1 6.59334e-08 -0.00455322
512.64 -0.00216643 1 7.31291e-08 -0.00216651
513.1 -0.00177116 1 8.12622e-08 -0.00177124
513.55 -0.00138452 1 9.00555e-08 -0.00138461
514.01 -0.00298933 1 9.99857e-08 -0.00298943
514.46 -0.00160277 1 1.10712e-07 -0.00160289
514.92 -0.00220767 1 1.22815e-07 -0.0022078
515.37 -0.00482121 1 1.35878e-07 -0.00482135
515.83 -0.00242621 1 1.50603e-07 -0.00242636
516.28 -0.00603984 1 1.66482e-07 -0.00604001
516.73 -0.00565353 1 1.83959e-07 -0.00565371
517.19 -0.00525869 1 2.03634e-07 -0.00525889
517.64 -0.00587249 1 2.24823e-07 -0.00587271
518.1 -0.00547776 1 2.48657e-07 -0.00547801
518.55 -0.00709168 1 2.74302e-07 -0.00709195
519.01 -0.00469707 1 3.03122e-07 -0.00469738
519.46 -0.00731111 1 3.34104e-07 -0.00731145
519.92 -0.00491665 1 3.68893e-07 -0.00491701
520.37 -0.00453082 1 4.06258e-07 -0.00453123
520.83 -0.00613649 1 4.48176e-07 -0.00613694
521.28 -0.0047508 1 4.9316e-07 -0.0047513
521.74 -0.00435662 1 5.4358e-07 -0.00435717
522.19 -0.00497108 1 5.97639e-07 -0.00497168
522.65 -0.00857706 1 6.58179e-07 -0.00857772
523.1 -0.00619167 1 7.23031e-07 -0.0061924
523.55 -0.00480637 1 7.93944e-07 -0.00480717
524.01 -0.00241259 1 8.73254e-07 -0.00241346
524.46 -0.00502745 1 9.581e-07 -0.00502841
524.92 -0.00663385 1 1.05291e-06 -0.0066349
525.37 -0.00624889 1 1.15424e-06 -0.00625004
525.83 -0.00785546 1 1.26738e-06 -0.00785673
526.28 -0.00747068 1 1.38819e-06 -0.00747207
526.73 -0.00308599 1 1.5199e-06 -0.00308751
527.19 -0.00369285 1 1.66675e-06 -0.00369452
527.64 -0.00530836 1 1.82336e-06 -0.00531018
528.1 -0.00591542 1 1.99781e-06 -0.00591742
528.55 -0.00353112 1 2.1837e-06 -0.00353331
529.01 -0.00513839 1 2.39059e-06 -0.00514078
529.46 -0.0047543 1 2.61085e-06 -0.00475692
529.91 -0.00637032 1 2.85022e-06 -0.00637317
530.37 -0.00597792 1 3.11627e-06 -0.00598103
530.82 -0.00859415 1 3.39914e-06 -0.00859755
531.28 -0.00720198 1 3.71327e-06 -0.00720569
531.73 -0.00581844 1 4.04694e-06 -0.00582249
532.18 -0.00743502 1 4.40877e-06 -0.00743943
532.64 -0.0040432 1 4.81005e-06 -0.00404801
533.09 -0.00866001 1 5.23574e-06 -0.00866525
533.54 -0.00627695 1 5.69675e-06 -0.00628264
534 -0.0068855 1 6.20733e-06 -0.0068917
534.45 -0.00450268 1 6.74824e-06 -0.00450943
534.91 -0.00511149 1 7.34678e-06 -0.00511884
535.36 -0.00672893 1 7.98032e-06 -0.00673691
535.81 -0.0053465 1 8.6649e-06 -0.00535516
536.27 -0.00795571 1 9.42141e-06 -0.00796513
536.72 -0.00357354 1 1.02211e-05 -0.00358376
537.17 -0.00719152 1 1.1084e-05 -0.0072026
537.63 -0.00480114 1 1.20364e-05 -0.00481318
538.08 -0.00741939 1 1.30417e-05 -0.00743243
538.54 -0.0040293 1 1.41501e-05 -0.00404345
538.99 -0.00464784 1 1.53192e-05 -0.00466316
539.44 -0.00526652 1 1.65779e-05 -0.0052831
539.9 -0.00387688 1 1.7964e-05 -0.00389484
540.35 -0.00749586 1 1.94239e-05 -0.00751528
540.8 -0.00811499 1 2.09937e-05 -0.00813598
541.26 -0.00672581 1 2.27199e-05 -0.00674853
541.71 -0.00634525 1 2.45356e-05 -0.00636978
542.16 -0.00696484 1 2.64855e-05 -0.00699132
542.62 -0.00657614 1 2.86267e-05 -0.00660477
543.07 -0.00619605 1 3.08758e-05 -0.00622693
543.52 -0.00681612 1 3.3288e-05 -0.00684941
543.98 -0.00242792 1 3.59332e-05 -0.00246385
544.43 -0.00704832 1 3.87081e-05 -0.00708703
544.88 -0.00666889 1 4.168e-05 -0.00671057
545.34 -0.00728121 1 4.49347e-05 -0.00732614
545.79 -0.00690212 1 4.83443e-05 -0.00695046
546.24 -0.0065232 1 5.1991e-05 -0.00657519
546.69 -0.00314446 1 5.58898e-05 -0.00320035
547.15 -0.00875748 1 6.01518e-05 -0.00881763
547.6 -0.0033791 1 6.46086e-05 -0.0034437
548.05 -0.00400089 1 6.93668e-05 -0.00407026
548.51 -0.00761447 1 7.45613e-05 -0.00768903
548.96 -0.00523663 1 7.99857e-05 -0.00531661
549.41 -0.00285897 1 8.57693e-05 -0.00294474
549.86 -0.00648151 1 9.1933e-05 -0.00657344
550.32 -0.00709585 1 9.86497e-05 -0.0071945
550.77 -0.00271876 1 0.000105651 -0.00282441
551.22 -0.00234187 1 0.000113102 -0.00245497
551.68 -0.0049568 1 0.00012121 -0.00507801
552.13 -0.00458031 1 0.00012965 -0.00470996
552.58 -0.00720401 1 0.000138621 -0.00734263
553.03 -0.00382791 1 0.000148151 -0.00397606
553.49 -0.00344366 1 0.000158502 -0.00360216
553.94 -0.00306796 1 0.000169258 -0.00323722
554.39 -0.00469248 1 0.000180668 -0.00487315
554.84 -0.0023172 1 0.000192768 -0.00250997
555.3 -0.00393379 1 0.000205887 -0.00413968
555.75 -0.00255894 1 0.000219492 -0.00277843
556.2 -0.0061843 1 0.0002339 -0.0064182
556.65 -0.00580987 1 0.000249151 -0.00605902
557.11 -0.00242734 1 0.000265655 -0.002693
557.56 -0.00405335 1 0.00028274 -0.00433609
558.01 -0.00267958 1 0.000300799 -0.00298038
558.46 -0.00130603 1 0.000319879 -0.00162591
558.92 -0.00492441 1 0.000340489 -0.0052649
559.37 -0.00355132 1 0.000361785 -0.0039131
559.82 -0.00217845 1 0.000384253 -0.0025627
560.27 -0.00180581 1 0.000407949 -0.00221376
560.72 -0.0024334 1 0.000432926 -0.00286633
561.18 -0.00305296 1 0.000459844 -0.0035128
561.63 -0.000681023 1 0.000487591 -0.00116861
562.08 -0.00430932 1 0.000516799 -0.00482612
562.53 6.21376e-05 1 0.000547531 -0.000485393
562.99 -0.00255839 1 0.000580587 -0.00313898
563.44 -0.00018742 1 0.000614597 -0.000802017
563.89 -0.00381669 1 0.000650331 -0.00446702
564.34 -0.0014462 1 0.000687859 -0.00213406
564.79 -0.00107597 1 0.000727251 -0.00180322
565.25 -0.00369776 1 0.000769523 -0.00446728
565.7 -0.00332803 1 0.000812912 -0.00414094
566.15 -0.000958549 1 0.000858394 -0.00181694
566.6 -0.000589325 1 0.000906045 -0.00149537
567.05 -0.000220357 1 0.000955946 -0.0011763
567.5 -0.000851648 1 0.00100818 -0.00185983
567.96 -0.00247501 1 0.00106407 -0.00353908
568.41 -0.00110683 1 0.00112127 -0.00222811
568.86 0.000261085 1 0.00118106 -0.000919979
569.31 0.000628737 1 0.00124353 -0.000614792
569.76 -0.00200388 1 0.00130876 -0.00331264
570.21 -0.00163676 1 0.00137684 -0.0030136
570.67 -0.000261772 1 0.00144947 -0.00171124
571.12 0.000104792 1 0.0015236 -0.00141881
571.57 -0.00252892 1 0.00160085 -0.00412977
572.02 -0.00116291 1 0.00168133 -0.00284424
572.47 0.00120283 1 0.00176512 -0.000562295
572.92 0.00156828 1 0.00185233 -0.000284046
573.37 0.000933453 1 0.00194304 -0.00100958
573.83 -0.000693554 1 0.00203948 -0.00273304
574.28 0.00267104 1 0.00213757 0.000533471
574.73 0.00103535 1 0.00223945 -0.0012041
575.18 0.00139937 1 0.00234521 -0.000945848
575.63 0.00176309 1 0.00245496 -0.000691867
576.08 -0.000873475 1 0.00256878 -0.00344225
576.53 0.00148966 1 0.00268676 -0.0011971
576.98 0.000852504 1 0.00280901 -0.0019565
577.44 -0.0017769 1 0.00293846 -0.00471537
577.89 0.00258533 1 0.00306959 -0.00048426
578.34 0.000947266 1 0.00320525 -0.00225798
578.79 0.000308894 1 0.00334552 -0.00303663
579.24 0.00367022 1 0.00349049 0.00017973
579.69 0.00203123 1 0.00364023 -0.001609
580.14 0.00139193 1 0.00379483 -0.00240289
580.59 -0.000247673 1 0.00395436 -0.00420203
581.04 0.00411241 1 0.00411889 -6.48331e-06
581.49 0.00347217 1 0.0042885 -0.000816327
581.95 0.0048396 1 0.00446719 0.000372415
582.4 0.00319872 1 0.00464725 -0.00144853
582.85 0.00355752 1 0.00483258 -0.00127506
583.3 0.003916 1 0.00502322 -0.00110722
583.75 0.00227415 1 0.00521923 -0.00294507
584.2 0.00563198 1 0.00542064 0.000211338
584.65 0.00598948 1 0.0056275 0.000361974
585.1 0.00534665 1 0.00583985 -0.000493201
585.55 0.00570348 1 0.0060577 -0.000354218
586 0.00605998 1 0.00628109 -0.000221101
586.45 0.00441615 1 0.00651002 -0.00209387
586.9 0.00877198 1 0.00674452 0.00202747
587.35 0.00912747 1 0.00698457 0.0021429
587.8 0.00748262 1 0.00723019 0.000252438
588.25 0.00783743 1 0.00748135 0.000356082
588.71 0.00819977 1 0.00774381 0.000455957
589.16 0.00855388 1 0.00800613 0.000547745
589.61 0.0109076 1 0.00827392 0.00263371
590.06 0.00926105 1 0.00854715 0.000713901
590.51 0.0106141 1 0.00882575 0.00178836
590.96 0.00996681 1 0.00910968 0.000857133
591.41 0.00731916 1 0.00939886 -0.0020797
591.86 0.0116712 1 0.00969323 0.00197792
592.31 0.0110228 1 0.0099927 0.00103008
592.76 0.0123741 1 0.0102972 0.00207687
593.21 0.011725 1 0.0106066 0.00111839
593.66 0.0130755 1 0.0109208 0.00215475
594.11 0.0134257 1 0.0112396 0.00218606
594.56 0.0107755 1 0.011563 -0.000787553
595.01 0.0141249 1 0.0118909 0.00223405
595.46 0.012474 1 0.012223 0.000251009
595.91 0.0138227 1 0.0125592 0.00126348
596.36 0.015171 1 0.0128994 0.00227162
596.81 0.0135189 1 0.0132433 0.000275603
597.26 0.0148665 1 0.0135909 0.00127561
597.71 0.0142137 1 0.0139419 0.000271822
598.16 0.0155605 1 0.014296 0.00126444
598.61 0.0159069 1 0.0146532 0.00125367
599.06 0.0172529 1 0.0150132 0.00223972
599.51 0.0185985 1 0.0153757 0.00322282
599.96 0.0179438 1 0.0157406 0.00220318
600.41 0.0182886 1 0.0161076 0.00218105
600.86 0.0196331 1 0.0164764 0.00315667
601.31 0.0189772 1 0.0168469 0.00213028
601.76 0.0193208 1 0.0172187 0.00210213
602.21 0.0196641 1 0.0175916 0.0020725
602.65 0.0209993 1 0.017957 0.00304234
603.1 0.0223418 1 0.0183313 0.00401053
603.55 0.0216839 1 0.0187058 0.00297804
604 0.0210255 1 0.0190804 0.00194513
604.45 0.0213668 1 0.0194547 0.00191208
604.9 0.0207076 1 0.0198284 0.000879178
605.35 0.022048 1 0.0202013 0.0018467
605.8 0.0223881 1 0.0205731 0.00181494
606.25 0.0237276 1 0.0209435 0.00278417
606.7 0.0220668 1 0.0213121 0.000754685
607.15 0.0224056 1 0.0216788 0.000726755
607.6 0.0217439 1 0.0220433 -0.000299337
608.05 0.0220818 1 0.0224051 -0.000323314
608.5 0.0244193 1 0.0227642 0.00165509
608.95 0.0217564 1 0.0231202 -0.00136384
609.39 0.0250855 1 0.0234651 0.00162045
609.84 0.0224218 1 0.0238142 -0.00139248
610.29 0.0247575 1 0.0241595 0.000597995
610.74 0.0250929 1 0.0245008 0.000592114
611.19 0.0224278 1 0.0248377 -0.0024099
611.64 0.0237623 1 0.0251701 -0.00140782
612.09 0.0250963 1 0.0254977 -0.000401445
612.54 0.0234299 1 0.0258205 -0.00239059
612.99 0.026763 1 0.0261381 0.000624927
613.44 0.0250957 1 0.0264505 -0.00135473
613.88 0.0274206 1 0.0267506 0.000669961
614.33 0.0267524 1 0.0270522 -0.000299743
614.78 0.0240838 1 0.027348 -0.00326424
615.23 0.0274147 1 0.0276381 -0.000223431
615.68 0.0267451 1 0.0279224 -0.00117725
616.13 0.0280751 1 0.0282008 -0.000125641
616.58 0.0274047 1 0.0284733 -0.00106858
617.03 0.0277338 1 0.0287398 -0.00100605
617.47 0.0300551 1 0.0289947 0.00106036
617.92 0.0283833 1 0.0292496 -0.000866372
618.37 0.026711 1 0.0294987 -0.00278776
618.82 0.0280382 1 0.0297421 -0.00170389
619.27 0.028365 1 0.0299799 -0.00161489
619.72 0.0266913 1 0.0302122 -0.00352089
620.17 0.0280171 1 0.0304392 -0.00242206
620.61 0.0273352 1 0.0306562 -0.00332095
621.06 0.0306601 1 0.0308733 -0.00021318
621.51 0.0289845 1 0.0310858 -0.00210125
621.96 0.0263084 1 0.0312939 -0.00498545
622.41 0.0296319 1 0.031498 -0.00186607
622.86 0.0309548 1 0.0316983 -0.000743458
623.3 0.0312702 1 0.0318909 -0.000620785
623.75 0.0295922 1 0.032085 -0.00249286
624.2 0.0299137 1 0.0322765 -0.00236285
624.65 0.0292347 1 0.0324659 -0.00323119
625.1 0.0315552 1 0.0326536 -0.00109835
625.54 0.0328681 1 0.0328359 3.22049e-05
625.99 0.0311877 1 0.0330218 -0.00183408
626.44 0.0325067 1 0.0332074 -0.00070069
626.89 0.0318253 1 0.0333935 -0.00156818
627.34 0.0351433 1 0.0335804 0.00156288
627.78 0.0334538 1 0.0337647 -0.000310933
628.23 0.0317709 1 0.0339553 -0.00218446
628.68 0.0340874 1 0.0341486 -6.12089e-05
629.13 0.0344034 1 0.0343452 5.82072e-05
629.58 0.033719 1 0.0345458 -0.000826837
630.02 0.035027 1 0.0347463 0.000280647
630.47 0.0333415 1 0.0349566 -0.00161507
630.92 0.0346555 1 0.0351726 -0.000517132
631.37 0.0349689 1 0.0353951 -0.000426153
631.81 0.0352749 1 0.0356195 -0.000344522
632.26 0.0355874 1 0.0358565 -0.000269127
632.71 0.0358993 1 0.0361018 -0.000202505
633.16 0.0352107 1 0.0363559 -0.00114524
633.61 0.0355216 1 0.0366194 -0.00109788
634.05 0.036825 1 0.0368867 -6.16731e-05
634.5 0.0381348 1 0.0371703 0.00096453
634.95 0.0374441 1 0.0374648 -2.06883e-05
635.4 0.0387529 1 0.0377706 0.000982227
635.84 0.0410542 1 0.038081 0.00297322
636.29 0.0393619 1 0.0384104 0.000951507
636.74 0.0406691 1 0.0387522 0.00191685
637.18 0.0409689 1 0.0390987 0.00187018
637.63 0.0412749 1 0.0394658 0.00180916
638.08 0.0395805 1 0.0398459 -0.000265462
638.53 0.0408854 1 0.0402392 0.000646199
638.97 0.0421831 1 0.0406366 0.00154652
639.42 0.042487 1 0.041056 0.00143097
639.87 0.0437903 1 0.0414886 0.00230175
640.32 0.0420931 1 0.0419341 0.000159009
640.76 0.0463887 1 0.0423821 0.00400657
641.21 0.0456903 1 0.0428525 0.00283779
641.66 0.0459915 1 0.0433351 0.00265635
642.1 0.0482853 1 0.0438182 0.00446711
642.55 0.0465854 1 0.0443234 0.00226199
643 0.0468848 1 0.0448391 0.00204572
643.44 0.049177 1 0.0453529 0.00382412
643.89 0.0494754 1 0.0458875 0.00358784
644.34 0.0477731 1 0.0464305 0.00134263
644.79 0.0480703 1 0.0469809 0.00108936
645.23 0.0493603 1 0.0475255 0.00183486
645.68 0.0486564 1 0.0480878 0.000568568
646.13 0.0499518 1 0.0486545 0.0012973
646.57 0.0502401 1 0.0492118 0.00102838
647.02 0.0495345 1 0.0497837 -0.000249221
647.47 0.0548282 1 0.0503563 0.00447188
647.91 0.0531148 1 0.0509156 0.00219922
648.36 0.0524074 1 0.0514856 0.000921776
648.81 0.0546994 1 0.0520522 0.00264722
649.25 0.0539843 1 0.0526013 0.00138299
649.7 0.0512751 1 0.0531565 -0.00188141
650.15 0.0545653 1 0.0537037 0.000861654
650.59 0.0538485 1 0.0542293 -0.000380817
651.04 0.0521375 1 0.0547558 -0.00261825
651.48 0.0564196 1 0.0552581 0.00116148
651.93 0.0547074 1 0.0557574 -0.00105002
652.38 0.0549947 1 0.0562406 -0.00124595
652.82 0.0562749 1 0.0566958 -0.000420873
653.27 0.057561 1 0.0571421 0.000418873
653.72 0.0568464 1 0.0575673 -0.000720906
654.16 0.0571249 1 0.0579611 -0.000836239
654.61 0.0594091 1 0.0583399 0.00106918
655.06 0.0586927 1 0.058693 -2.26377e-07
655.5 0.0559694 1 0.0590118 -0.00304232
655.95 0.0542518 1 0.0593094 -0.00505757
656.39 0.0495273 1 0.0595713 -0.010044
656.84 0.0548085 1 0.0598082 -0.00499965
657.29 0.061089 1 0.0600123 0.00107674
657.73 0.0563627 1 0.0601792 -0.00381643
658.18 0.057642 1 0.0603152 -0.00267321
658.62 0.0579145 1 0.0604135 -0.002499
659.07 0.0571926 1 0.0604775 -0.00328495
659.52 0.05847 1 0.0605038 -0.00203379
659.96 0.0587406 1 0.0604922 -0.00175161
660.41 0.0600168 1 0.0604417 -0.00042495
660.85 0.0562862 1 0.060354 -0.00406782
661.3 0.0565611 1 0.0602247 -0.00366356
661.74 0.0578293 1 0.0600591 -0.00222983
662.19 0.0571029 1 0.0598496 -0.00274672
662.64 0.0573759 1 0.0595994 -0.00222354
663.08 0.0576422 1 0.0593154 -0.00167326
663.53 0.0569139 1 0.0589849 -0.002071
663.97 0.0561789 1 0.0586227 -0.00244375
664.42 0.0564493 1 0.0582127 -0.00176337
664.86 0.0597131 1 0.0577736 0.00193946
665.31 0.0559822 1 0.0572861 -0.00130387
665.75 0.0572447 1 0.0567724 0.000472344
666.2 0.0575125 1 0.0562099 0.00130261
666.65 0.0567797 1 0.0556108 0.00116881
667.09 0.0550402 1 0.0549907 4.95644e-05
667.54 0.0563061 1 0.0543222 0.00198383
667.98 0.0555654 1 0.0536364 0.00192897
668.43 0.0538299 1 0.0529032 0.000926714
668.87 0.0540879 1 0.0521564 0.00193144
669.32 0.052351 1 0.0513636 0.000987435
669.76 0.0516077 1 0.0505614 0.00104636
670.21 0.0508696 1 0.0497148 0.00115483
670.65 0.050125 1 0.0488629 0.00126206
671.1 0.0533855 1 0.0479687 0.00541677
671.54 0.0496395 1 0.0470735 0.00256602
671.99 0.0468987 1 0.0461383 0.00076037
672.43 0.0461514 1 0.0452064 0.000945057
672.88 0.0474092 1 0.044237 0.00317219
673.32 0.0476606 1 0.0432751 0.00438551
673.77 0.0439171 1 0.0422787 0.00163841
674.21 0.0441671 1 0.0412937 0.00287347
674.66 0.0434222 1 0.0402771 0.00314507
675.1 0.0406709 1 0.039276 0.00139498
675.55 0.0389246 1 0.0382464 0.000678264
675.99 0.040172 1 0.0372358 0.00293621
676.44 0.0394243 1 0.0362 0.00322429
676.88 0.0406703 1 0.0351867 0.00548365
677.33 0.0359212 1 0.0341513 0.00176989
677.77 0.0351659 1 0.0331416 0.0020243
678.22 0.0344154 1 0.032113 0.00230235
678.66 0.0326587 1 0.0311129 0.00154579
679.11 0.0319068 1 0.0300971 0.00180969
679.55 0.0321487 1 0.0291121 0.00303653
679.99 0.0283899 1 0.0281366 0.000253237
680.44 0.0296359 1 0.02715 0.00248585
680.88 0.0278757 1 0.0261973 0.00167842
681.33 0.0251203 1 0.0252362 -0.00011597
681.77 0.0233587 1 0.0243106 -0.000951938
682.22 0.0256018 1 0.0233794 0.00222243
682.66 0.0228388 1 0.0224848 0.000354052
683.11 0.0220805 1 0.021587 0.00049351
683.55 0.0203161 1 0.0207267 -0.000410594
683.99 0.0205511 1 0.0198845 0.000666589
684.44 0.0167906 1 0.0190423 -0.00225173
684.88 0.0170241 1 0.0182383 -0.00121418
685.33 0.0162621 1 0.0174362 -0.00117409
685.77 0.0154942 1 0.0166723 -0.00117809
686.21 0.0127256 1 0.0159287 -0.00320319
686.66 0.0149614 1 0.0151897 -0.000228233
687.1 0.0121914 1 0.0144881 -0.00229678
687.55 0.0104258 1 0.0137924 -0.00336665
687.99 0.0126542 1 0.0131335 -0.000479297
688.44 0.0108871 1 0.0124816 -0.00159442
688.88 0.0111142 1 0.0118655 -0.000751347
689.32 0.0133405 1 0.0112706 0.00206989
689.77 0.00757116 1 0.0106838 -0.00311267
690.21 0.00779599 1 0.0101312 -0.00233523
690.65 0.0080201 1 0.00959926 -0.00157916
691.1 0.00724855 1 0.00907634 -0.00182779
691.54 0.00547118 1 0.00858542 -0.00311424
691.99 0.00569812 1 0.00810387 -0.00240575
692.43 0.00391927 1 0.00765275 -0.00373348
692.87 0.00413969 1 0.00722078 -0.00308109
693.32 0.00236436 1 0.00679838 -0.00443402
693.76 0.00458329 1 0.00640392 -0.00182063
694.2 0.00380147 1 0.00602735 -0.00222588
694.65 0.00302385 1 0.00566029 -0.00263643
695.09 0.00424054 1 0.00531855 -0.00107801
695.53 0.00345648 1 0.00499331 -0.00153683
695.98 0.00167656 1 0.00467725 -0.00300069
696.42 0.00289099 1 0.00438389 -0.0014929
696.86 0.00210467 1 0.00410554 -0.00200087
697.31 -0.00167757 1 0.00383585 -0.00551343
697.75 -0.000465415 1 0.0035863 -0.00405171
698.19 -0.00125401 1 0.00335021 -0.00460422
698.64 0.00096141 1 0.00312215 -0.00216074
699.08 -0.000828721 1 0.00291175 -0.00374047
699.52 -0.00161961 1 0.00271328 -0.00433289
699.97 -0.00040654 1 0.00252213 -0.00292867
700.41 0.000801025 1 0.0023463 -0.00154527
700.85 -0.000992175 1 0.00218093 -0.0031731
701.3 -0.00178147 1 0.00202212 -0.00380359
701.74 -0.000576224 1 0.00187646 -0.00245268
702.18 -0.00137175 1 0.00173986 -0.00311161
702.63 -0.00216343 1 0.00160906 -0.00377249
703.07 -0.00296052 1 0.00148945 -0.00444996
703.51 -0.000758382 1 0.00137759 -0.00213597
703.96 0.000447542 1 0.00127079 -0.000823244
704.4 -0.0023519 1 0.0011734 -0.00352529
704.84 -0.00315212 1 0.00108258 -0.0042347
705.28 -0.00295312 1 0.000997972 -0.0039511
705.73 -0.000750417 1 0.000917498 -0.00166791
706.17 -0.00055301 1 0.00084439 -0.0013974
706.61 -0.00135639 1 0.000776472 -0.00213286
707.06 -0.00215612 1 0.000712055 -0.00286818
707.5 -0.0029611 1 0.000653699 -0.0036148
707.94 -0.00276687 1 0.000599635 -0.00336651
708.38 -0.00457344 1 0.000549595 -0.00512304
708.83 -0.000376438 1 0.00050231 -0.000878748
709.27 -0.00218462 1 0.000459633 -0.00264425
709.71 -0.0029936 1 0.000420241 -0.00341384
710.15 -0.000803384 1 0.000383913 -0.0011873
710.6 -0.00260968 1 0.000349712 -0.00295939
711.04 -0.00342109 1 0.000318957 -0.00374004
711.48 -0.0022333 1 0.000290672 -0.00252398
711.92 -0.00204633 1 0.000264682 -0.00231101
712.37 -0.00485594 1 0.000240303 -0.00509625
712.81 0.000329389 1 0.00021846 0.000110929
713.25 -0.00348609 1 0.000198444 -0.00368454
713.69 -0.00230239 1 0.000180117 -0.0024825
714.13 -0.000119501 1 0.000163352 -0.000282853
714.58 -0.00193331 1 0.000147697 -0.002081
715.02 -0.00275208 1 0.000133734 -0.00288581
715.46 -0.00357167 1 0.000120995 -0.00369267
715.9 -0.00339209 1 0.000109382 -0.00350147
716.35 -0.00520928 1 9.85774e-05 -0.00530786
716.79 -0.00103137 1 8.89744e-05 -0.00112035
717.23 -0.00285429 1 8.02439e-05 -0.00293454
717.67 -0.000678043 1 7.23134e-05 -0.000750356
718.11 -0.000502626 1 6.51158e-05 -0.000567742
718.56 -0.00332409 1 5.84481e-05 -0.00338253
719 -0.00315036 1 5.2548e-05 -0.00320291
719.44 -0.00197747 1 4.7207e-05 -0.00202468
719.88 -0.00180542 1 4.23763e-05 -0.0018478
720.32 -0.00363421 1 3.80108e-05 -0.00367223
720.76 -0.00046385 1 3.40691e-05 -0.000497919
721.21 -0.00129049 1 3.04363e-05 -0.00132092
721.65 -0.00212183 1 2.72384e-05 -0.00214907
722.09 -0.00195403 1 2.43581e-05 -0.00197838
722.53 -0.000787071 1 2.17662e-05 -0.000808837
722.97 0.000379034 1 1.94356e-05 0.000359598
723.41 -0.00245572 1 1.73418e-05 -0.00247306
723.86 0.000712407 1 1.54218e-05 0.000696986
724.3 -0.00112407 1 1.37401e-05 -0.00113781
724.74 0.00103859 1 1.22329e-05 0.00102636
725.18 -0.00179961 1 1.08832e-05 -0.00181049
725.62 -0.000638672 1 9.67562e-06 -0.000648347
726.06 -0.000478596 1 8.59592e-06 -0.000487192
726.5 -0.00331939 1 7.63138e-06 -0.00332702
726.95 -0.00315745 1 6.75193e-06 -0.00316421
727.39 0 1 5.98596e-06 -5.98596e-06
727.83 -0.000843415 1 5.30329e-06 -0.000848718
728.27 -0.00268769 1 4.69533e-06 -0.00269239
728.71 -0.000532833 1 4.15431e-06 -0.000536987
729.15 0.000621176 1 3.67323e-06 0.000617502
729.59 -0.000225663 1 3.24577e-06 -0.000228909
730.03 -0.00107334 1 2.86623e-06 -0.00107621
730.48 0.00208157 1 2.52229e-06 0.00207905
730.92 -0.00176779 1 2.22455e-06 -0.00177002
731.36 0.000382021 1 1.96077e-06 0.00038006
731.8 0.00153101 1 1.72725e-06 0.00152929
732.24 0.0046792 1 1.52064e-06 0.00467767
732.68 0.00082657 1 1.33799e-06 0.000825232
733.12 0.00197314 1 1.17662e-06 0.00197197
733.56 0.000118924 1 1.03414e-06 0.00011789
734 0.000263915 1 9.08437e-07 0.000263006
734.44 0.00240812 1 7.97597e-07 0.00240732
734.89 0.000554803 1 6.97849e-07 0.000554105
735.33 0.000697444 1 6.12087e-07 0.000696832
735.77 0.00583932 1 5.36611e-07 0.00583878
736.21 0.00198044 1 4.70226e-07 0.00197996
736.65 0.000120797 1 4.11873e-07 0.000120385
737.09 0.00326041 1 3.60607e-07 0.00326005
737.53 0.00239928 1 3.15595e-07 0.00239897
737.97 0.00153742 1 2.76093e-07 0.00153714
738.41 0.00367482 1 2.41447e-07 0.00367458
738.85 0.0048115 1 2.11074e-07 0.00481129
739.29 0.00394746 1 1.84461e-07 0.00394728
739.73 0.00308271 1 1.61153e-07 0.00308255
740.17 0.00321725 1 1.4075e-07 0.00321711
740.61 0.00235109 1 1.22897e-07 0.00235096
741.05 0.00448423 1 1.07281e-07 0.00448412
741.49 0.00361668 1 9.36289e-08 0.00361659
741.93 0.00274845 1 8.16971e-08 0.00274837
742.37 -0.000120462 1 7.12729e-08 -0.000120533
742.81 0.00300996 1 6.21689e-08 0.00300989
743.26 0.00414265 1 5.40519e-08 0.00414259
743.7 0.00327172 1 4.71356e-08 0.00327168
744.14 0.00340014 1 4.11005e-08 0.0034001
744.58 0.00152791 1 3.58356e-08 0.00152788
745.02 0.00465504 1 3.12437e-08 0.00465501
745.46 0.00478153 1 2.72395e-08 0.0047815
745.9 0.00090739 1 2.37484e-08 0.000907366
746.34 0.00203262 1 2.0705e-08 0.0020326
746.78 0.00115724 1 1.80524e-08 0.00115722
747.22 0.00428123 1 1.57406e-08 0.00428122
747.66 0.00240462 1 1.37259e-08 0.00240461
748.1 0.00552741 1 1.19702e-08 0.0055274
748.54 0.000649602 1 1.04403e-08 0.000649591
748.98 0.0017712 1 9.10711e-09 0.00177119
749.42 0.00189222 1 7.94535e-09 0.00189221
749.86 0.00401265 1 6.93291e-09 0.00401264
750.29 0.0041298 1 6.06928e-09 0.00412979
750.73 0.000249103 1 5.29781e-09 0.000249098
751.17 0.00236785 1 4.62532e-09 0.00236784
751.61 0.00248604 1 4.03903e-09 0.00248603
752.05 0.00360368 1 3.52782e-09 0.00360367
752.49 -0.00027923 1 3.08201e-09 -0.000279234
752.93 0.00283732 1 2.69315e-09 0.00283732
753.37 -4.66527e-05 1 2.3539e-09 -4.66551e-05
753.81 0.00106884 1 2.05786e-09 0.00106884
754.25 0.00218382 1 1.79949e-09 0.00218381
754.69 -0.00170172 1 1.57392e-09 -0.00170173
755.13 0.000412224 1 1.37695e-09 0.000412223
755.57 0.00152567 1 1.20491e-09 0.00152567
756.01 0.00263862 1 1.0546e-09 0.00263862
756.45 0.00275107 1 9.23241e-10 0.00275107
756.89 0.00086304 1 8.08418e-10 0.00086304
757.33 0.00297453 1 7.08019e-10 0.00297453
757.77 0.00208554 1 6.2021e-10 0.00208554
758.21 0.00219609 1 5.43391e-10 0.00219609
758.64 0.000303671 1 4.776e-10 0.00030367
759.08 -0.00358669 1 4.18582e-10 -0.0035867
759.52 0.00252249 1 3.66912e-10 0.00252249
759.96 0.00363123 1 3.21663e-10 0.00363122
760.4 0.00173952 1 2.82028e-10 0.00173952
760.84 -0.00115261 1 2.47303e-10 -0.00115262
761.28 0.00095482 1 2.16873e-10 0.000954819
761.72 0.00206183 1 1.90201e-10 0.00206183
762.16 0.00216843 1 1.6682e-10 0.00216843
762.6 0.00127461 1 1.46319e-10 0.00127461
763.03 -0.000622008 1 1.28724e-10 -0.000622009
763.47 -0.000516619 1 1.12909e-10 -0.000516619
763.91 -0.000411624 1 9.90366e-11 -0.000411624
764.35 -0.00130702 1 8.68669e-11 -0.00130702
764.79 -0.00120279 1 7.61899e-11 -0.00120279
765.23 -0.00109894 1 6.68218e-11 -0.00109894
765.67 -0.00099546 1 5.86016e-11 -0.00099546
766.11 -0.00289235 1 5.13885e-11 -0.00289235
766.54 -0.00079192 1 4.51938e-11 -0.00079192
766.98 0.00131049 1 3.96229e-11 0.00131049
767.42 0.00141256 1 3.47344e-11 0.00141256
767.86 -0.00148572 1 3.04448e-11 -0.00148572
768.3 0.00161567 1 2.66809e-11 0.00161567
768.74 0.00371672 1 2.33786e-11 0.00371672
769.17 0.00181517 1 2.05431e-11 0.00181517
769.61 0.000915595 1 1.79939e-11 0.000915595
770.05 -0.000984294 1 1.5758e-11 -0.000984294
770.49 0.00311551 1 1.3797e-11 0.00311551
770.93 0.00221501 1 1.20773e-11 0.00221501
771.37 -0.00368578 1 1.05696e-11 -0.00368578
771.8 0.000410896 1 9.276e-12 0.000410896
772.24 -0.000490462 1 8.11406e-12 -0.000490462
772.68 -0.0013921 1 7.09583e-12 -0.0013921
773.12 -0.001294 1 6.20373e-12 -0.001294
773.56 -0.000196177 1 5.42229e-12 -0.000196177
774 -0.00209861 1 4.73796e-12 -0.00209861
774.43 -0.00200351 1 4.15154e-12 -0.00200351
774.87 9.35626e-05 1 3.62549e-12 9.35626e-05
775.31 0.00119039 1 3.16514e-12 0.00119039
775.75 -0.00171302 1 2.76239e-12 -0.00171302
776.19 -0.00161666 1 2.41013e-12 -0.00161666
776.62 -0.000522712 1 2.10868e-12 -0.000522712
777.06 0.000573206 1 1.83861e-12 0.000573206
777.5 -0.00433109 1 1.60261e-12 -0.00433109
777.94 -0.00223559 1 1.39643e-12 -0.00223559
778.37 -0.00214246 1 1.2202e-12 -0.00214246
778.81 0.00195264 1 1.0625e-12 0.00195264
779.25 -0.00295245 1 9.2487e-13 -0.00295245
779.69 0.000142277 1 8.04785e-13 0.000142277
780.13 0.00223682 1 7.00046e-13 0.00223682
780.56 -0.00267095 1 6.10661e-13 -0.00267095
781 -0.00257674 1 5.30811e-13 -0.00257674
781.44 0.00251731 1 4.61237e-13 0.00251731
781.88 -0.000388795 1 4.00636e-13 -0.000388795
782.31 -0.00129718 1 3.48989e-13 -0.00129718
782.75 -0.00420358 1 3.02917e-13 -0.00420358
783.19 0.00388988 1 2.62829e-13 0.00388988
783.63 -0.00101679 1 2.27962e-13 -0.00101679
784.06 -0.000925704 1 1.98289e-13 -0.000925704
784.5 0.00116738 1 1.71857e-13 0.00116738
784.94 -0.000739652 1 1.48892e-13 -0.000739652
785.37 0.000351098 1 1.2937e-13 0.000351098
785.81 0.000443855 1 1.11998e-13 0.000443855
786.25 -0.000463487 1 9.69224e-14 -0.000463487
786.69 -0.00237092 1 8.3844e-14 -0.00237092
787.12 -0.00228054 1 7.27428e-14 -0.00228054
787.56 -0.00218814 1 6.28794e-14 -0.00218814
788 -0.00109582 1 5.43325e-14 -0.00109582
788.43 0.00499435 1 4.7086e-14 0.00499435
788.87 -0.000913461 1 4.06548e-14 -0.000913461
789.31 0.00217868 1 3.50884e-14 0.00217868
789.75 0.00027076 1 3.02724e-14 0.00027076
790.18 0.00136071 1 2.61954e-14 0.00136071
790.62 0.000452706 1 2.25827e-14 0.000452706
791.06 -0.00245533 1 1.94606e-14 -0.00245533
791.49 0.000634517 1 1.68206e-14 0.000634517
791.93 -0.00227357 1 1.4484e-14 -0.00227357
792.37 0.000818326 1 1.24671e-14 0.000818326
792.8 -0.00109188 1 1.07636e-14 -0.00109188
793.24 0 1 9.25758e-15 -9.25758e-15
793.68 9.18785e-05 1 7.95917e-15 9.18785e-05
794.11 -0.00281833 1 6.86381e-15 -0.00281833
794.55 0.00127357 1 5.89656e-15 0.00127357
794.99 0.000365483 1 5.06363e-15 0.000365483
795.42 0.00245533 1 4.36177e-15 0.00245533
795.86 0.00154729 1 3.74273e-15 0.00154729
796.3 -0.00136071 1 3.21029e-15 -0.00136071
796.73 -0.00127076 1 2.76216e-15 -0.00127076
797.17 0.000821324 1 2.36737e-15 0.000821324
797.61 -0.00408654 1 2.0282e-15 -0.00408654
798.04 0.00100356 1 1.74309e-15 0.00100356
798.48 -0.000904185 1 1.4922e-15 -0.000904185
798.91 0.000186042 1 1.28146e-15 0.000186042
799.35 -0.000721559 1 1.09616e-15 -0.000721559
799.79 0.00237092 1 9.37285e-16 0.00237092
800.22 -0.00153862 1 8.03989e-16 -0.00153862
800.66 -0.00244596 1 6.86926e-16 -0.00244596
801.1 -0.000353207 1 5.86677e-16 -0.000353207
