500.34 0.00020752 1 -0.0014479 0.00165542
500.8 0.00146598 1 -0.00148412 0.0029501
501.25 0.00371883 1 -0.00152024 0.00523907
501.71 0.000977307 1 -0.00155787 0.00253518
502.17 0.00223579 1 -0.00159622 0.00383201
502.62 0.000488649 1 -0.00163445 0.0021231
503.08 0.000747134 1 -0.00167425 0.00242139
503.53 0 1 -0.00171391 0.00171391
503.99 -0.000741514 1 -0.0017552 0.00101368
504.44 -0.000488649 1 -0.00179632 0.00130767
504.9 -0.000230167 1 -0.00183911 0.00160894
505.36 -0.00297169 1 -0.00188267 -0.00108901
505.81 0.000281168 1 -0.00192605 0.00220721
506.27 -0.00146036 1 -0.00197116 0.000510795
506.72 -0.00120752 1 -0.00201606 0.000808536
507.18 5.09347e-05 1 -0.00206274 0.00211367
507.63 0.000303762 1 -0.00210919 0.00241295
508.09 -0.000437803 1 -0.00215746 0.00171966
508.54 -0.004185 1 -0.00220548 -0.00197951
509 7.34162e-05 1 -0.00225538 0.00232879
509.45 0.000326198 1 -0.00230499 0.00263118
509.91 -0.00141542 1 -0.00235652 0.000941101
510.36 -0.00216267 1 -0.00240774 0.000245072
510.82 -0.00390431 1 -0.00246092 -0.00144339
511.27 -0.0016516 1 -0.00251377 0.000862175
511.73 -0.00039328 1 -0.00256863 0.00217535
512.19 -0.00213498 1 -0.00262434 0.000489351
512.64 -0.00388232 1 -0.00267966 -0.00120267
513.1 -0.00162407 1 -0.00273706 0.00111298
513.55 -0.00137146 1 -0.00279404 0.00142258
514.01 -0.00511325 1 -0.00285314 -0.00226011
514.46 -0.00186069 1 -0.0029118 0.00105111
514.92 -0.00260254 1 -0.00297261 0.000370073
515.37 -0.00135002 1 -0.00303294 0.00168292
515.83 -0.00109193 1 -0.00309547 0.00200354
516.28 -0.00583947 1 -0.00315748 -0.00268199
516.73 -0.00258705 1 -0.00322033 0.00063328
517.19 -0.00332905 1 -0.00328543 -4.36148e-05
517.64 -0.00307668 1 -0.00334996 0.000273276
518.1 -0.00181875 1 -0.00341678 0.00159803
518.55 -0.00356646 1 -0.003483 -8.346e-05
519.01 -0.00530859 1 -0.00355154 -0.00175706
519.46 -0.00705637 1 -0.00361943 -0.00343694
519.92 -0.00279859 1 -0.00368968 0.000891095
520.37 -0.00554645 1 -0.00375925 -0.0017872
520.83 -0.00528874 1 -0.0038312 -0.00145754
521.28 -0.00403668 1 -0.00390242 -0.000134259
521.74 -0.00477906 1 -0.00397607 -0.000802993
522.19 -0.00352709 1 -0.00404894 0.000521849
522.65 -0.00626956 1 -0.00412426 -0.0021453
523.1 -0.00501767 1 -0.00419875 -0.000818921
523.55 -0.00576583 1 -0.00427404 -0.00149179
524.01 -0.00350845 1 -0.00435183 0.000843383
524.46 -0.0072567 1 -0.00442872 -0.00282798
524.92 -0.00699942 1 -0.00450812 -0.00249129
525.37 -0.00574778 1 -0.00458659 -0.00116119
525.83 -0.0044906 1 -0.00466758 0.000176986
526.28 -0.00723906 1 -0.00474759 -0.00249148
526.73 -0.00498758 1 -0.00482834 -0.000159239
527.19 -0.00473056 1 -0.00491166 0.000181091
527.64 -0.00447919 1 -0.0049939 0.000514707
528.1 -0.0062223 1 -0.00507872 -0.00114357
528.55 -0.00597104 1 -0.00516242 -0.00080862
529.01 -0.00571427 1 -0.00524871 -0.000465557
529.46 -0.00446313 1 -0.00533382 0.000870688
529.91 -0.00421206 1 -0.00541961 0.00120755
530.37 -0.00495547 1 -0.005508 0.000552531
530.82 -0.00570453 1 -0.00559514 -0.000109389
531.28 -0.00644807 1 -0.00568487 -0.000763196
531.73 -0.00719726 1 -0.0057733 -0.00142396
532.18 -0.00594651 1 -0.00586234 -8.4167e-05
532.64 -0.00669026 1 -0.00595399 -0.000736271
533.09 -0.00743965 1 -0.00604424 -0.00139541
533.54 -0.00718911 1 -0.00613506 -0.00105405
534 -0.00893307 1 -0.00622848 -0.00270459
534.45 -0.00668268 1 -0.00632042 -0.00036226
534.91 -0.00642679 1 -0.00641494 -1.18503e-05
535.36 -0.00617655 1 -0.00650793 0.000331383
535.81 -0.00792638 1 -0.00660141 -0.00132497
536.27 -0.00867072 1 -0.00669745 -0.00197327
536.72 -0.00342071 1 -0.00679187 0.00337117
537.17 -0.00817077 1 -0.00688673 -0.00128404
537.63 -0.00791536 1 -0.00698413 -0.000931227
538.08 -0.00966558 1 -0.00707982 -0.00258576
538.54 -0.00741034 1 -0.00717802 -0.000232319
538.99 -0.00816073 1 -0.00727445 -0.000886277
539.44 -0.0059112 1 -0.00737122 0.00146002
539.9 -0.00865622 1 -0.00747047 -0.00118575
540.35 -0.0104069 1 -0.00756785 -0.00283901
540.8 -0.00915759 1 -0.00766551 -0.00149208
541.26 -0.00990288 1 -0.0077656 -0.00213727
541.71 -0.0106538 1 -0.00786375 -0.00279004
542.16 -0.00940479 1 -0.0079621 -0.00144269
542.62 -0.00715035 1 -0.00806282 0.000912466
543.07 -0.00990154 1 -0.00816151 -0.00174003
543.52 -0.00865282 1 -0.00826033 -0.000392485
543.98 -0.00939867 1 -0.00836147 -0.0010372
544.43 -0.0111501 1 -0.00846048 -0.00268966
544.88 -0.0129017 1 -0.00855956 -0.00434215
545.34 -0.00864786 1 -0.00866087 1.30121e-05
545.79 -0.00939963 1 -0.00875999 -0.000639639
546.24 -0.0121515 1 -0.00885909 -0.00329241
546.69 -0.00790346 1 -0.00895814 0.00105467
547.15 -0.00865002 1 -0.00905931 0.00040929
547.6 -0.0104022 1 -0.00915819 -0.00124401
548.05 -0.00915448 1 -0.00925694 0.000102464
548.51 -0.0119014 1 -0.00935773 -0.00254363
548.96 -0.00965385 1 -0.00945614 -0.000197712
549.41 -0.0104065 1 -0.00955434 -0.000852109
549.86 -0.0121592 1 -0.00965231 -0.00250685
550.32 -0.00790649 1 -0.00975218 0.00184569
550.77 -0.00865942 1 -0.00984958 0.00119016
551.22 -0.00941246 1 -0.00994666 0.000534201
551.68 -0.0101601 1 -0.0100455 -0.000114595
552.13 -0.0109134 1 -0.0101419 -0.000771523
552.58 -0.0116668 1 -0.0102378 -0.00142897
553.03 -0.0104203 1 -0.0103333 -8.69758e-05
553.49 -0.0121684 1 -0.0104304 -0.00173798
553.94 -0.0119222 1 -0.010525 -0.00139719
554.39 -0.00967602 1 -0.010619 0.00094296
554.84 -0.00943 1 -0.0107124 0.00128244
555.3 -0.0101786 1 -0.0108074 0.000628734
555.75 -0.00893286 1 -0.0108996 0.00196676
556.2 -0.0106872 1 -0.0109912 0.00030403
556.65 -0.0124417 1 -0.0110822 -0.00135949
557.11 -0.0101908 1 -0.0111744 0.000983614
557.56 -0.0109455 1 -0.011264 0.000318403
558.01 -0.0097004 1 -0.0113527 0.00165231
558.46 -0.00945538 1 -0.0114407 0.00198531
558.92 -0.0122051 1 -0.0115298 -0.000675254
559.37 -0.0099603 1 -0.0116161 0.00165582
559.82 -0.0107157 1 -0.0117016 0.000985904
560.27 -0.0114712 1 -0.0117861 0.000314962
560.72 -0.0122268 1 -0.0118698 -0.000357031
561.18 -0.0109772 1 -0.0119543 0.000977149
561.63 -0.0097331 1 -0.012036 0.00230295
562.08 -0.0134892 1 -0.0121168 -0.00137239
562.53 -0.0132453 1 -0.0121965 -0.00104889
562.99 -0.0109963 1 -0.0122768 0.00128057
563.44 -0.0117527 1 -0.0123544 0.000601644
563.89 -0.0105094 1 -0.0124308 0.00192148
564.34 -0.0112661 1 -0.0125062 0.00124004
564.79 -0.00902302 1 -0.0125803 0.00355732
565.25 -0.0107747 1 -0.012655 0.00188029
565.7 -0.0115319 1 -0.0127267 0.00119488
566.15 -0.0122892 1 -0.0127973 0.000508108
566.6 -0.0140467 1 -0.0128667 -0.00118005
567.05 -0.0128043 1 -0.0129347 0.000130385
567.5 -0.0115621 1 -0.0130015 0.00143939
567.96 -0.0133147 1 -0.0130684 -0.000246245
568.41 -0.0120728 1 -0.0131326 0.0010598
568.86 -0.012831 1 -0.0131954 0.000364347
569.31 -0.0135894 1 -0.0132568 -0.000332618
569.76 -0.012348 1 -0.0133169 0.000968883
570.21 -0.0141067 1 -0.0133755 -0.000731169
570.67 -0.0118602 1 -0.0134341 0.00157382
571.12 -0.0116193 1 -0.0134898 0.00187058
571.57 -0.0123785 1 -0.0135442 0.00116573
572.02 -0.0121378 1 -0.0135971 0.00145926
572.47 -0.0128973 1 -0.0136485 0.000751152
572.92 -0.013657 1 -0.0136984 4.13956e-05
573.37 -0.0144169 1 -0.0137468 -0.000670025
573.83 -0.0151715 1 -0.0137948 -0.00137677
574.28 -0.0129317 1 -0.0138401 0.000908407
574.73 -0.0136921 1 -0.0138839 0.000191878
575.18 -0.0134526 1 -0.0139262 0.000473638
575.63 -0.0132132 1 -0.0139669 0.000753674
576.08 -0.0129741 1 -0.0140061 0.00103198
576.53 -0.0127351 1 -0.0140437 0.00130854
576.98 -0.0114963 1 -0.0140797 0.00258335
577.44 -0.0142524 1 -0.0141148 -0.000137539
577.89 -0.0140139 1 -0.0141476 0.000133719
578.34 -0.0137756 1 -0.0141789 0.00040321
578.79 -0.0135375 1 -0.0142085 0.000670928
579.24 -0.0142996 1 -0.0142365 -6.31282e-05
579.69 -0.0120619 1 -0.0142629 0.00220104
580.14 -0.0168243 1 -0.0142877 -0.00253658
580.59 -0.0155869 1 -0.014311 -0.00127597
581.04 -0.0153497 1 -0.0143326 -0.00101715
581.49 -0.0141127 1 -0.0143526 0.000239889
581.95 -0.0138706 1 -0.0143714 0.000500802
582.4 -0.015634 1 -0.0143882 -0.00124575
582.85 -0.0153975 1 -0.0144034 -0.000994084
583.3 -0.0161612 1 -0.014417 -0.00174419
583.75 -0.0159251 1 -0.0144291 -0.00149605
584.2 -0.0146893 1 -0.0144396 -0.000249678
584.65 -0.0144535 1 -0.0144485 -5.05845e-06
585.1 -0.015218 1 -0.0144558 -0.000762185
585.55 -0.0149827 1 -0.0144617 -0.00052105
586 -0.0147476 1 -0.0144659 -0.000281644
586.45 -0.0155127 1 -0.0144687 -0.00104396
586.9 -0.0142779 1 -0.0144699 0.00019202
587.35 -0.0150434 1 -0.0144697 -0.0005737
587.8 -0.014809 1 -0.0144679 -0.000341106
588.25 -0.0165749 1 -0.0144647 -0.00211018
588.71 -0.0153358 1 -0.0144599 -0.000875845
589.16 -0.016102 1 -0.0144537 -0.00164826
589.61 -0.0138685 1 -0.0144462 0.000577692
590.06 -0.0146351 1 -0.0144372 -0.000197967
590.51 -0.013402 1 -0.0144268 0.00102478
590.96 -0.0131691 1 -0.014415 0.00124595
591.41 -0.0139364 1 -0.0144019 0.000465554
591.86 -0.0137039 1 -0.0143875 0.00068362
592.31 -0.0134716 1 -0.0143717 0.000900164
592.76 -0.0122395 1 -0.0143547 0.00211521
593.21 -0.0140076 1 -0.0143364 0.00032877
593.66 -0.0127759 1 -0.0143168 0.00154087
594.11 -0.0135445 1 -0.014296 0.00075154
594.56 -0.0153132 1 -0.014274 -0.00103921
595.01 -0.0140822 1 -0.0142508 0.000168653
595.46 -0.0148514 1 -0.0142265 -0.000624852
595.91 -0.0126208 1 -0.0142011 0.0015803
596.36 -0.0123904 1 -0.0141745 0.00178413
596.81 -0.0131603 1 -0.0141469 0.000986675
597.26 -0.0139303 1 -0.0141183 0.000187951
597.71 -0.0127006 1 -0.0140886 0.00138799
598.16 -0.0134711 1 -0.0140579 0.000586809
598.61 -0.0142418 1 -0.0140263 -0.000215555
599.06 -0.0140128 1 -0.0139937 -1.9077e-05
599.51 -0.011784 1 -0.0139602 0.00217627
599.96 -0.0125554 1 -0.0139259 0.00137052
600.41 -0.012327 1 -0.0138907 0.00156369
600.86 -0.0130989 1 -0.0138547 0.000755816
601.31 -0.011871 1 -0.0138179 0.00194693
601.76 -0.0136433 1 -0.0137803 0.000137055
602.21 -0.0114158 1 -0.0137421 0.00232623
602.65 -0.0141937 1 -0.013704 -0.000489703
603.1 -0.0139667 1 -0.0136644 -0.000302334
603.55 -0.0127399 1 -0.0136241 0.000884167
604 -0.0125134 1 -0.0135833 0.00106983
604.45 -0.0122872 1 -0.0135418 0.00125469
604.9 -0.0150611 1 -0.0134999 -0.00156122
605.35 -0.0138353 1 -0.0134574 -0.000377882
605.8 -0.0106098 1 -0.0134145 0.00280474
606.25 -0.0113844 1 -0.0133711 0.00198669
606.7 -0.0111594 1 -0.0133273 0.00216798
607.15 -0.0129345 1 -0.0132832 0.000348645
607.6 -0.0137099 1 -0.0132387 -0.000471278
608.05 -0.0144856 1 -0.0131938 -0.00129176
608.5 -0.0132615 1 -0.0131487 -0.000112779
608.95 -0.0140377 1 -0.0131034 -0.000934297
609.39 -0.011819 1 -0.0130588 0.00123976
609.84 -0.0125957 1 -0.013013 0.000417343
610.29 -0.0133726 1 -0.0129671 -0.00040549
610.74 -0.0141497 1 -0.012921 -0.00122871
611.19 -0.0129271 1 -0.0128749 -5.22783e-05
611.64 -0.0137048 1 -0.0128286 -0.000876176
612.09 -0.0134827 1 -0.0127823 -0.000700371
612.54 -0.0122609 1 -0.012736 0.000475165
612.99 -0.0110393 1 -0.0126898 0.00165046
613.44 -0.013818 1 -0.0126435 -0.00117446
613.88 -0.0116018 1 -0.0125984 0.000996541
614.33 -0.014381 1 -0.0125523 -0.00182873
614.78 -0.0141605 1 -0.0125064 -0.00165413
615.23 -0.0129402 1 -0.0124606 -0.000479649
615.68 -0.0137202 1 -0.012415 -0.00130525
616.13 -0.0125005 1 -0.0123695 -0.000130915
616.58 -0.012281 1 -0.0123244 4.33825e-05
617.03 -0.0130618 1 -0.0122794 -0.000782334
617.47 -0.0118477 1 -0.0122358 0.000388083
617.92 -0.012629 1 -0.0121914 -0.000437597
618.37 -0.0114106 1 -0.0121473 0.000736774
618.82 -0.0121924 1 -0.0121036 -8.87823e-05
619.27 -0.0139745 1 -0.0120603 -0.00191425
619.72 -0.011757 1 -0.0120174 0.0002604
620.17 -0.0135396 1 -0.0119748 -0.00156482
620.61 -0.0143274 1 -0.0119336 -0.00239378
621.06 -0.0141106 1 -0.0118919 -0.00221869
621.51 -0.0128941 1 -0.0118507 -0.00104342
621.96 -0.0126779 1 -0.0118099 -0.000867952
622.41 -0.0124619 1 -0.0117697 -0.000692267
622.86 -0.0122463 1 -0.0117299 -0.000516353
623.3 -0.0140357 1 -0.0116916 -0.00234411
623.75 -0.0118206 1 -0.0116529 -0.000167708
624.2 -0.0126058 1 -0.0116147 -0.000991034
624.65 -0.0123912 1 -0.0115771 -0.000814081
625.1 -0.011177 1 -0.0115401 0.000363162
625.54 -0.0119678 1 -0.0115045 -0.000463244
625.99 -0.0127541 1 -0.0114687 -0.0012854
626.44 -0.0125407 1 -0.0114334 -0.00110724
626.89 -0.0113276 1 -0.0113988 7.12485e-05
627.34 -0.0111148 1 -0.0113648 0.000250066
627.78 -0.012907 1 -0.0113322 -0.00157476
628.23 -0.0136947 1 -0.0112995 -0.00239528
628.68 -0.0114828 1 -0.0112673 -0.000215439
629.13 -0.0132711 1 -0.0112359 -0.00203525
629.58 -0.0130598 1 -0.0112051 -0.00185472
630.02 -0.0128534 1 -0.0111756 -0.00167785
630.47 -0.0116427 1 -0.0111461 -0.000496609
630.92 -0.0114322 1 -0.0111172 -0.000315014
631.37 -0.0122221 1 -0.011089 -0.00113306
631.81 -0.0130169 1 -0.011062 -0.00195482
632.26 -0.0128073 1 -0.0110351 -0.00177217
632.71 -0.011598 1 -0.0110089 -0.000589176
633.16 -0.0133891 1 -0.0109833 -0.00240584
633.61 -0.0111805 1 -0.0109583 -0.000222157
634.05 -0.0139767 1 -0.0109345 -0.00304224
634.5 -0.0117687 1 -0.0109108 -0.000857902
634.95 -0.012561 1 -0.0108877 -0.00167324
635.4 -0.0123536 1 -0.0108653 -0.00148827
635.84 -0.0111511 1 -0.0108439 -0.000307117
636.29 -0.0109442 1 -0.0108227 -0.000121549
636.74 -0.0107378 1 -0.0108021 6.4307e-05
637.18 -0.00953617 1 -0.0107825 0.0012463
637.63 -0.0103303 1 -0.010763 0.000432694
638.08 -0.0111248 1 -0.0107441 -0.000380658
638.53 -0.0129195 1 -0.0107258 -0.00219377
638.97 -0.0117192 1 -0.0107084 -0.00101081
639.42 -0.0105146 1 -0.0106911 0.000176522
639.87 -0.0103103 1 -0.0106743 0.000364055
640.32 -0.0121063 1 -0.0106581 -0.00144822
640.76 -0.0109072 1 -0.0106427 -0.00026451
641.21 -0.0117039 1 -0.0106274 -0.00107647
641.66 -0.0105009 1 -0.0106126 0.000111718
642.1 -0.0113027 1 -0.0105986 -0.000704161
642.55 -0.0121004 1 -0.0105846 -0.00151575
643 -0.0108984 1 -0.0105711 -0.000327253
643.44 -0.00970116 1 -0.0105583 0.000857123
643.89 -0.0084998 1 -0.0105455 0.00204574
644.34 -0.0122988 1 -0.0105332 -0.00176561
644.79 -0.0110981 1 -0.0105211 -0.000576949
645.23 -0.0109021 1 -0.0105096 -0.000392487
645.68 -0.00970209 1 -0.0104982 0.000796139
646.13 -0.0105024 1 -0.0104871 -1.52833e-05
646.57 -0.0103074 1 -0.0104765 0.000169037
647.02 -0.0121084 1 -0.0104659 -0.00164254
647.47 -0.0079097 1 -0.0104555 0.00254577
647.91 -0.00971575 1 -0.0104455 0.000729761
648.36 -0.00951772 1 -0.0104355 0.000917784
648.81 -0.00932003 1 -0.0104257 0.00110563
649.25 -0.0101271 1 -0.0104162 0.000289108
649.7 -0.0119301 1 -0.0104066 -0.00152346
650.15 -0.0117334 1 -0.0103971 -0.00133628
650.59 -0.0115414 1 -0.0103879 -0.00115351
651.04 -0.0113455 1 -0.0103786 -0.00096688
651.48 -0.00715418 1 -0.0103695 0.0032153
651.93 -0.00795889 1 -0.0103602 0.00240129
652.38 -0.00976395 1 -0.0103509 0.000586928
652.82 -0.0105737 1 -0.0103418 -0.000231932
653.27 -0.0103794 1 -0.0103324 -4.70763e-05
653.72 -0.00818556 1 -0.0103229 0.00213735
654.16 -0.00899632 1 -0.0103136 0.00131725
654.61 -0.00980314 1 -0.0103039 0.000500764
655.06 -0.00861031 1 -0.0102941 0.00168378
655.5 -0.00942211 1 -0.0102843 0.000862236
655.95 -0.01123 1 -0.0102742 -0.00095579
656.39 -0.0150425 1 -0.0102641 -0.00477841
656.84 -0.0108511 1 -0.0102535 -0.000597567
657.29 -0.00766003 1 -0.0102427 0.00258267
657.73 -0.00847358 1 -0.0102319 0.00175828
658.18 -0.00928325 1 -0.0102205 0.000937252
658.62 -0.00609751 1 -0.0102091 0.00411159
659.07 -0.0089079 1 -0.0101971 0.00128921
659.52 -0.00871867 1 -0.0101848 0.00146612
659.96 -0.00853399 1 -0.0101724 0.00163839
660.41 -0.00734548 1 -0.0101593 0.00281382
660.85 -0.00816152 1 -0.0101461 0.00198462
661.3 -0.00997375 1 -0.0101323 0.000158507
661.74 -0.0067905 1 -0.0101183 0.00332775
662.19 -0.00860347 1 -0.0101035 0.00150002
662.64 -0.0074168 1 -0.0100882 0.00267144
663.08 -0.0102347 1 -0.0100729 -0.000161791
663.53 -0.00904873 1 -0.0100566 0.0010079
663.97 -0.00886731 1 -0.0100403 0.00117295
664.42 -0.00768214 1 -0.010023 0.00234084
664.86 -0.00650145 1 -0.0100056 0.0035041
665.31 -0.00731703 1 -0.00998717 0.00267014
665.75 -0.00713708 1 -0.00996863 0.00283155
666.2 -0.00795341 1 -0.00994908 0.00199566
666.65 -0.00777013 1 -0.00992892 0.00215878
667.09 -0.0095913 1 -0.00990861 0.000317307
667.54 -0.00640878 1 -0.00988721 0.00347843
667.98 -0.0092307 1 -0.00986566 0.000634966
668.43 -0.00804895 1 -0.00984298 0.00179403
668.87 -0.00787161 1 -0.00982016 0.00194854
669.32 -0.00869063 1 -0.00979614 0.00110551
669.76 -0.00751405 1 -0.009772 0.00225795
670.21 -0.00633385 1 -0.00974663 0.00341278
670.65 -0.00915803 1 -0.00972113 0.000563102
671.1 -0.00697861 1 -0.00969436 0.00271575
671.54 -0.00980355 1 -0.00966749 -0.000136065
671.99 -0.00762491 1 -0.00963928 0.00201438
672.43 -0.00945062 1 -0.009611 0.000160383
672.88 -0.00827277 1 -0.00958135 0.00130859
673.32 -0.00809925 1 -0.00955164 0.00145239
673.77 -0.00892219 1 -0.00952052 0.000598334
674.21 -0.00874945 1 -0.00948937 0.000739919
674.66 -0.00857318 1 -0.00945676 0.00088358
675.1 -0.00740122 1 -0.00942415 0.00202293
675.55 -0.0102258 1 -0.00939005 -0.000835708
675.99 -0.00705458 1 -0.00935597 0.00230139
676.44 -0.00887992 1 -0.00932036 0.000440449
676.88 -0.00870953 1 -0.00928482 0.000575289
677.33 -0.00953567 1 -0.00924771 -0.000287964
677.77 -0.00836608 1 -0.00921069 0.000844615
678.22 -0.00919303 1 -0.00917208 -2.09507e-05
678.66 -0.0100242 1 -0.0091336 -0.000890633
679.11 -0.00885201 1 -0.0090935 0.000241492
679.55 -0.00568401 1 -0.00905356 0.00336955
679.99 -0.00951641 1 -0.00901291 -0.000503497
680.44 -0.00734541 1 -0.0089706 0.00162519
680.88 -0.00917862 1 -0.00892852 -0.000250101
681.33 -0.0100084 1 -0.00888475 -0.0011237
681.77 -0.00784246 1 -0.00884125 0.000998786
682.22 -0.00767312 1 -0.00879604 0.00112292
682.66 -0.00950795 1 -0.00875115 -0.000756801
683.11 -0.00933945 1 -0.00870453 -0.000634911
683.55 -0.00817509 1 -0.00865828 0.000483181
683.99 -0.00701115 1 -0.00861135 0.0016002
684.44 -0.0098439 1 -0.00856268 -0.00128122
684.88 -0.0116808 1 -0.00851444 -0.00316634
685.33 -0.00951438 1 -0.00846444 -0.00104993
685.77 -0.00835208 1 -0.00841492 6.28338e-05
686.21 -0.0111902 1 -0.00836477 -0.00282543
686.66 -0.0100251 1 -0.00831285 -0.00171222
687.1 -0.00886403 1 -0.00826148 -0.000602543
687.55 -0.00969975 1 -0.00820833 -0.00149142
687.99 -0.00653954 1 -0.00815578 0.00161624
688.44 -0.00737613 1 -0.00810144 0.000725319
688.88 -0.0102168 1 -0.00804775 -0.00216901
689.32 -0.00805782 1 -0.00799352 -6.42971e-05
689.77 -0.00989569 1 -0.0079375 -0.00195819
690.21 -0.0087376 1 -0.00788221 -0.000855392
690.65 -0.00957992 1 -0.0078264 -0.00175352
691.1 -0.0094191 1 -0.00776882 -0.00165028
691.54 -0.00926228 1 -0.00771203 -0.00155025
691.99 -0.00810234 1 -0.00765346 -0.000448872
692.43 -0.00894638 1 -0.00759574 -0.00135063
692.87 -0.0107908 1 -0.00753758 -0.00325326
693.32 -0.00963221 1 -0.00747766 -0.00215455
693.76 -0.00647754 1 -0.00741866 0.000941115
694.2 -0.0073233 1 -0.00735926 3.59547e-05
694.65 -0.008166 1 -0.00729811 -0.00086789
695.09 -0.00701264 1 -0.00723796 0.000225322
695.53 -0.0098597 1 -0.00717745 -0.00268225
695.98 -0.00770374 1 -0.00711522 -0.000588517
696.42 -0.00755168 1 -0.00705404 -0.000497631
696.86 -0.00940005 1 -0.00699257 -0.00240749
697.31 -0.0112454 1 -0.00692939 -0.00431604
697.75 -0.00909469 1 -0.00686734 -0.00222735
698.19 -0.00994439 1 -0.00680503 -0.00313936
698.64 -0.00879113 1 -0.00674105 -0.00205008
699.08 -0.00864172 1 -0.00667827 -0.00196345
699.52 -0.00949274 1 -0.00661527 -0.00287748
699.97 -0.00834085 1 -0.00655064 -0.00179021
700.41 -0.00719277 1 -0.00648726 -0.000705511
700.85 -0.00704514 1 -0.00642372 -0.000621423
701.3 -0.00989461 1 -0.00635857 -0.00353604
701.74 -0.00774788 1 -0.00629475 -0.00145314
702.18 -0.0066016 1 -0.0062308 -0.000370798
702.63 -0.00845246 1 -0.0061653 -0.00228716
703.07 -0.00830708 1 -0.00610117 -0.00220592
703.51 -0.00816216 1 -0.00603696 -0.0021252
703.96 -0.00701441 1 -0.00597124 -0.00104317
704.4 -0.0078704 1 -0.00590694 -0.00196345
704.84 -0.00672684 1 -0.00584262 -0.000884219
705.28 -0.00858374 1 -0.00577829 -0.00280545
705.73 -0.00543785 1 -0.0057125 0.000274652
706.17 -0.00829567 1 -0.0056482 -0.00264747
706.61 -0.00915395 1 -0.00558393 -0.00357001
707.06 -0.00800947 1 -0.00551826 -0.00249121
707.5 -0.00886868 1 -0.00545411 -0.00341456
707.94 -0.00772834 1 -0.00539005 -0.00233829
708.38 -0.00858847 1 -0.00532608 -0.00326239
708.83 -0.00644589 1 -0.00526076 -0.00118513
709.27 -0.00730695 1 -0.00519703 -0.00210993
709.71 -0.0101685 1 -0.00513343 -0.00503505
710.15 -0.00503047 1 -0.00506998 3.95097e-05
710.6 -0.00688981 1 -0.00500526 -0.00188455
711.04 -0.00775274 1 -0.00494216 -0.00281059
711.48 -0.00461615 1 -0.00487924 0.000263099
711.92 -0.00548002 1 -0.00481654 -0.000663483
712.37 -0.00734128 1 -0.00475263 -0.00258866
712.81 -0.00520611 1 -0.00469037 -0.000515743
713.25 -0.00707141 1 -0.00462835 -0.00244306
713.69 -0.00593718 1 -0.00456658 -0.0013706
714.13 -0.00480342 1 -0.00450508 -0.000298341
714.58 -0.00466712 1 -0.00444247 -0.000224651
715.02 -0.00653432 1 -0.00438153 -0.00215279
715.46 -0.00940201 1 -0.0043209 -0.00508111
715.9 -0.00927017 1 -0.00426057 -0.0050096
716.35 -0.00813583 1 -0.00419921 -0.00393662
716.79 -0.00400496 1 -0.00413954 0.000134578
717.23 -0.00487458 1 -0.00408021 -0.000794364
717.67 -0.00574467 1 -0.00402124 -0.00172344
718.11 -0.00361525 1 -0.00396262 0.000347363
718.56 -0.00348339 1 -0.00390305 0.000419655
719 -0.00435495 1 -0.00384518 -0.00050977
719.44 -0.005227 1 -0.0037877 -0.00143929
719.88 -0.00509953 1 -0.00373062 -0.00136891
720.32 -0.00497255 1 -0.00367394 -0.00129861
720.76 -0.00184606 1 -0.00361767 0.00177161
721.21 -0.00571721 1 -0.00356055 -0.00215665
721.65 -0.00559171 1 -0.00350514 -0.00208657
722.09 -0.0044667 1 -0.00345015 -0.00101655
722.53 -0.00334219 1 -0.00339561 5.34184e-05
722.97 -0.00321817 1 -0.00334151 0.000123339
723.41 -0.00409465 1 -0.00328787 -0.000806783
723.86 -0.000968836 1 -0.00323348 0.00226464
724.3 -0.00184632 1 -0.00318077 0.00133445
724.74 -0.0017243 1 -0.00312853 0.00140423
725.18 -0.00460278 1 -0.00307676 -0.00152602
725.62 -0.00548176 1 -0.00302548 -0.00245628
726.06 -0.00236124 1 -0.00297468 0.000613439
726.5 -0.00424122 1 -0.00292437 -0.00131685
726.95 -0.003119 1 -0.00287342 -0.000245573
727.39 0 1 -0.00282412 0.00282412
727.83 -0.00288151 1 -0.00277531 -0.000106196
728.27 -0.00176351 1 -0.00272701 0.000963495
728.71 -0.00164602 1 -0.00267922 0.00103319
729.15 0.000470978 1 -0.00263193 0.00310291
729.59 -0.000412515 1 -0.00258516 0.00217265
730.03 -0.0022965 1 -0.00253891 0.000242415
730.48 -0.00117834 1 -0.00249214 0.0013138
730.92 -0.0030633 1 -0.00244694 -0.00061636
731.36 0.00205126 1 -0.00240226 0.00445352
731.8 -0.00183465 1 -0.00235811 0.000523456
732.24 -0.00172103 1 -0.00231447 0.000593442
732.68 -0.000607883 1 -0.00227137 0.00166349
733.12 -0.0034952 1 -0.00222879 -0.00126641
733.56 -0.00238298 1 -0.00218674 -0.000196234
734 -0.000271209 1 -0.00214522 0.00187401
734.44 -0.0011599 1 -0.00210422 0.000944327
734.89 0.00195348 1 -0.00206285 0.00401632
735.33 0.00106388 1 -0.00202292 0.0030868
735.77 0.00117384 1 -0.00198352 0.00315736
736.21 0.00228335 1 -0.00194465 0.00422801
736.65 -0.00160757 1 -0.00190631 0.000298742
737.09 0.00150108 1 -0.00186849 0.00336957
737.53 0.0026093 1 -0.0018312 0.00444049
737.97 0.00171708 1 -0.00179443 0.00351151
738.41 0.00182445 1 -0.00175818 0.00358262
738.85 0.00593139 1 -0.00172245 0.00765384
739.29 0.00303792 1 -0.00168724 0.00472515
739.73 0.000144027 1 -0.00165254 0.00179657
740.17 0.000249729 1 -0.00161837 0.00186809
740.61 0.000355023 1 -0.0015847 0.00193972
741.05 0.00145991 1 -0.00155154 0.00301146
741.49 0.0015644 1 -0.00151889 0.0030833
741.93 0.000668497 1 -0.00148675 0.00215524
742.37 -0.0012278 1 -0.0014551 0.000227299
742.81 0.00287551 1 -0.00142396 0.00429946
743.26 0.00298076 1 -0.00139262 0.00437338
743.7 0.00308329 1 -0.00136247 0.00444577
744.14 0.00118544 1 -0.00133282 0.00251826
744.58 -0.000712782 1 -0.00130365 0.000590865
745.02 0.00238862 1 -0.00127496 0.00366358
745.46 0.00248965 1 -0.00124675 0.0037364
745.9 0.00359031 1 -0.00121902 0.00480933
746.34 0.00369061 1 -0.00119176 0.00488237
746.78 0.00479056 1 -0.00116496 0.00595552
747.22 0.00389014 1 -0.00113863 0.00502877
747.66 0.00298937 1 -0.00111276 0.00410213
748.1 0.00308825 1 -0.00108734 0.0041756
748.54 -0.00081321 1 -0.00106238 0.000249165
748.98 0.00128498 1 -0.00103786 0.00232284
749.42 0.00238284 1 -0.00101378 0.00339662
749.86 0.00248035 1 -0.000990142 0.0034705
750.29 0.00257533 1 -0.00096746 0.00354279
750.73 0.0016722 1 -0.000944675 0.00261687
751.17 -0.000231269 1 -0.000922314 0.000691046
751.61 -0.00113505 1 -0.000900373 -0.000234682
752.05 0.00396084 1 -0.000878847 0.00483969
752.49 0.00105642 1 -0.000857732 0.00191415
752.93 0.000151684 1 -0.000837023 0.000988707
753.37 0.00024664 1 -0.000816715 0.00106335
753.81 0.00134129 1 -0.000796803 0.00213809
754.25 -0.000564361 1 -0.000777282 0.000212921
754.69 0.00152969 1 -0.000758147 0.00228784
755.13 0.00162344 1 -0.000739395 0.00236284
755.57 0.0027169 1 -0.000721019 0.00343792
756.01 0.00481007 1 -0.000703014 0.00551309
756.45 0.00190296 1 -0.000685377 0.00258834
756.89 0.00199557 1 -0.000668101 0.00266367
757.33 0.00108789 1 -0.000651182 0.00173907
757.77 0.00217994 1 -0.000634615 0.00281456
758.21 0.00227172 1 -0.000618395 0.00289011
758.64 -0.00163885 1 -0.000602874 -0.00103598
759.08 -0.0035476 1 -0.000587325 -0.00296027
759.52 0.00154339 1 -0.000572108 0.0021155
759.96 0.00463412 1 -0.000557219 0.00519134
760.4 0.00172459 1 -0.000542652 0.00226724
760.84 -0.000185187 1 -0.000528402 0.000343215
761.28 0.000904786 1 -0.000514464 0.00141925
761.72 0.00199451 1 -0.000500834 0.00249535
762.16 0.003084 1 -0.000487507 0.00357151
762.6 0.00117325 1 -0.000474477 0.00164773
763.03 -0.00173976 1 -0.000462027 -0.00127773
763.47 0.000349027 1 -0.000449571 0.000798599
763.91 0.00143759 1 -0.000437399 0.00187498
764.35 0.00152592 1 -0.000425506 0.00195142
764.79 -0.00138597 1 -0.000413887 -0.000972083
765.23 -0.00129808 1 -0.000402536 -0.000895541
765.67 0.000789602 1 -0.00039145 0.00118105
766.11 -0.00112293 1 -0.000380624 -0.000742307
766.54 -0.00303765 1 -0.000370291 -0.00266736
766.98 0.0020494 1 -0.000359965 0.00240937
767.42 0.00313626 1 -0.000349885 0.00348615
767.86 -0.00277708 1 -0.000340047 -0.00243703
768.3 0.000309385 1 -0.000330446 0.000639832
768.74 -0.000604341 1 -0.000321078 -0.000283263
769.17 0.00347979 1 -0.000312144 0.00379193
769.61 0.00156569 1 -0.000303223 0.00186892
770.05 0.00165142 1 -0.000294523 0.00194594
770.49 0.000736963 1 -0.000286038 0.001023
770.93 0.00282233 1 -0.000277764 0.0031001
771.37 -9.2466e-05 1 -0.000269698 0.000177232
771.8 -0.00100936 1 -0.000262011 -0.000747354
772.24 7.55068e-05 1 -0.000254342 0.000329849
772.68 -0.000839783 1 -0.000246869 -0.000592914
773.12 0.00024477 1 -0.000239586 0.000484356
773.56 0.000329168 1 -0.000232491 0.00056166
774 0.00141342 1 -0.00022558 0.001639
774.43 -0.00150439 1 -0.000218999 -0.0012854
774.87 0.00157956 1 -0.000212438 0.001792
775.31 0.00166338 1 -0.00020605 0.00186943
775.75 0.000747062 1 -0.00019983 0.000946893
776.19 0.00183061 1 -0.000193776 0.00202438
776.62 -8.78707e-05 1 -0.000188014 0.000100143
777.06 -4.57994e-06 1 -0.000182275 0.000177695
777.5 -0.000921413 1 -0.000176689 -0.000744724
777.94 0.000161633 1 -0.000171255 0.000332888
778.37 0.000242678 1 -0.000166087 0.000408765
778.81 0.000325495 1 -0.000160942 0.000486436
779.25 0.0014082 1 -0.000155937 0.00156414
779.69 0.0004908 1 -0.00015107 0.00064187
780.13 0.0015733 1 -0.000146338 0.00171963
780.56 0.00165382 1 -0.00014184 0.00179566
781 0.00173612 1 -0.000137365 0.00187348
781.44 0.000818324 1 -0.000133016 0.00095134
781.88 0.00190044 1 -0.000128789 0.00202923
782.31 -0.0010194 1 -0.000124774 -0.000894623
782.75 0.00306255 1 -0.000120781 0.00318333
783.19 0.00414442 1 -0.000116902 0.00426132
783.63 -0.0027738 1 -0.000113134 -0.00266066
784.06 -0.000693938 1 -0.000109557 -0.000584381
784.5 0.00438771 1 -0.000106001 0.00449371
784.94 -0.000530713 1 -0.000102549 -0.000428164
785.37 0.00054895 1 -9.92729e-05 0.000648223
785.81 0.00563041 1 -9.60176e-05 0.00572642
786.25 -0.000288194 1 -9.28582e-05 -0.000195336
786.69 -0.00220685 1 -8.97922e-05 -0.00211706
787.12 0.0008726 1 -8.68839e-05 0.000959484
787.56 -0.00304615 1 -8.39957e-05 -0.00296215
788 0.00203506 1 -8.11941e-05 0.00211625
788.43 0.00111438 1 -7.85376e-05 0.00119292
788.87 0.00219551 1 -7.59005e-05 0.00227141
789.31 -0.000723396 1 -7.33433e-05 -0.000650053
789.75 0.00335767 1 -7.08641e-05 0.00342853
790.18 -0.00156313 1 -6.85144e-05 -0.00149462
790.62 -0.000482116 1 -6.61831e-05 -0.000415933
791.06 -0.000401119 1 -6.39237e-05 -0.000337196
791.49 -0.00032198 1 -6.17833e-05 -0.000260197
791.93 -0.000241013 1 -5.96603e-05 -0.000181353
792.37 0.00183994 1 -5.76036e-05 0.00189755
792.8 -0.00108095 1 -5.56559e-05 -0.00102529
793.24 0 1 -5.37249e-05 5.37249e-05
793.68 0.00208095 1 -5.18548e-05 0.0021328
794.11 0.000160057 1 -5.00845e-05 0.000210141
794.55 0.00324101 1 -4.83301e-05 0.00328934
794.99 0.00332198 1 -4.66317e-05 0.00336861
795.42 0.00340112 1 -4.50245e-05 0.00344614
795.86 0.00648212 1 -4.34323e-05 0.00652555
796.3 0.00156313 1 -4.18915e-05 0.00160502
796.73 0.00264233 1 -4.0434e-05 0.00268276
797.17 -0.0012766 1 -3.89907e-05 -0.00123761
797.61 0.000804493 1 -3.75945e-05 0.000842087
798.04 0.00188378 1 -3.62743e-05 0.00192005
798.48 0.00196494 1 -3.49674e-05 0.00199991
798.91 4.4304e-05 1 -3.37319e-05 7.80359e-05
799.35 0.00212555 1 -3.25091e-05 0.00215806
799.79 0.00420685 1 -3.1327e-05 0.00423818
800.22 0.00428634 1 -3.021e-05 0.00431655
800.66 -0.000632257 1 -2.91049e-05 -0.000603153
801.1 0.0044492 1 -2.80369e-05 0.00447723
