500.34 0.00334893 1 -0.000795444 0.00414437
500.8 0.001587 1 -0.00084621 0.00243321
501.25 0.0038199 1 -0.000896093 0.00471599
501.71 0.00105798 1 -0.000947311 0.00200529
502.17 0.00129607 1 -0.000998754 0.00229483
502.62 0.00252899 1 -0.0010493 0.00357828
503.08 0.000767081 1 -0.00110118 0.00186826
503.53 0 1 -0.00115215 0.00115215
503.99 0.000238095 1 -0.00120447 0.00144256
504.44 0.000471013 1 -0.00125586 0.00172687
504.9 0.0017091 1 -0.0013086 0.00301771
505.36 -0.00105281 1 -0.00136156 0.000308751
505.81 -0.0008199 1 -0.00141357 0.000593669
506.27 -0.00158182 1 -0.00146694 -0.000114882
506.72 -0.000348926 1 -0.00151935 0.00117042
507.18 0.00188914 1 -0.00157313 0.00346227
507.63 -0.00187798 1 -0.00162593 -0.000252052
508.09 0.00136006 1 -0.00168011 0.00304017
508.54 -0.00140708 1 -0.00173329 0.000326214
509 -0.00216906 1 -0.00178786 -0.000381203
509.45 -0.00193623 1 -0.00184142 -9.48064e-05
509.91 -0.000698232 1 -0.00189636 0.00119813
510.36 -0.00146543 1 -0.00195029 0.000484861
510.82 0.000772533 1 -0.0020056 0.00277813
511.27 -0.0019947 1 -0.00205988 6.51878e-05
511.73 0.00124323 1 -0.00211555 0.00335878
512.19 0.000481131 1 -0.0021714 0.00265253
512.64 -0.00228616 1 -0.0022262 -5.99531e-05
513.1 -0.0010483 1 -0.0022824 0.0012341
513.55 0.00118437 1 -0.00233753 0.0035219
514.01 -0.00257782 1 -0.00239405 -0.000183765
514.46 -0.0013452 1 -0.00244951 0.00110431
514.92 -0.00210744 1 -0.00250635 0.000398912
515.37 0.000125123 1 -0.00256212 0.00268724
515.83 0.000362826 1 -0.00261927 0.0029821
516.28 -0.00240467 1 -0.00267534 0.000270667
516.73 -0.00417219 1 -0.00273154 -0.00144065
517.19 -0.00293458 1 -0.00278914 -0.000145443
517.64 -0.00270217 1 -0.00284562 0.000143454
518.1 -0.000464629 1 -0.0029035 0.00243888
518.55 -0.00323229 1 -0.00296026 -0.000272027
519.01 -0.00199482 1 -0.00301841 0.00102359
519.46 -0.00176255 1 -0.00307542 0.00131287
519.92 0.00147485 1 -0.00313382 0.00460867
520.37 -0.00529296 1 -0.00319108 -0.00210188
520.83 -0.00505565 1 -0.00324973 -0.00180593
521.28 -0.00182354 1 -0.00330721 0.00148367
521.74 -0.00158632 1 -0.00336609 0.00177977
522.19 -0.00335429 1 -0.00342379 6.95035e-05
522.65 -0.00311716 1 -0.00348289 0.000365732
523.1 -0.00188522 1 -0.0035408 0.00165558
523.55 -0.00265333 1 -0.0035988 0.000945468
524.01 -0.00241634 1 -0.00365819 0.00124185
524.46 -0.00318455 1 -0.00371638 0.000531831
524.92 -0.00494766 1 -0.00377595 -0.00117171
525.37 -0.00371597 1 -0.00383431 0.000118342
525.83 -0.00347919 1 -0.00389405 0.000414865
526.28 -0.0042476 1 -0.00395257 -0.000295036
526.73 -0.00501607 1 -0.00401115 -0.00100492
527.19 -0.00177945 1 -0.00407111 0.00229166
527.64 -0.00354804 1 -0.00412984 0.000581798
528.1 -0.00431154 1 -0.00418992 -0.000121612
528.55 -0.00508024 1 -0.00424876 -0.000831471
529.01 -0.00484386 1 -0.00430897 -0.000534889
529.46 -0.00461268 1 -0.00436791 -0.000244765
529.91 -0.00538156 1 -0.0044269 -0.000954656
530.37 -0.00514537 1 -0.00448724 -0.000658123
530.82 -0.00291438 1 -0.00454631 0.00163194
531.28 -0.00567832 1 -0.00460673 -0.00107159
531.73 -0.00544746 1 -0.00466587 -0.000781592
532.18 -0.00521667 1 -0.00472503 -0.000491638
532.64 -0.00398081 1 -0.00478553 0.000804711
533.09 -0.00575016 1 -0.00484473 -0.000905433
533.54 -0.00551958 1 -0.00490394 -0.000615632
534 -0.00528394 1 -0.00496449 -0.000319455
534.45 -0.0030535 1 -0.00502372 0.00197022
534.91 -0.00381802 1 -0.00508427 0.00126625
535.36 -0.00358773 1 -0.0051435 0.00155577
535.81 -0.00635751 1 -0.00520273 -0.00115479
536.27 -0.00712226 1 -0.00526326 -0.001859
536.72 -0.0038922 1 -0.00532246 0.00143025
537.17 -0.00766222 1 -0.00538164 -0.00228059
537.63 -0.00542721 1 -0.00544211 1.48954e-05
538.08 -0.00819739 1 -0.00550124 -0.00269616
538.54 -0.00596255 1 -0.00556165 -0.000400906
538.99 -0.0067329 1 -0.00562071 -0.00111219
539.44 -0.00450333 1 -0.00567973 0.00117639
539.9 -0.00526875 1 -0.00574001 0.00047126
540.35 -0.00503936 1 -0.00579894 0.00075958
540.8 -0.00581005 1 -0.00585781 4.77582e-05
541.26 -0.00657574 1 -0.00591793 -0.00065781
541.71 -0.00934661 1 -0.00597668 -0.00336993
542.16 -0.00611757 1 -0.00603536 -8.22132e-05
542.62 -0.00788354 1 -0.00609527 -0.00178827
543.07 -0.00565469 1 -0.00615381 0.000499117
543.52 -0.00642593 1 -0.00621226 -0.000213672
543.98 -0.00619219 1 -0.00627193 7.97364e-05
544.43 -0.00796362 1 -0.0063302 -0.00163342
544.88 -0.00773516 1 -0.00638839 -0.00134677
545.34 -0.00850171 1 -0.00644776 -0.00205395
545.79 -0.00727344 1 -0.00650574 -0.000767702
546.24 -0.00804528 1 -0.00656361 -0.00148166
546.69 -0.00681721 1 -0.00662137 -0.000195833
547.15 -0.00958418 1 -0.0066803 -0.00290388
547.6 -0.0103563 1 -0.00673782 -0.0036185
548.05 -0.00512856 1 -0.00679521 0.00166665
548.51 -0.00989585 1 -0.00685375 -0.00304211
548.96 -0.00866831 1 -0.00691087 -0.00175744
549.41 -0.00744088 1 -0.00696786 -0.000473024
549.86 -0.00821356 1 -0.0070247 -0.00118886
550.32 -0.00698129 1 -0.00708265 0.000101354
550.77 -0.00575419 1 -0.00713918 0.00138499
551.22 -0.0075272 1 -0.00719556 -0.000331643
551.68 -0.0102953 1 -0.00725302 -0.00304227
552.13 -0.00906852 1 -0.00730906 -0.00175946
552.58 -0.0108419 1 -0.00736493 -0.00347695
553.03 -0.00861535 1 -0.00742062 -0.00119473
553.49 -0.00538391 1 -0.00747736 0.00209345
553.94 -0.0101576 1 -0.00753268 -0.00262494
554.39 -0.00793144 1 -0.00758781 -0.000343635
554.84 -0.00770539 1 -0.00764274 -6.26522e-05
555.3 -0.00747444 1 -0.00769869 0.000224242
555.75 -0.00824864 1 -0.00775321 -0.000495432
556.2 -0.00602296 1 -0.00780752 0.00178456
556.65 -0.0117974 1 -0.00786162 -0.00393579
557.11 -0.00656697 1 -0.00791669 0.00134972
557.56 -0.0103417 1 -0.00797034 -0.00237133
558.01 -0.00811649 1 -0.00802376 -9.27339e-05
558.46 -0.00589145 1 -0.00807695 0.0021855
558.92 -0.00866154 1 -0.00813107 -0.000530471
559.37 -0.00843676 1 -0.00818377 -0.000252991
559.82 -0.00821212 1 -0.00823622 2.41092e-05
560.27 -0.0089876 1 -0.00828843 -0.000699176
560.72 -0.00876322 1 -0.00834037 -0.000422852
561.18 -0.009534 1 -0.0083932 -0.0011408
561.63 -0.00830989 1 -0.00844461 0.000134719
562.08 -0.0110859 1 -0.00849576 -0.00259017
562.53 -0.0098621 1 -0.00854662 -0.00131548
562.99 -0.00763344 1 -0.00859833 0.000964888
563.44 -0.0104099 1 -0.00864863 -0.00176127
563.89 -0.0101865 1 -0.00869864 -0.00148786
564.34 -0.00996324 1 -0.00874835 -0.00121489
564.79 -0.00774012 1 -0.00879777 0.00105764
565.25 -0.0105122 1 -0.00884797 -0.00166423
565.7 -0.0102894 1 -0.00889677 -0.00139261
566.15 -0.0110667 1 -0.00894526 -0.00212144
566.6 -0.0108442 1 -0.00899344 -0.00185075
567.05 -0.00962181 1 -0.00904129 -0.000580516
567.5 -0.00939958 1 -0.00908882 -0.000310761
567.96 -0.00917257 1 -0.00913706 -3.55087e-05
568.41 -0.00995066 1 -0.00918392 -0.000766731
568.86 -0.0107289 1 -0.00923045 -0.00149845
569.31 -0.0105073 1 -0.00927663 -0.00123066
569.76 -0.0102858 1 -0.00932246 -0.00096337
570.21 -0.0110645 1 -0.00936794 -0.00169659
570.67 -0.00983848 1 -0.00941407 -0.000424413
571.12 -0.00961751 1 -0.00945883 -0.000158677
571.57 -0.0103967 1 -0.00950323 -0.000893464
572.02 -0.013176 1 -0.00954725 -0.00362878
572.47 -0.0109555 1 -0.00959091 -0.00136463
572.92 -0.00973521 1 -0.00963419 -0.00010102
573.37 -0.010515 1 -0.00967709 -0.000837954
573.83 -0.0122902 1 -0.00972055 -0.00256961
574.28 -0.00907033 1 -0.00976267 0.00069234
574.73 -0.0108507 1 -0.0098044 -0.00104627
575.18 -0.0116312 1 -0.00984573 -0.00178545
575.63 -0.00941185 1 -0.00988666 0.000474808
576.08 -0.0111927 1 -0.00992719 -0.00126551
576.53 -0.0119737 1 -0.00996731 -0.00200641
576.98 -0.0107549 1 -0.010007 -0.0007479
577.44 -0.0125314 1 -0.0100472 -0.00248425
577.89 -0.010313 1 -0.010086 -0.000226934
578.34 -0.0120947 1 -0.0101245 -0.00197022
578.79 -0.0118766 1 -0.0101625 -0.00171411
579.24 -0.0106587 1 -0.0102001 -0.000458602
579.69 -0.0124409 1 -0.0102372 -0.00220371
580.14 -0.0122234 1 -0.0102739 -0.00194944
580.59 -0.012006 1 -0.0103102 -0.0016958
581.04 -0.0137888 1 -0.010346 -0.00344278
581.49 -0.0125718 1 -0.0103814 -0.00219039
581.95 -0.0123501 1 -0.0104171 -0.00193306
582.4 -0.0111335 1 -0.0104515 -0.000681962
582.85 -0.011917 1 -0.0104855 -0.00143152
583.3 -0.0127007 1 -0.010519 -0.00218172
583.75 -0.0144847 1 -0.0105521 -0.00393258
584.2 -0.0112688 1 -0.0105847 -0.000684096
584.65 -0.0120531 1 -0.0106168 -0.00143628
585.1 -0.0128376 1 -0.0106485 -0.00218913
585.55 -0.0116223 1 -0.0106796 -0.000942649
586 -0.0114071 1 -0.0107103 -0.000696847
586.45 -0.0121922 1 -0.0107405 -0.00145173
586.9 -0.0099775 1 -0.0107702 0.000792711
587.35 -0.010763 1 -0.0107994 3.64589e-05
587.8 -0.0135486 1 -0.0108282 -0.00272049
588.25 -0.0113345 1 -0.0108564 -0.000478126
588.71 -0.0111158 1 -0.0108847 -0.000231106
589.16 -0.0129021 1 -0.0109119 -0.00199017
589.61 -0.0126886 1 -0.0109387 -0.00174994
590.06 -0.0134753 1 -0.0109649 -0.00251042
590.51 -0.0112622 1 -0.0109905 -0.000271616
590.96 -0.0110493 1 -0.0110157 -3.35321e-05
591.41 -0.0128366 1 -0.0110404 -0.00179617
591.86 -0.00962407 1 -0.0110645 0.00144046
592.31 -0.0104118 1 -0.0110882 0.000676366
592.76 -0.0111997 1 -0.0111113 -8.84636e-05
593.21 -0.0109879 1 -0.0111338 0.00014597
593.66 -0.00977621 1 -0.0111559 0.00137966
594.11 -0.0115648 1 -0.0111774 -0.000387387
594.56 -0.0103536 1 -0.0111984 0.000844815
595.01 -0.0111426 1 -0.0112188 7.62679e-05
595.46 -0.0109318 1 -0.0112387 0.000306967
595.91 -0.0107212 1 -0.0112581 0.00053691
596.36 -0.0135108 1 -0.0112769 -0.00223391
596.81 -0.0103007 1 -0.0112952 0.000994515
597.26 -0.0100908 1 -0.011313 0.00122217
597.71 -0.0118811 1 -0.0113302 -0.000550941
598.16 -0.0126717 1 -0.0113468 -0.00132482
598.61 -0.0124624 1 -0.0113629 -0.00109948
599.06 -0.0092534 1 -0.0113785 0.00212509
599.51 -0.00704462 1 -0.0113935 0.00434887
599.96 -0.00983605 1 -0.0114079 0.00157188
600.41 -0.0106277 1 -0.0114218 0.0007941
600.86 -0.0104196 1 -0.0114352 0.00101553
601.31 -0.0102117 1 -0.0114479 0.00123618
601.76 -0.0090041 1 -0.0114601 0.00245603
602.21 -0.0087967 1 -0.0114718 0.00267509
602.65 -0.0105941 1 -0.0114826 0.000888513
603.1 -0.0103872 1 -0.0114932 0.001106
603.55 -0.0101805 1 -0.0115031 0.00132268
604 -0.012974 1 -0.0115126 -0.00146144
604.45 -0.0107678 1 -0.0115214 0.000753631
604.9 -0.00956176 1 -0.0115297 0.0019679
605.35 -0.012356 1 -0.0115374 -0.000818642
605.8 -0.0101505 1 -0.0115445 0.00139401
606.25 -0.00794522 1 -0.0115511 0.00360584
606.7 -0.0107402 1 -0.0115571 0.000816865
607.15 -0.0105354 1 -0.0115625 0.00102707
607.6 -0.0103309 1 -0.0115673 0.00123646
608.05 -0.0131266 1 -0.0115716 -0.00155497
608.5 -0.00992253 1 -0.0115753 0.00165278
608.95 -0.0137187 1 -0.0115784 -0.00214029
609.39 -0.00951971 1 -0.011581 0.00206124
609.84 -0.00931641 1 -0.011583 0.00226654
610.29 -0.0101134 1 -0.0115844 0.00147101
610.74 -0.00891056 1 -0.0115852 0.00267466
611.19 -0.011708 1 -0.0115855 -0.000122523
611.64 -0.0115057 1 -0.0115852 7.94652e-05
612.09 -0.0103037 1 -0.0115843 0.00128062
612.54 -0.0111019 1 -0.0115829 0.000480949
612.99 -0.00890041 1 -0.0115809 0.00268044
613.44 -0.00969915 1 -0.0115783 0.0018791
613.88 -0.00950262 1 -0.0115752 0.00207254
614.33 -0.00930188 1 -0.0115714 0.00226956
614.78 -0.0121014 1 -0.0115671 -0.000534268
615.23 -0.0109012 1 -0.0115623 0.000661072
615.68 -0.0117012 1 -0.0115568 -0.000144424
616.13 -0.00950155 1 -0.0115508 0.00204924
616.58 -0.0113021 1 -0.0115442 0.000242071
617.03 -0.011103 1 -0.011537 0.000434063
617.47 -0.00990852 1 -0.0115295 0.00162098
617.92 -0.0107099 1 -0.0115212 0.000811311
618.37 -0.0115116 1 -0.0115124 8.05703e-07
618.82 -0.0103135 1 -0.0115029 0.00118946
619.27 -0.0101157 1 -0.011493 0.00137728
619.72 -0.0119181 1 -0.0114824 -0.000435742
620.17 -0.0117209 1 -0.0114713 -0.000249602
620.61 -0.0115283 1 -0.0114599 -6.84102e-05
621.06 -0.0113316 1 -0.0114477 0.000116071
621.51 -0.0121352 1 -0.0114349 -0.000700287
621.96 -0.00993901 1 -0.0114215 0.00148252
622.41 -0.00974315 1 -0.0114076 0.00166448
622.86 -0.0105476 1 -0.0113932 0.000845613
623.3 -0.0113566 1 -0.0113785 2.19078e-05
623.75 -0.0101616 1 -0.011363 0.00120138
624.2 -0.00996683 1 -0.0113468 0.00138002
624.65 -0.0127724 1 -0.0113302 -0.00144218
625.1 -0.0105782 1 -0.011313 0.00073479
625.54 -0.0113886 1 -0.0112957 -9.29819e-05
625.99 -0.010195 1 -0.0112774 0.00108234
626.44 -0.0110017 1 -0.0112586 0.000256823
626.89 -0.0108087 1 -0.0112392 0.000430477
627.34 -0.00861599 1 -0.0112193 0.0026033
627.78 -0.0104278 1 -0.0111993 0.000771481
628.23 -0.0102357 1 -0.0111784 0.000942664
628.68 -0.0110438 1 -0.0111569 0.000113019
629.13 -0.0108523 1 -0.0111348 0.000282548
629.58 -0.010661 1 -0.0111123 0.000451252
630.02 -0.00847432 1 -0.0110897 0.00261541
630.47 -0.0112837 1 -0.0110661 -0.000217517
630.92 -0.0100933 1 -0.011042 0.000948736
631.37 -0.0109032 1 -0.0110174 0.000114168
631.81 -0.0097177 1 -0.0109928 0.00127513
632.26 -0.00852824 1 -0.0109672 0.00243895
632.71 -0.00933908 1 -0.010941 0.00160195
633.16 -0.00815023 1 -0.0109144 0.00276413
633.61 -0.00896169 1 -0.0108872 0.0019255
634.05 -0.0117776 1 -0.0108601 -0.000917497
634.5 -0.0095897 1 -0.010832 0.00124227
634.95 -0.0114021 1 -0.0108033 -0.000598766
635.4 -0.00921477 1 -0.0107742 0.00155939
635.84 -0.0100319 1 -0.0107452 0.000713254
636.29 -0.00884524 1 -0.0107151 0.00186982
636.74 -0.00865886 1 -0.0106845 0.00202559
637.18 -0.00947693 1 -0.0106541 0.00117712
637.63 -0.00729118 1 -0.0106225 0.00333132
638.08 -0.00910574 1 -0.0105905 0.00148471
638.53 -0.0109206 1 -0.0105579 -0.000362681
638.97 -0.00873994 1 -0.0105257 0.00178577
639.42 -0.00855545 1 -0.0104923 0.00193682
639.87 -0.00837129 1 -0.0104584 0.00208708
640.32 -0.0101875 1 -0.010424 0.000236554
640.76 -0.00800802 1 -0.01039 0.00238196
641.21 -0.00982482 1 -0.0103547 0.000529891
641.66 -0.00864195 1 -0.010319 0.00167705
642.1 -0.00946347 1 -0.0102837 0.000820193
642.55 -0.00928124 1 -0.0102471 0.000965825
643 -0.0100994 1 -0.01021 0.000110689
643.44 -0.00792182 1 -0.0101734 0.00225159
643.89 -0.00874058 1 -0.0101355 0.00139494
644.34 -0.00855968 1 -0.0100972 0.00153754
644.79 -0.00937911 1 -0.0100585 0.000679368
645.23 -0.00720287 1 -0.0100202 0.00281732
645.68 -0.00802296 1 -0.00998062 0.00195766
646.13 -0.00884339 1 -0.00994064 0.00109725
646.57 -0.00766814 1 -0.00990115 0.00223302
647.02 -0.0104892 1 -0.00986037 -0.000628868
647.47 -0.00631067 1 -0.00981918 0.00350851
647.91 -0.00913641 1 -0.00977852 0.000642113
648.36 -0.00895852 1 -0.00973655 0.000778029
648.81 -0.00878097 1 -0.00969419 0.000913212
649.25 -0.00960771 1 -0.00965239 4.46854e-05
649.7 -0.0114308 1 -0.00960927 -0.00182157
650.15 -0.00925433 1 -0.00956577 0.000311446
650.59 -0.00908207 1 -0.00952288 0.000440811
651.04 -0.00890624 1 -0.00947865 0.000572407
651.48 -0.00673465 1 -0.00943504 0.00270039
651.93 -0.00655952 1 -0.00939009 0.00283057
652.38 -0.0103847 1 -0.00934478 -0.00103995
652.82 -0.00821417 1 -0.00930014 0.00108596
653.27 -0.00904008 1 -0.00925413 0.000214049
653.72 -0.00686635 1 -0.00920779 0.00234143
654.16 -0.00869682 1 -0.00916214 0.000465316
654.61 -0.0075238 1 -0.00911512 0.00159133
655.06 -0.00935113 1 -0.00906778 -0.000283348
655.5 -0.0111826 1 -0.00902117 -0.00216147
655.95 -0.0100107 1 -0.00897318 -0.0010375
656.39 -0.0128429 1 -0.00892595 -0.00391695
656.84 -0.0116716 1 -0.00887733 -0.00279432
657.29 -0.00650077 1 -0.00882841 0.00232764
657.73 -0.00833403 1 -0.00878028 0.000446241
658.18 -0.00716387 1 -0.00873075 0.00156688
658.62 -0.00799785 1 -0.00868204 0.000684193
659.07 -0.00782842 1 -0.00863194 0.000803522
659.52 -0.00765935 1 -0.00858155 0.000922196
659.96 -0.0074944 1 -0.008532 0.0010376
660.41 -0.00632606 1 -0.00848105 0.00215499
660.85 -0.00816183 1 -0.00843098 0.000269145
661.3 -0.00799423 1 -0.00837949 0.00038526
661.74 -0.00683072 1 -0.0083289 0.00149818
662.19 -0.00866386 1 -0.00827689 -0.000386967
662.64 -0.00749738 1 -0.00822464 0.000727257
663.08 -0.00833496 1 -0.0081733 -0.000161663
663.53 -0.00916923 1 -0.00812055 -0.00104868
663.97 -0.00800754 1 -0.00806874 6.1198e-05
664.42 -0.00884255 1 -0.00801551 -0.00082704
664.86 -0.0046816 1 -0.00796325 0.00328164
665.31 -0.00651737 1 -0.00790957 0.0013922
665.75 -0.00935716 1 -0.00785687 -0.00150029
666.2 -0.00619369 1 -0.00780275 0.00160906
666.65 -0.0060306 1 -0.00774842 0.00171782
667.09 -0.00787151 1 -0.00769509 -0.000176421
667.54 -0.00570919 1 -0.00764035 0.00193116
667.98 -0.00655085 1 -0.00758664 0.00103578
668.43 -0.0053893 1 -0.0075315 0.0021422
668.87 -0.00823172 1 -0.00747741 -0.000754307
669.32 -0.00707094 1 -0.00742191 0.000350966
669.76 -0.00891411 1 -0.00736746 -0.00154666
670.21 -0.00575411 1 -0.0073116 0.00155748
670.65 -0.010598 1 -0.00725681 -0.00334124
671.1 -0.00743883 1 -0.00720061 -0.000238219
671.54 -0.00628353 1 -0.0071455 0.00086197
671.99 -0.0081251 1 -0.00708899 -0.00103611
672.43 -0.00797057 1 -0.00703358 -0.000936998
672.88 -0.00681293 1 -0.00697676 0.000163827
673.32 -0.00665918 1 -0.00692106 0.000261884
673.77 -0.00850233 1 -0.00686396 -0.00163837
674.21 -0.00734936 1 -0.006808 -0.000541359
674.66 -0.00819331 1 -0.00675063 -0.00144267
675.1 -0.00804112 1 -0.00669442 -0.0013467
675.55 -0.00988587 1 -0.00663681 -0.00324906
675.99 -0.00673447 1 -0.00658036 -0.000154103
676.44 -0.00858003 1 -0.00652252 -0.0020575
676.88 -0.00542942 1 -0.00646586 0.00103645
677.33 -0.00727579 1 -0.00640781 -0.000867973
677.77 -0.00612597 1 -0.00635095 0.000224986
678.22 -0.00697315 1 -0.00629271 -0.000680444
678.66 -0.00782414 1 -0.00623567 -0.00158846
679.11 -0.00767214 1 -0.00617725 -0.00149489
679.55 -0.00552393 1 -0.00612005 0.000596124
679.99 -0.00637611 1 -0.00606278 -0.000313335
680.44 -0.00622535 1 -0.00600413 -0.000221222
680.88 -0.00707834 1 -0.00594671 -0.00113163
681.33 -0.00792841 1 -0.00588793 -0.00204048
681.77 -0.00678221 1 -0.0058304 -0.000951817
682.22 -0.00563311 1 -0.0057715 0.000138385
682.66 -0.00648774 1 -0.00571386 -0.000773877
683.11 -0.00733948 1 -0.00565487 -0.00168461
683.55 -0.00719492 1 -0.00559714 -0.00159778
683.99 -0.00905078 1 -0.00553938 -0.0035114
684.44 -0.00790378 1 -0.00548027 -0.0024235
684.88 -0.00776046 1 -0.00542245 -0.00233801
685.33 -0.0076143 1 -0.00536328 -0.00225102
685.77 -0.00747182 1 -0.00530541 -0.00216641
686.21 -0.00732974 1 -0.00524752 -0.00208222
686.66 -0.00618486 1 -0.0051883 -0.000996561
687.1 -0.00604363 1 -0.00513039 -0.000913234
687.55 -0.00689961 1 -0.00507116 -0.00182845
687.99 -0.00675921 1 -0.00501324 -0.00174597
688.44 -0.00761606 1 -0.00495401 -0.00266205
688.88 -0.00547651 1 -0.0048961 -0.000580408
689.32 -0.00633738 1 -0.0048382 -0.00149918
689.77 -0.00719552 1 -0.004779 -0.00241652
690.21 -0.00705725 1 -0.00472114 -0.00233611
690.65 -0.00691939 1 -0.00466329 -0.0022561
691.1 -0.00377884 1 -0.00460416 0.000825319
691.54 -0.00664184 1 -0.00454637 -0.00209547
691.99 -0.00550217 1 -0.0044873 -0.00101487
692.43 -0.00636604 1 -0.00442958 -0.00193646
692.87 -0.00523033 1 -0.0043719 -0.000858434
693.32 -0.00509198 1 -0.00431295 -0.000779033
693.76 -0.00395714 1 -0.00425536 0.000298216
694.2 -0.00482274 1 -0.00419782 -0.000624915
694.65 -0.00668572 1 -0.00413903 -0.00254669
695.09 -0.00455219 1 -0.0040816 -0.000470583
695.53 -0.00641909 1 -0.00402424 -0.00239485
695.98 -0.00528341 1 -0.00396564 -0.00131778
696.42 -0.00415119 1 -0.0039084 -0.000242788
696.86 -0.00601941 1 -0.00385124 -0.00216817
697.31 -0.00688508 1 -0.00379286 -0.00309222
697.75 -0.00575419 1 -0.00373585 -0.00201834
698.19 -0.00662373 1 -0.00367893 -0.00294481
698.64 -0.00249077 1 -0.00362079 0.00113003
699.08 -0.0043612 1 -0.00356404 -0.000797161
699.52 -0.00523208 1 -0.00350738 -0.0017247
699.97 -0.00610049 1 -0.00344953 -0.00265096
700.41 -0.00397226 1 -0.00339306 -0.000579204
700.85 -0.00584449 1 -0.00333669 -0.0025078
701.3 -0.00771427 1 -0.00327915 -0.00443512
701.74 -0.0065874 1 -0.00322299 -0.00336441
702.18 -0.00346098 1 -0.00316694 -0.000294031
702.63 -0.00633214 1 -0.00310974 -0.00322241
703.07 -0.00520663 1 -0.00305392 -0.00215271
703.51 -0.00408157 1 -0.00299822 -0.00108335
703.96 -0.00395414 1 -0.00294138 -0.00101276
704.4 -0.00683 1 -0.00288593 -0.00394407
704.84 -0.00470631 1 -0.0028306 -0.00187571
705.28 -0.00558308 1 -0.00277541 -0.00280767
705.73 -0.00445752 1 -0.00271909 -0.00173842
706.17 -0.00433521 1 -0.00266417 -0.00167104
706.61 -0.00521336 1 -0.00260938 -0.00260399
707.06 -0.00608922 1 -0.00255349 -0.00353573
707.5 -0.0059683 1 -0.00249898 -0.00346932
707.94 -0.00484785 1 -0.00244463 -0.00240322
708.38 -0.00672786 1 -0.00239042 -0.00433744
708.83 -0.00360562 1 -0.00233513 -0.00127049
709.27 -0.00448656 1 -0.00228123 -0.00220534
709.71 -0.00436798 1 -0.00222748 -0.0021405
710.15 -0.00324986 1 -0.00217389 -0.00107597
710.6 -0.00512954 1 -0.00211924 -0.00301029
711.04 -0.00501236 1 -0.00206598 -0.00294638
711.48 -0.000895661 1 -0.00201288 0.00111722
711.92 -0.00277943 1 -0.00195995 -0.000819482
712.37 -0.00366104 1 -0.00190599 -0.00175506
712.81 -0.00254577 1 -0.0018534 -0.000692369
713.25 -0.00443097 1 -0.00180098 -0.00262998
713.69 -0.00331664 1 -0.00174875 -0.00156789
714.13 -0.000202787 1 -0.00169669 0.0014939
714.58 -0.00508684 1 -0.00164363 -0.00344321
715.02 -0.00397395 1 -0.00159193 -0.00238202
715.46 -0.00486155 1 -0.00154042 -0.00332113
715.9 -0.00674962 1 -0.0014891 -0.00526052
716.35 -0.00363565 1 -0.0014368 -0.00219885
716.79 -0.00252469 1 -0.00138586 -0.00113884
717.23 -0.00241422 1 -0.00133511 -0.00107912
717.67 -0.00230424 1 -0.00128455 -0.00101969
718.11 -0.00119474 1 -0.00123419 3.94497e-05
718.56 -0.00208325 1 -0.00118288 -0.000900366
719 -0.00297473 1 -0.00113292 -0.00184181
719.44 -0.0018667 1 -0.00108316 -0.000783542
719.88 -0.00075916 1 -0.0010336 0.000274439
720.32 -0.00265211 1 -0.000984243 -0.00166787
720.76 0.000454451 1 -0.000935093 0.00138954
721.21 -0.00243708 1 -0.00088504 -0.00155204
721.65 -0.00333151 1 -0.000836309 -0.0024952
722.09 -0.00322644 1 -0.000787789 -0.00243865
722.53 -0.00312187 1 -0.00073948 -0.00238239
722.97 -0.00101779 1 -0.000691384 -0.000326404
723.41 -0.00191421 1 -0.000643502 -0.0012707
723.86 0.000191216 1 -0.000594755 0.00078597
724.3 -0.00070621 1 -0.000547311 -0.0001589
724.74 0.00239586 1 -0.000500084 0.00289595
725.18 -0.00250256 1 -0.000453078 -0.00204949
725.62 0.000598508 1 -0.000406292 0.0010048
726.06 0.000699077 1 -0.000359728 0.0010588
726.5 -0.00120086 1 -0.000313386 -0.000887472
726.95 -9.90422e-05 1 -0.000266224 0.000167182
727.39 0 1 -0.000220338 0.000220338
727.83 -0.00190146 1 -0.000174678 -0.00172679
728.27 0.00119657 1 -0.000129245 0.00132581
728.71 0.0012941 1 -8.4041e-05 0.00137814
729.15 0.00239114 1 -3.90663e-05 0.0024302
729.59 0.00248768 1 5.67813e-06 0.002482
730.03 0.000583731 1 5.01913e-05 0.000533539
730.48 0.000681463 1 9.5476e-05 0.000585987
730.92 -0.000223466 1 0.000139519 -0.000362985
731.36 0.000871126 1 0.000183328 0.000687798
731.8 0.000965241 1 0.000226902 0.000738339
732.24 0.00105888 1 0.000270241 0.000788642
732.68 -0.000847944 1 0.000313344 -0.00116129
733.12 0.000244763 1 0.00035621 -0.000111448
733.56 0.00133701 1 0.000398839 0.000938167
734 0.00242879 1 0.00044123 0.00198756
734.44 0.00452012 1 0.000483382 0.00403674
734.89 0.00261305 1 0.000526244 0.00208681
735.33 0.00370347 1 0.000567912 0.00313556
735.77 0.00579344 1 0.000609339 0.0051841
736.21 0.00288297 1 0.000650525 0.00223244
736.65 0.000972059 1 0.00069147 0.000280588
737.09 0.00306071 1 0.000732174 0.00232854
737.53 0.00414893 1 0.000772635 0.0033763
737.97 0.00423673 1 0.000812853 0.00342387
738.41 0.00432409 1 0.000852829 0.00347126
738.85 0.00641104 1 0.000892562 0.00551847
739.29 0.00549756 1 0.000932051 0.00456551
739.73 0.00458367 1 0.000971296 0.00361238
740.17 0.00466937 1 0.0010103 0.00365907
740.61 0.00475466 1 0.00104905 0.00370561
741.05 0.00383955 1 0.00108757 0.00275198
741.49 0.00592403 1 0.00112584 0.00479819
741.93 0.00500812 1 0.00116386 0.00384426
742.37 0.00309181 1 0.00120164 0.00189017
742.81 0.0041751 1 0.00123917 0.00293593
743.26 0.00625989 1 0.00127731 0.00498259
743.7 0.00334241 1 0.00131434 0.00202807
744.14 0.00742455 1 0.00135114 0.00607341
744.58 0.0045063 1 0.00138768 0.00311862
745.02 0.00458768 1 0.00142399 0.0031637
745.46 0.0046687 1 0.00146005 0.00320865
745.9 0.00374934 1 0.00149586 0.00225348
746.34 0.00582962 1 0.00153143 0.00429819
746.78 0.00490954 1 0.00156675 0.00334278
747.22 0.0059891 1 0.00160183 0.00438727
747.66 0.0070683 1 0.00163667 0.00543164
748.1 0.00414716 1 0.00167126 0.0024759
748.54 0.00522567 1 0.00170561 0.00352006
748.98 0.00430383 1 0.00173971 0.00256412
749.42 0.00638165 1 0.00177357 0.00460808
749.86 0.00445914 1 0.00180719 0.00265195
750.29 0.00553454 1 0.00183981 0.00369473
750.73 0.00161137 1 0.00187294 -0.000261575
751.17 0.00368787 1 0.00190584 0.00178203
751.61 0.00376405 1 0.00193849 0.00182555
752.05 0.00683991 1 0.00197091 0.004869
752.49 0.00391545 1 0.00200308 0.00191237
752.93 0.00399067 1 0.00203501 0.00195566
753.37 0.00406559 1 0.0020667 0.00199889
753.81 0.0021402 1 0.00209815 4.20457e-05
754.25 0.0042145 1 0.00212936 0.00208514
754.69 0.00128851 1 0.00216034 -0.000871829
755.13 0.00536222 1 0.00219107 0.00317114
755.57 0.00743563 1 0.00222157 0.00521406
756.01 0.00550876 1 0.00225183 0.00325693
756.45 0.00758159 1 0.00228185 0.00529974
756.89 0.00665415 1 0.00231164 0.00434251
757.33 0.00572643 1 0.0023412 0.00338523
757.77 0.00279842 1 0.00237052 0.00042791
758.21 0.00387015 1 0.0023996 0.00147055
758.64 0.00193999 1 0.0024278 -0.000487811
759.08 1.11825e-05 1 0.00245642 -0.00244524
759.52 0.00408212 1 0.00248481 0.0015973
759.96 0.00715279 1 0.00251297 0.00463982
760.4 0.00422321 1 0.0025409 0.0016823
760.84 0.00129337 1 0.0025686 -0.00127523
761.28 0.00336329 1 0.00259607 0.000767212
761.72 0.00343296 1 0.00262332 0.000809638
762.16 0.00350238 1 0.00265033 0.00085205
762.6 0.00257157 1 0.00267712 -0.000105551
763.03 0.000638956 1 0.00270308 -0.00206413
763.47 0.00270768 1 0.00272942 -2.17435e-05
763.91 0.00477618 1 0.00275554 0.00202063
764.35 0.00284444 1 0.00278144 6.30086e-05
764.79 0.00191249 1 0.00280711 -0.000894616
765.23 0.000980319 1 0.00283256 -0.00185224
765.67 0.00404793 1 0.00285779 0.00119015
766.11 0.00111533 1 0.00288279 -0.00176746
766.54 -0.000819003 1 0.00290702 -0.00372603
766.98 0.00424799 1 0.0029316 0.00131639
767.42 0.00531478 1 0.00295596 0.00235882
767.86 0.000381364 1 0.0029801 -0.00259874
768.3 0.00244776 1 0.00300403 -0.00055627
768.74 0.00451396 1 0.00302774 0.00148622
769.17 0.00557848 1 0.00305071 0.00252777
769.61 0.00564431 1 0.003074 0.00257031
770.05 0.00570996 1 0.00309708 0.00261288
770.49 0.00477543 1 0.00311995 0.00165548
770.93 0.00684073 1 0.00314261 0.00369812
771.37 0.00190585 1 0.00316506 -0.00125921
771.8 0.00196933 1 0.0031868 -0.00121746
772.24 0.00203413 1 0.00320884 -0.00117471
772.68 0.00209876 1 0.00323068 -0.00113191
773.12 0.00216324 1 0.00325231 -0.00108907
773.56 0.00222756 1 0.00327373 -0.00104618
774 0.00129173 1 0.00329496 -0.00200323
774.43 -0.0016457 1 0.00331551 -0.00496121
774.87 0.00241817 1 0.00333634 -0.000918161
775.31 0.000481912 1 0.00335696 -0.00287505
775.75 0.00354551 1 0.0033774 0.000168117
776.19 0.00160898 1 0.00339763 -0.00178865
776.62 0.00167087 1 0.00341721 -0.00174634
777.06 0.00473408 1 0.00343706 0.00129702
777.5 0.00279717 1 0.00345671 -0.000659547
777.94 0.00186013 1 0.00347618 -0.00161604
778.37 0.000921549 1 0.00349501 -0.00257346
778.81 0.00298428 1 0.00351409 -0.000529809
779.25 0.00204691 1 0.00353299 -0.00148608
779.69 0.00310942 1 0.00355169 -0.00044227
780.13 0.00317183 1 0.00357021 -0.000398378
780.56 0.00423273 1 0.00358813 0.000644599
781 0.00329494 1 0.00360628 -0.000311339
781.44 0.00435706 1 0.00362425 0.000732813
781.88 0.00041909 1 0.00364203 -0.00322294
782.31 0.00247963 1 0.00365924 -0.00117962
782.75 0.000541485 1 0.00367667 -0.00313518
783.19 0.00260326 1 0.00369392 -0.00109065
783.63 0.000664965 1 0.00371099 -0.00304602
784.06 -0.000274807 1 0.0037275 -0.00400231
784.5 0.00678675 1 0.00374423 0.00304253
784.94 0.00184824 1 0.00376077 -0.00191253
785.37 0.00390827 1 0.00377678 0.000131496
785.81 0.00396964 1 0.00379299 0.000176657
786.25 0.00103095 1 0.00380902 -0.00277807
786.69 0.00309221 1 0.00382489 -0.000732678
787.12 0.00415203 1 0.00384023 0.000311795
787.56 0.000213188 1 0.00385577 -0.00364258
788 0.00727431 1 0.00387113 0.00340317
788.43 0.00433399 1 0.00388599 0.000448
788.87 0.00139504 1 0.00390104 -0.002506
789.31 0.000456042 1 0.00391592 -0.00345988
789.75 0.00451702 1 0.00393064 0.000586383
790.18 0.00157658 1 0.00394487 -0.00236828
790.62 0.00163751 1 0.00395927 -0.00232176
791.06 0.00169842 1 0.00397351 -0.0022751
791.49 0.00175792 1 0.00398728 -0.00222936
791.93 0.0018188 1 0.00400122 -0.00218242
792.37 0.00287967 1 0.004015 -0.00113533
792.8 0.000939143 1 0.00402832 -0.00308918
793.24 0 1 0.0040418 -0.0040418
793.68 6.08567e-05 1 0.00405513 -0.00399427
794.11 0.00112033 1 0.00406801 -0.00294767
794.55 0.0041812 1 0.00408104 0.000100159
794.99 0.00324208 1 0.00409393 -0.00085185
795.42 0.00330158 1 0.00410638 -0.000804796
795.86 0.00536249 1 0.00411898 0.00124351
796.3 0.000423417 1 0.00413143 -0.00370801
796.73 0.00348298 1 0.00414346 -0.000660482
797.17 0.00254396 1 0.00415564 -0.00161168
797.61 0.00360496 1 0.00416767 -0.000562703
798.04 0.000664618 1 0.00417929 -0.00351467
798.48 0.00272569 1 0.00419105 -0.00146535
798.91 -0.000214578 1 0.00420241 -0.00441699
799.35 0.000846582 1 0.00421389 -0.00336731
799.79 0.00390779 1 0.00422525 -0.000317459
800.22 0.00396765 1 0.00423621 -0.000268561
800.66 -0.000971037 1 0.0042473 -0.00521834
801.1 0.00209033 1 0.00425826 -0.00216793
