500.34 0.000158454 1 2.49773e-08 0.00015843
500.8 -0.00043182 1 2.77874e-08 -0.000431847
501.25 0.00196901 1 3.08302e-08 0.00196898
501.71 -0.00262124 1 3.42716e-08 -0.00262127
502.17 -0.00221148 1 3.80819e-08 -0.00221152
502.62 0.00118937 1 4.22027e-08 0.00118933
503.08 -0.00240086 1 4.68577e-08 -0.00240091
503.53 0 1 5.18878e-08 -5.18878e-08
503.99 -0.00459023 1 5.75655e-08 -0.00459029
504.44 -0.00118937 1 6.36958e-08 -0.00118944
504.9 0.000220391 1 7.06095e-08 0.000220321
505.36 -0.00436985 1 7.82424e-08 -0.00436993
505.81 -0.00396901 1 8.64736e-08 -0.0039691
506.27 -0.00155927 1 9.57456e-08 -0.00155937
506.72 -0.00215845 1 1.05736e-07 -0.00215856
507.18 0.000251257 1 1.16981e-07 0.00025114
507.63 -0.00234795 1 1.29087e-07 -0.00234808
508.09 6.17214e-05 1 1.42702e-07 6.15787e-05
508.54 -0.00353753 1 1.57348e-07 -0.00353769
509 -0.0021279 1 1.73806e-07 -0.00212807
509.45 -0.00272719 1 1.91497e-07 -0.00272738
509.91 -0.00331761 1 2.11359e-07 -0.00331782
510.36 -0.00291696 1 2.32691e-07 -0.00291719
510.82 -0.00250744 1 2.56622e-07 -0.0025077
511.27 -0.00310685 1 2.82304e-07 -0.00310714
511.73 -0.0026974 1 3.11091e-07 -0.00269771
512.19 -0.00528798 1 3.42677e-07 -0.00528833
512.64 -0.00588751 1 3.76531e-07 -0.00588788
513.1 -0.00447817 1 4.14433e-07 -0.00447858
513.55 -0.00207778 1 4.55024e-07 -0.00207823
514.01 -0.00566853 1 5.0043e-07 -0.00566903
514.46 -0.00426822 1 5.49018e-07 -0.00426877
514.92 -0.00485907 1 6.03326e-07 -0.00485968
515.37 -0.00545887 1 6.61391e-07 -0.00545953
515.83 -0.00304982 1 7.26239e-07 -0.00305055
516.28 -0.00564973 1 7.95517e-07 -0.00565052
516.73 -0.00724968 1 8.7107e-07 -0.00725055
517.19 -0.00584081 1 9.55346e-07 -0.00584177
517.64 -0.00744089 1 1.04527e-06 -0.00744193
518.1 -0.00503214 1 1.14549e-06 -0.00503328
518.55 -0.00763234 1 1.25234e-06 -0.00763359
519.01 -0.00722373 1 1.37133e-06 -0.0072251
519.46 -0.00682407 1 1.49808e-06 -0.00682557
519.92 -0.0064156 1 1.63912e-06 -0.00641724
520.37 -0.00601608 1 1.78924e-06 -0.00601787
520.83 -0.00560776 1 1.95614e-06 -0.00560971
521.28 -0.00520839 1 2.13364e-06 -0.00521052
521.74 -0.00480023 1 2.33082e-06 -0.00480256
522.19 -0.00640102 1 2.54035e-06 -0.00640356
522.65 -0.00799302 1 2.77291e-06 -0.0079958
523.1 -0.00659398 1 3.01984e-06 -0.006597
523.55 -0.00519503 1 3.2875e-06 -0.00519831
524.01 -0.00478729 1 3.58423e-06 -0.00479088
524.46 -0.00538852 1 3.89889e-06 -0.00539242
524.92 -0.00698098 1 4.24743e-06 -0.00698522
525.37 -0.00558239 1 4.61674e-06 -0.005587
525.83 -0.00817504 1 5.02547e-06 -0.00818006
526.28 -0.00777664 1 5.45819e-06 -0.0077821
526.73 -0.00737835 1 5.9259e-06 -0.00738428
527.19 -0.00597131 1 6.44291e-06 -0.00597775
527.64 -0.00357322 1 6.98959e-06 -0.00358021
528.1 -0.0071664 1 7.59337e-06 -0.00717399
528.55 -0.00676853 1 8.23129e-06 -0.00677676
529.01 -0.00536193 1 8.93526e-06 -0.00537086
529.46 -0.00596428 1 9.6784e-06 -0.00597396
529.91 -0.00356675 1 1.04793e-05 -0.00357723
530.37 -0.0061605 1 1.13621e-05 -0.00617186
530.82 -0.0077632 1 1.22928e-05 -0.00777549
531.28 -0.00935719 1 1.33178e-05 -0.00937051
531.73 -0.00696014 1 1.43976e-05 -0.00697454
532.18 -0.00856321 1 1.5559e-05 -0.00857877
532.64 -0.00515758 1 1.68364e-05 -0.00517442
533.09 -0.00676091 1 1.81804e-05 -0.00677909
533.54 -0.00636436 1 1.96241e-05 -0.00638399
534 -0.00795914 1 2.12102e-05 -0.00798035
534.45 -0.00556286 1 2.28768e-05 -0.00558574
534.91 -0.00415791 1 2.47061e-05 -0.00418262
535.36 -0.00376191 1 2.66268e-05 -0.00378854
535.81 -0.00636605 1 2.86858e-05 -0.00639473
536.27 -0.00596153 1 3.0943e-05 -0.00599247
536.72 -0.00456595 1 3.331e-05 -0.00459926
537.17 -0.00617052 1 3.58443e-05 -0.00620637
537.63 -0.00576646 1 3.8619e-05 -0.00580508
538.08 -0.00937133 1 4.1525e-05 -0.00941285
538.54 -0.00596757 1 4.47041e-05 -0.00601228
538.99 -0.00757275 1 4.80308e-05 -0.00762078
539.44 -0.00517808 1 5.15853e-05 -0.00522966
539.9 -0.0057748 1 5.54688e-05 -0.00583027
540.35 -0.00738046 1 5.95276e-05 -0.00743998
540.8 -0.00598627 1 6.38589e-05 -0.00605013
541.26 -0.00658349 1 6.85852e-05 -0.00665208
541.71 -0.00918963 1 7.35186e-05 -0.00926315
542.16 -0.00579595 1 7.87767e-05 -0.00587472
542.62 -0.00739369 1 8.4507e-05 -0.00747819
543.07 -0.00500034 1 9.04808e-05 -0.00509082
543.52 -0.00260717 1 9.68398e-05 -0.00270401
543.98 -0.00520544 1 0.000103761 -0.0053092
544.43 -0.00581263 1 0.000110967 -0.0059236
544.88 -0.00741999 1 0.000118629 -0.00753862
545.34 -0.00501882 1 0.000126957 -0.00514578
545.79 -0.00562655 1 0.000135617 -0.00576217
546.24 -0.00723447 1 0.000144813 -0.00737928
546.69 -0.00284257 1 0.000154572 -0.00299714
547.15 -0.00444216 1 0.000165164 -0.00460733
547.6 -0.00605065 1 0.000176158 -0.00622681
548.05 -0.00365933 1 0.000187813 -0.00384714
548.51 -0.00725952 1 0.000200444 -0.00745996
548.96 -0.00286859 1 0.00021354 -0.00308213
549.41 -0.00347787 1 0.000227405 -0.00370528
549.86 -0.00308735 1 0.000242076 -0.00332942
550.32 -0.00268836 1 0.000257951 -0.00294631
550.77 -0.00429824 1 0.00027438 -0.00457262
551.22 -0.00290834 1 0.000291745 -0.00320009
551.68 -0.00550999 1 0.000310509 -0.0058205
552.13 -0.00412051 1 0.000329904 -0.00445041
552.58 -0.00373124 1 0.000350376 -0.00408162
553.03 -0.00434219 1 0.000371976 -0.00471416
553.49 -0.00194471 1 0.000395277 -0.00233999
553.94 -0.0035561 1 0.00041932 -0.00397542
554.39 -0.00316771 1 0.000444656 -0.00361236
554.84 -0.00277954 1 0.000471341 -0.00325088
555.3 -0.000382976 1 0.000500077 -0.000883054
555.75 -0.00199526 1 0.000529678 -0.00252494
556.2 -0.00260778 1 0.000560817 -0.0031686
556.65 -0.00222052 1 0.000593558 -0.00281408
557.11 -0.00282491 1 0.000628754 -0.00345366
557.56 -0.00243812 1 0.000664947 -0.00310307
558.01 -0.00105158 1 0.000702953 -0.00175453
558.46 0.00133473 1 0.000742847 0.000591881
558.92 -0.00127063 1 0.000785657 -0.00205629
559.37 -0.00188481 1 0.000829601 -0.00271441
559.82 0.000500763 1 0.000875668 -0.000374905
560.27 -0.000113909 1 0.000923939 -0.00103785
560.72 -0.00272883 1 0.000974497 -0.00370333
561.18 -0.00233545 1 0.00102863 -0.00336408
561.63 -0.000950881 1 0.00108408 -0.00203496
562.08 -0.00156656 1 0.00114208 -0.00270864
562.53 -0.000182504 1 0.00120272 -0.00138522
562.99 -0.000790176 1 0.00126753 -0.00205771
563.44 0.00059336 1 0.0013338 -0.000740437
563.89 0.000976634 1 0.00140299 -0.000426357
564.34 0.000359644 1 0.00147521 -0.00111557
564.79 0.000742387 1 0.00155055 -0.000808163
565.25 0.00113336 1 0.0016309 -0.000497539
565.7 -0.00148444 1 0.00171286 -0.0031973
566.15 -0.000102514 1 0.00179826 -0.00190077
566.6 0.000279139 1 0.00188719 -0.00160805
567.05 0.000660515 1 0.00197976 -0.00131924
567.5 0.00204161 1 0.00207607 -3.44556e-05
567.96 0.000430893 1 0.00217851 -0.00174761
568.41 0.00281142 1 0.00228272 0.000528704
568.86 0.00219167 1 0.002391 -0.000199331
569.31 0.00157163 1 0.00250346 -0.00093183
569.76 0.0029513 1 0.00262021 0.000331098
570.21 0.00233069 1 0.00274134 -0.000410658
570.67 0.0037182 1 0.00286983 0.00084837
571.12 0.00509699 1 0.00300018 0.00209681
571.57 0.00447548 1 0.00313526 0.00134023
572.02 0.00185368 1 0.00327515 -0.00142147
572.47 0.00223158 1 0.00341999 -0.00118841
572.92 0.00260917 1 0.00356985 -0.000960682
573.37 0.00398646 1 0.00372486 0.000261601
573.83 0.000371825 1 0.00388874 -0.00351691
574.28 0.0037485 1 0.00405445 -0.000305951
574.73 0.00412486 1 0.0042256 -0.000100745
575.18 0.00350091 1 0.0044023 -0.000901388
575.63 0.00387664 1 0.00458462 -0.000707976
576.08 0.00325207 1 0.00477267 -0.0015206
576.53 0.00562717 1 0.00496653 0.000660643
576.98 0.00500195 1 0.00516628 -0.000164326
577.44 0.00338473 1 0.00537665 -0.00199192
577.89 0.00475886 1 0.00558856 -0.0008297
578.34 0.00513267 1 0.00580661 -0.000673939
578.79 0.00750615 1 0.00603085 0.0014753
579.24 0.0078793 1 0.00626135 0.00161794
579.69 0.00725212 1 0.00649818 0.000753937
580.14 0.0056246 1 0.00674138 -0.00111678
580.59 0.00599675 1 0.006991 -0.000994253
581.04 0.00636856 1 0.00724709 -0.000878532
581.49 0.00674003 1 0.00750969 -0.000769655
581.95 0.00711941 1 0.00778488 -0.000665468
582.4 0.00749019 1 0.00806072 -0.000570527
582.85 0.00786062 1 0.00834313 -0.00048251
583.3 0.00923071 1 0.00863214 0.00059857
583.75 0.00860045 1 0.00892774 -0.000327293
584.2 0.00996984 1 0.00922994 0.000739903
584.65 0.00933887 1 0.00953871 -0.000199832
585.1 0.00870755 1 0.00985403 -0.00114648
585.55 0.00907588 1 0.0101759 -0.00110002
586 0.0104438 1 0.0105042 -6.04041e-05
586.45 0.0108114 1 0.010839 -2.76026e-05
586.9 0.0111787 1 0.0111802 -1.55936e-06
587.35 0.0115456 1 0.0115278 1.77866e-05
587.8 0.0129121 1 0.0118816 0.00103051
588.25 0.0122782 1 0.0122415 3.66756e-05
588.71 0.0146521 1 0.0126158 0.00203631
589.16 0.0130175 1 0.012988 2.95181e-05
589.61 0.0133825 1 0.013366 1.64781e-05
590.06 0.0137471 1 0.0137498 -2.69418e-06
590.51 0.0151114 1 0.0141393 0.000972129
590.96 0.0154753 1 0.0145342 0.000941086
591.41 0.0148388 1 0.0149344 -9.56759e-05
591.86 0.0152019 1 0.0153399 -0.000137999
592.31 0.0155646 1 0.0157503 -0.000185716
592.76 0.0179269 1 0.0161656 0.00176135
593.21 0.0162889 1 0.0165855 -0.000296612
593.66 0.0176504 1 0.0170098 0.000640592
594.11 0.0200116 1 0.0174384 0.00257317
594.56 0.0183723 1 0.017871 0.000501338
595.01 0.0197327 1 0.0183074 0.00142532
595.46 0.0190926 1 0.0187473 0.000345351
595.91 0.0194522 1 0.0191905 0.000261672
596.36 0.0208114 1 0.0196368 0.00117454
596.81 0.0221701 1 0.0200859 0.0020842
597.26 0.0205284 1 0.0205375 -9.06455e-06
597.71 0.0218864 1 0.0209914 0.000895013
598.16 0.0232439 1 0.0214472 0.00179672
598.61 0.023601 1 0.0219047 0.00169633
599.06 0.0249577 1 0.0223635 0.00259416
599.51 0.0263139 1 0.0228234 0.0034905
599.96 0.0256698 1 0.0232841 0.00238565
600.41 0.0250252 1 0.0237453 0.00127993
600.86 0.0263802 1 0.0242066 0.00217365
601.31 0.0257348 1 0.0246677 0.00106712
601.76 0.0280889 1 0.0251283 0.00296068
602.21 0.0274427 1 0.025588 0.00185464
602.65 0.0267881 1 0.0260364 0.000751651
603.1 0.028141 1 0.0264936 0.00164736
603.55 0.0284934 1 0.0269489 0.00154444
604 0.0268454 1 0.0274022 -0.000556793
604.45 0.0281969 1 0.0278529 0.000343991
604.9 0.029548 1 0.0283009 0.00124711
605.35 0.0288987 1 0.0287458 0.000152876
605.8 0.0282489 1 0.0291873 -0.000938395
606.25 0.0305987 1 0.0296251 0.0009736
606.7 0.031948 1 0.0300588 0.00188916
607.15 0.0292969 1 0.0304883 -0.00119142
607.6 0.0306453 1 0.0309131 -0.000267853
608.05 0.0299932 1 0.0313331 -0.00133987
608.5 0.0333407 1 0.0317479 0.00159279
608.95 0.0326878 1 0.0321574 0.000530389
609.39 0.0330267 1 0.0325523 0.000474376
609.84 0.0333728 1 0.0329504 0.000422428
610.29 0.0347185 1 0.0333424 0.00137609
610.74 0.0340636 1 0.0337281 0.000335559
611.19 0.0344084 1 0.0341074 0.000301016
611.64 0.0347526 1 0.03448 0.000272623
612.09 0.0350964 1 0.0348459 0.000250525
612.54 0.0364397 1 0.0352049 0.00123485
612.99 0.0327825 1 0.0355569 -0.00277431
613.44 0.0351249 1 0.0359018 -0.000776859
613.88 0.0374592 1 0.0362321 0.00122709
614.33 0.0348006 1 0.0365628 -0.00176224
614.78 0.0361415 1 0.0368863 -0.000744852
615.23 0.0354819 1 0.0372027 -0.00172076
615.68 0.0348218 1 0.0375118 -0.00269001
616.13 0.0351613 1 0.0378139 -0.00265266
616.58 0.0375002 1 0.038109 -0.000608795
617.03 0.0358387 1 0.0383972 -0.00255854
617.47 0.0381691 1 0.0386725 -0.000503365
617.92 0.0365066 1 0.0389475 -0.00244093
618.37 0.0368436 1 0.0392162 -0.00237263
618.82 0.0391801 1 0.0394787 -0.000298688
619.27 0.038516 1 0.0397354 -0.00121937
619.72 0.0378515 1 0.0399865 -0.00213497
620.17 0.0391864 1 0.0402322 -0.00104581
620.61 0.0385134 1 0.0404678 -0.00195436
621.06 0.0398474 1 0.0407042 -0.000856831
621.51 0.0391808 1 0.0409365 -0.00175566
621.96 0.0385137 1 0.041165 -0.00265128
622.41 0.0408461 1 0.0413903 -0.000544158
622.86 0.041178 1 0.0416127 -0.00043477
623.3 0.039502 1 0.0418281 -0.00232612
623.75 0.0418328 1 0.0420466 -0.000213786
624.2 0.0411631 1 0.0422639 -0.00110079
624.65 0.0394929 1 0.0424806 -0.0029877
625.1 0.0418221 1 0.0426972 -0.000875115
625.54 0.0391435 1 0.0429097 -0.00376612
625.99 0.0424717 1 0.0431281 -0.000656388
626.44 0.0417994 1 0.0433484 -0.00154905
626.89 0.0441265 1 0.0435713 0.000555231
627.34 0.0464531 1 0.0437973 0.00265578
627.78 0.0447719 1 0.044022 0.000749836
628.23 0.0420974 1 0.0442564 -0.002159
628.68 0.0434224 1 0.044496 -0.0010736
629.13 0.0427468 1 0.0447414 -0.00199466
629.58 0.0440706 1 0.0449935 -0.000922865
630.02 0.0453868 1 0.045247 0.000139781
630.47 0.0437095 1 0.0455141 -0.00180454
630.92 0.0460317 1 0.0457897 0.000242006
631.37 0.0443534 1 0.0460746 -0.00172123
631.81 0.0456674 1 0.0463627 -0.000695338
632.26 0.0469879 1 0.0466676 0.000320264
632.71 0.0463079 1 0.0469836 -0.000675709
633.16 0.0476273 1 0.0473111 0.000316194
633.61 0.0489462 1 0.0476507 0.00129546
634.05 0.0472574 1 0.0479949 -0.000737509
634.5 0.0495751 1 0.0483597 0.00121537
634.95 0.0488923 1 0.048738 0.000154284
635.4 0.0512088 1 0.0491299 0.00207889
635.84 0.0535178 1 0.0495268 0.00399103
636.29 0.0518332 1 0.0499468 0.00188647
636.74 0.0541481 1 0.0503813 0.00376684
637.18 0.0544554 1 0.0508202 0.00363516
637.63 0.0517691 1 0.0512837 0.000485365
638.08 0.0510822 1 0.0517619 -0.000679737
638.53 0.0543947 1 0.0522548 0.0021399
638.97 0.0526997 1 0.0527508 -5.10989e-05
639.42 0.0550111 1 0.0532723 0.00173877
639.87 0.0573218 1 0.0538079 0.00351393
640.32 0.056632 1 0.0543572 0.00227473
640.76 0.0599347 1 0.0549073 0.00502734
641.21 0.0562436 1 0.0554826 0.000760984
641.66 0.056552 1 0.0560703 0.000481703
642.1 0.0598529 1 0.0566562 0.00319674
642.55 0.0581601 1 0.0572663 0.000893838
643 0.0574667 1 0.0578865 -0.000419866
643.44 0.0617658 1 0.058502 0.00326379
643.89 0.0620712 1 0.0591398 0.00293135
644.34 0.0623759 1 0.059785 0.00259091
644.79 0.06168 1 0.0604365 0.00124356
645.23 0.0619768 1 0.0610784 0.00089837
645.68 0.0622797 1 0.0617388 0.000540849
646.13 0.063582 1 0.0624019 0.00118008
646.57 0.0638769 1 0.0630514 0.000825484
647.02 0.063178 1 0.0637156 -0.00053766
647.47 0.0664784 1 0.0643782 0.00210016
647.91 0.0657715 1 0.0650231 0.000748423
648.36 0.0680707 1 0.065678 0.00239268
648.81 0.0663692 1 0.0663266 4.2577e-05
649.25 0.0666605 1 0.0669532 -0.000292714
649.7 0.0669577 1 0.0675845 -0.000626778
650.15 0.0662544 1 0.0682046 -0.0019502
650.59 0.0675438 1 0.0687983 -0.00125448
651.04 0.0688391 1 0.0693909 -0.000551744
651.48 0.0731273 1 0.0699544 0.0031729
651.93 0.0704214 1 0.0705127 -9.13324e-05
652.38 0.0697148 1 0.0710511 -0.00133625
652.82 0.0690011 1 0.0715565 -0.00255538
653.27 0.0712932 1 0.0720502 -0.000756977
653.72 0.0715847 1 0.0725188 -0.000934112
654.16 0.0698691 1 0.0729511 -0.00308205
654.61 0.0741593 1 0.0733652 0.000794106
655.06 0.0724488 1 0.0737492 -0.00130039
655.5 0.0717312 1 0.0740942 -0.00236292
655.95 0.0710194 1 0.0744143 -0.00339486
656.39 0.0663006 1 0.074694 -0.00839341
656.84 0.0715875 1 0.0749446 -0.00335716
657.29 0.0758737 1 0.0751582 0.000715542
657.73 0.0721529 1 0.0753299 -0.00317696
658.18 0.0734378 1 0.0754664 -0.00202866
658.62 0.0747157 1 0.0755608 -0.000845138
659.07 0.0739992 1 0.0756163 -0.00161712
659.52 0.0752821 1 0.0756295 -0.000347452
659.96 0.074558 1 0.0756008 -0.00104278
660.41 0.0758395 1 0.0755281 0.000311399
660.85 0.0731141 1 0.0754142 -0.00230013
661.3 0.0733942 1 0.0752535 -0.00185926
661.74 0.0726675 1 0.0750528 -0.00238527
662.19 0.0709463 1 0.0748027 -0.0038564
662.64 0.0722244 1 0.0745072 -0.0022828
663.08 0.0704956 1 0.0741743 -0.00367872
663.53 0.0737723 1 0.0737891 -1.67982e-05
663.97 0.0720422 1 0.0733689 -0.00132668
664.42 0.0723175 1 0.0728948 -0.000577341
664.86 0.073586 1 0.0723885 0.00119749
665.31 0.0718599 1 0.0718275 3.24589e-05
665.75 0.0691271 1 0.0712373 -0.00211018
666.2 0.0703996 1 0.0705918 -0.000192218
666.65 0.0696714 1 0.069905 -0.00023357
667.09 0.0689365 1 0.0691943 -0.000257832
667.54 0.0692069 1 0.0684286 0.000778285
667.98 0.0694706 1 0.067643 0.00182761
668.43 0.0667396 1 0.066803 -6.3407e-05
668.87 0.0680019 1 0.0659472 0.00205467
669.32 0.0662694 1 0.0650382 0.00123125
669.76 0.0665303 1 0.0641177 0.00241261
670.21 0.0667964 1 0.0631455 0.00365092
670.65 0.0620559 1 0.0621663 -0.00011041
671.1 0.0643206 1 0.0611373 0.00318326
671.54 0.0625786 1 0.0601058 0.00247278
671.99 0.0608418 1 0.0590268 0.00181502
672.43 0.0600985 1 0.0579499 0.00214859
672.88 0.0583602 1 0.056828 0.00153228
673.32 0.0596154 1 0.0557126 0.00390283
673.77 0.0548757 1 0.0545551 0.000320651
674.21 0.0561295 1 0.0534086 0.00272093
674.66 0.0553883 1 0.0522229 0.00316542
675.1 0.0516406 1 0.0510525 0.000588118
675.55 0.052898 1 0.0498462 0.0030518
675.99 0.0501488 1 0.0486592 0.00148962
676.44 0.0484047 1 0.0474396 0.000965082
676.88 0.0496541 1 0.0462432 0.00341084
677.33 0.0479084 1 0.0450176 0.00289081
677.77 0.0461564 1 0.0438189 0.00233751
678.22 0.0434092 1 0.0425942 0.000814978
678.66 0.0416557 1 0.0413998 0.000255906
679.11 0.039907 1 0.0401828 -0.000275845
679.55 0.043152 1 0.038999 0.00415293
679.99 0.0383962 1 0.0378227 0.000573457
680.44 0.0396452 1 0.036629 0.00301628
680.88 0.036888 1 0.0354721 0.00141588
681.33 0.0351355 1 0.034301 0.000834533
681.77 0.0313767 1 0.0331688 -0.00179207
682.22 0.0346227 1 0.0320254 0.00259727
682.66 0.0318624 1 0.0309228 0.000939678
683.11 0.0291068 1 0.0298118 -0.000704907
683.55 0.0293451 1 0.0287428 0.000602285
683.99 0.0285825 1 0.0276919 0.000890671
684.44 0.0268246 1 0.0266366 0.000188019
684.88 0.0250606 1 0.0256247 -0.000564107
685.33 0.0243011 1 0.0246108 -0.000309714
685.77 0.0225355 1 0.0236407 -0.00110519
686.21 0.0217691 1 0.0226921 -0.000922977
686.66 0.0200073 1 0.0217447 -0.00173748
687.1 0.0192393 1 0.0208412 -0.00160183
687.55 0.0164759 1 0.0199407 -0.00346477
687.99 0.0187065 1 0.0190836 -0.000377153
688.44 0.0179414 1 0.0182312 -0.000289782
688.88 0.0151704 1 0.0174216 -0.00225117
689.32 0.0163986 1 0.0166356 -0.000236985
689.77 0.0126312 1 0.0158563 -0.00322509
690.21 0.0128578 1 0.0151183 -0.00226047
690.65 0.0110836 1 0.0144039 -0.00332032
691.1 0.0123138 1 0.0136978 -0.00138401
691.54 0.011538 1 0.0130311 -0.00149302
691.99 0.0117666 1 0.0123732 -0.000606659
692.43 0.00998924 1 0.0117533 -0.0017641
692.87 0.0082111 1 0.0111562 -0.00294511
693.32 0.0084372 1 0.0105688 -0.00213158
693.76 0.00865746 1 0.0100168 -0.00135934
694.2 0.00587693 1 0.0094866 -0.00360967
694.65 0.00710056 1 0.00896648 -0.00186592
695.09 0.00731841 1 0.00847913 -0.00116071
695.53 0.00653546 1 0.00801231 -0.00147685
695.98 0.00475662 1 0.00755565 -0.00279904
696.42 0.00597204 1 0.00712896 -0.00115692
696.86 0.00418666 1 0.00672136 -0.0025347
697.31 0.00240531 1 0.00632373 -0.00391842
697.75 0.00361829 1 0.00595322 -0.00233493
698.19 0.00183046 1 0.00560025 -0.00376979
698.64 0.0020466 1 0.00525685 -0.00321024
699.08 0.00425712 1 0.00493773 -0.000680615
699.52 0.00146682 1 0.00463454 -0.00316773
699.97 0.00368043 1 0.00434037 -0.000659941
700.41 0.00188847 1 0.00406774 -0.00217927
700.85 0.00309568 1 0.0038094 -0.00071372
701.3 0.00130675 1 0.00355941 -0.00225266
701.74 0.00251229 1 0.00332835 -0.000816059
702.18 0.001717 1 0.00310997 -0.00139297
702.63 -7.44971e-05 1 0.00289921 -0.00297371
703.07 0.00212853 1 0.00270492 -0.00057639
703.51 0.00233072 1 0.00252178 -0.000191052
703.96 0.000536645 1 0.00234548 -0.00180884
704.4 0.000737143 1 0.00218339 -0.00144625
704.84 0.0019368 1 0.002031 -9.41945e-05
705.28 0.000135615 1 0.00188783 -0.00175222
705.73 0.000338076 1 0.0017505 -0.00141243
706.17 0.000535181 1 0.00162467 -0.00108949
706.61 -0.00226856 1 0.00150677 -0.00377533
707.06 -0.00206872 1 0.00139396 -0.00346268
707.5 -0.000874187 1 0.00129086 -0.00216505
707.94 0.000319496 1 0.0011945 -0.000875005
708.38 0.000512323 1 0.00110452 -0.000592193
708.83 0.00270865 1 0.00101871 0.00168993
709.27 -0.00110026 1 0.000940563 -0.00204083
709.71 8.99681e-05 1 0.000867766 -0.000777797
710.15 0.000279336 1 0.000800011 -0.000520675
710.6 -0.00252789 1 0.000735622 -0.00326351
711.04 -0.00234027 1 0.000677173 -0.00301744
711.48 -0.00215352 1 0.000622908 -0.00277643
711.92 0.00203236 1 0.000572569 0.00145979
712.37 0.000221557 1 0.00052489 -0.000303334
712.81 -0.000594331 1 0.000481754 -0.00107608
713.25 0.000588906 1 0.000441838 0.000147068
713.69 -0.000228735 1 0.000404931 -0.000633666
714.13 0.00195274 1 0.000370834 0.00158191
714.58 0.00213744 1 0.000338673 0.00179876
715.02 -0.00168287 1 0.000309696 -0.00199256
715.46 -0.00250406 1 0.000282991 -0.00278705
715.9 -0.000326136 1 0.000258399 -0.000584535
716.35 -0.00114509 1 0.00023528 -0.00138037
716.79 3.1035e-05 1 0.000214517 -0.000183482
717.23 0.000206266 1 0.000195444 1.08222e-05
717.67 0.000380603 1 0.000177937 0.000202666
718.11 0.000554043 1 0.000161881 0.000392163
718.56 -0.000269503 1 0.000146846 -0.00041635
719 -9.78809e-05 1 0.0001334 -0.00023128
719.44 -0.00092716 1 0.000121096 -0.00104826
719.88 -0.00275734 1 0.000109848 -0.00286719
720.32 -0.00258843 1 9.95732e-05 -0.002688
720.76 0.00457957 1 9.01942e-05 0.00448938
721.21 -0.000249545 1 8.14546e-05 -0.000330999
721.65 -0.00108338 1 7.36752e-05 -0.00115706
722.09 0.00108187 1 6.6591e-05 0.00101528
722.53 -0.00375379 1 6.0145e-05 -0.00381394
722.97 0.000409627 1 5.42842e-05 0.000355342
723.41 -0.00142787 1 4.89598e-05 -0.00147683
723.86 0.00273737 1 4.40217e-05 0.00269335
724.3 0.00189801 1 3.9647e-05 0.00185836
724.74 0.00505772 1 3.56818e-05 0.00502204
725.18 0.00321651 1 3.20906e-05 0.00318442
725.62 0.000374375 1 2.88406e-05 0.000345534
726.06 -0.000468693 1 2.59016e-05 -0.000494595
726.5 -0.000312693 1 2.32459e-05 -0.000335938
726.95 0.00184589 1 2.07964e-05 0.00182509
727.39 0 1 1.8638e-05 -1.8638e-05
727.83 0.000153176 1 1.66921e-05 0.000136484
728.27 0.00130542 1 1.49391e-05 0.00129048
728.71 0.00145674 1 1.3361e-05 0.00144338
729.15 0.00160715 1 1.19416e-05 0.0015952
729.59 0.00275664 1 1.06657e-05 0.00274597
730.03 -9.47769e-05 1 9.51971e-06 -0.000104297
730.48 0.00205626 1 8.46906e-06 0.00204779
730.92 0.00120303 1 7.54888e-06 0.00119548
731.36 0.00134892 1 6.72422e-06 0.00134219
731.8 0.00249392 1 5.98571e-06 0.00248794
732.24 0.00563806 1 5.32482e-06 0.00563273
732.68 0.00178132 1 4.73382e-06 0.00177659
733.12 0.00192372 1 4.2057e-06 0.00191952
733.56 0.00206527 1 3.73411e-06 0.00206154
734 0.00320597 1 3.31329e-06 0.00320266
734.44 0.00334583 1 2.93805e-06 0.00334289
734.89 0.00248799 1 2.59651e-06 0.0024854
735.33 0.00462617 1 2.29955e-06 0.00462387
735.77 0.00676351 1 2.0353e-06 0.00676148
736.21 0.00490004 1 1.80033e-06 0.00489824
736.65 0.00203576 1 1.59153e-06 0.00203417
737.09 0.00417067 1 1.40611e-06 0.00416927
737.53 0.00430479 1 1.24157e-06 0.00430354
737.97 0.00543811 1 1.09564e-06 0.00543701
738.41 0.00457064 1 9.66321e-07 0.00456968
738.85 0.0057024 1 8.51782e-07 0.00570154
739.29 0.00683338 1 7.50404e-07 0.00683263
739.73 0.00296359 1 6.60732e-07 0.00296293
740.17 0.00209304 1 5.81463e-07 0.00209246
740.61 0.00622174 1 5.11435e-07 0.00622123
741.05 0.00534969 1 4.49609e-07 0.00534924
741.49 0.0064769 1 3.95057e-07 0.0064765
741.93 0.00460337 1 3.46951e-07 0.00460302
742.37 0.00372911 1 3.04556e-07 0.0037288
742.81 0.00385412 1 2.67215e-07 0.00385386
743.26 0.00598124 1 2.33645e-07 0.005981
743.7 0.00510481 1 2.0481e-07 0.00510461
744.14 0.00422768 1 1.79456e-07 0.0042275
744.58 0.00334985 1 1.57174e-07 0.00334969
745.02 0.00447132 1 1.37602e-07 0.00447118
745.46 0.00459211 1 1.2042e-07 0.00459199
745.9 0.00471222 1 1.05344e-07 0.00471212
746.34 0.00483166 1 9.21215e-08 0.00483157
746.78 0.00595043 1 8.05306e-08 0.00595035
747.22 0.00506854 1 7.03746e-08 0.00506847
747.66 0.00518599 1 6.14801e-08 0.00518593
748.1 0.0043028 1 5.36935e-08 0.00430274
748.54 0.00441896 1 4.68799e-08 0.00441891
748.98 0.00453449 1 4.09201e-08 0.00453445
749.42 0.00464939 1 3.57091e-08 0.00464935
749.86 0.00576366 1 3.11546e-08 0.00576363
750.29 0.00387474 1 2.72598e-08 0.00387471
750.73 0.0029878 1 2.37734e-08 0.00298778
751.17 0.00210026 1 2.07293e-08 0.00210024
751.61 -0.000787886 1 1.80722e-08 -0.000787904
752.05 0.00732338 1 1.57535e-08 0.00732336
752.49 0.00143406 1 1.37307e-08 0.00143404
752.93 0.00354416 1 1.19665e-08 0.00354415
753.37 0.00265368 1 1.04281e-08 0.00265367
753.81 0.00276264 1 9.08701e-09 0.00276263
754.25 0.00287104 1 7.91803e-09 0.00287103
754.69 0.00197888 1 6.89928e-09 0.00197887
755.13 0.00208618 1 6.01158e-09 0.00208617
755.57 0.00619293 1 5.23818e-09 0.00619292
756.01 0.00329914 1 4.56443e-09 0.00329914
756.45 0.00340483 1 3.97753e-09 0.00340483
756.89 0.00350999 1 3.46633e-09 0.00350999
757.33 0.00361464 1 3.02108e-09 0.00361464
757.77 0.00271878 1 2.63328e-09 0.00271877
758.21 0.00382241 1 2.29551e-09 0.0038224
758.64 0.0029232 1 2.00757e-09 0.0029232
759.08 -0.000974149 1 1.75052e-09 -0.00097415
759.52 0.00312802 1 1.52662e-09 0.00312802
759.96 0.0052297 1 1.33157e-09 0.0052297
760.4 0.00333091 1 1.16164e-09 0.00333091
760.84 0.00043166 1 1.01358e-09 0.000431659
761.28 0.00253194 1 8.84553e-10 0.00253194
761.72 0.00263177 1 7.72105e-10 0.00263177
762.16 0.00173115 1 6.74087e-10 0.00173115
762.6 0.000830093 1 5.88632e-10 0.000830092
763.03 0.000926362 1 5.15701e-10 0.000926361
763.47 0.00202444 1 4.50511e-10 0.00202444
763.91 0.0051221 1 3.93644e-10 0.0051221
764.35 0.00221935 1 3.44028e-10 0.00221935
764.79 0.000316178 1 3.00728e-10 0.000316178
765.23 -0.0025874 1 2.62932e-10 -0.0025874
765.67 0.00150863 1 2.29933e-10 0.00150863
766.11 -0.000395732 1 2.01114e-10 -0.000395732
766.54 0.000697357 1 1.76477e-10 0.000697357
766.98 0.00379224 1 1.54415e-10 0.00379224
767.42 0.00288674 1 1.35135e-10 0.00288674
767.86 0.000980879 1 1.18283e-10 0.000980879
768.3 0.00307466 1 1.03548e-10 0.00307466
768.74 0.00616808 1 9.06622e-11 0.00616808
769.17 0.00225904 1 7.96305e-11 0.00225904
769.61 0.000351778 1 6.97392e-11 0.000351778
770.05 -0.000555819 1 6.10834e-11 -0.000555819
770.49 0.00153625 1 5.35074e-11 0.00153625
770.93 0.002628 1 4.68752e-11 0.002628
771.37 -0.00128057 1 4.10681e-11 -0.00128057
771.8 0.000808487 1 3.6091e-11 0.000808487
772.24 0.00289931 1 3.16233e-11 0.00289931
772.68 0.000989834 1 2.77098e-11 0.000989834
773.12 8.00649e-05 1 2.4281e-11 8.00649e-05
773.56 0.00117001 1 2.12767e-11 0.00117001
774 0.00125968 1 1.8644e-11 0.00125967
774.43 0.000347038 1 1.63859e-11 0.000347038
774.87 0.000436168 1 1.43576e-11 0.000436168
775.31 0.00152504 1 1.25798e-11 0.00152504
775.75 0.00061365 1 1.10214e-11 0.00061365
776.19 0.000702014 1 9.65545e-12 0.000702014
776.62 -0.00121186 1 8.48353e-12 -0.00121186
777.06 0.00287603 1 7.43074e-12 0.00287603
777.5 -3.63115e-05 1 6.50788e-12 -3.63115e-05
777.94 0.00105113 1 5.69893e-12 0.00105113
778.37 -0.000863635 1 5.00497e-12 -0.000863635
778.81 -0.000776622 1 4.38164e-12 -0.000776622
779.25 -0.000689815 1 3.83533e-12 -0.000689815
779.69 0.00139679 1 3.35659e-12 0.00139679
780.13 0.00448321 1 2.93708e-12 0.00448321
780.56 0.00056748 1 2.57735e-12 0.00056748
781 0.00165353 1 2.25438e-12 0.00165353
781.44 0.00173941 1 1.97148e-12 0.00173941
781.88 -0.000174877 1 1.72371e-12 -0.000174877
782.31 -0.00109127 1 1.51136e-12 -0.00109127
782.75 -5.87299e-06 1 1.32083e-12 -5.87299e-06
783.19 0.00307938 1 1.15404e-12 0.00307938
783.63 0.00116448 1 1.00807e-12 0.00116448
784.06 0.00124752 1 8.83055e-13 0.00124752
784.5 0.00133236 1 7.7097e-13 0.00133236
784.94 0.000417077 1 6.72933e-13 0.000417077
785.37 0.00149975 1 5.89026e-13 0.00149975
785.81 0.000584243 1 5.13847e-13 0.000584243
786.25 0.00166863 1 4.48137e-13 0.00166863
786.69 -0.00124709 1 3.90717e-13 -0.00124709
787.12 0.000835189 1 3.41622e-13 0.000835189
787.56 -0.00208071 1 2.97677e-13 -0.00208071
788 0.00200332 1 2.59306e-13 0.00200332
788.43 0.00108536 1 2.26525e-13 0.00108536
788.87 0.00116925 1 1.97206e-13 0.00116925
789.31 -0.00174693 1 1.71628e-13 -0.00174693
789.75 0.00133683 1 1.49321e-13 0.00133683
790.18 0.00141865 1 1.30284e-13 0.00141865
790.62 -0.00149768 1 1.13279e-13 -0.00149768
791.06 0.000585957 1 9.84607e-14 0.000585957
791.49 -0.00133234 1 8.58268e-14 -0.00133234
791.93 -0.00324876 1 7.45512e-14 -0.00324876
792.37 0.00183481 1 6.47353e-14 0.00183481
792.8 -8.35438e-05 1 5.63742e-14 -8.35438e-05
793.24 0 1 4.89191e-14 -4.89191e-14
793.68 8.35438e-05 1 4.24354e-14 8.35438e-05
794.11 0.000165195 1 3.69181e-14 0.000165195
794.55 -0.000751243 1 3.20033e-14 -0.000751243
794.99 0.00133234 1 2.77333e-14 0.00133234
795.42 0.00241404 1 2.41033e-14 0.00241404
795.86 0.00149768 1 2.0873e-14 0.00149768
796.3 -0.000418647 1 1.80693e-14 -0.000418647
796.73 -0.000336833 1 1.56883e-14 -0.000336833
797.17 -0.00125307 1 1.35716e-14 -0.00125307
797.61 -0.00316925 1 1.17364e-14 -0.00316925
798.04 -0.00408727 1 1.01794e-14 -0.00408727
798.48 -3.31935e-06 1 8.7967e-15 -3.31935e-06
798.91 -0.0029212 1 7.62448e-15 -0.0029212
799.35 -0.000837101 1 6.5842e-15 -0.000837101
799.79 0.00324709 1 5.68382e-15 0.00324709
800.22 0.000329457 1 4.9213e-15 0.000329457
800.66 -0.00258616 1 4.24531e-15 -0.00258616
801.1 -0.00250168 1 3.66087e-15 -0.00250168
