500.34 0.00223643 1 5.81145e-07 0.00223585
500.8 0.00363491 1 6.31552e-07 0.00363428
501.25 0.00102475 1 6.84888e-07 0.00102406
501.71 0.00242325 1 7.4384e-07 0.00242251
502.17 0.000821763 1 8.07619e-07 0.000820955
502.62 0.00421162 1 8.75038e-07 0.00421074
503.08 0.00161014 1 9.49486e-07 0.00160919
503.53 0 1 1.02814e-06 -1.02814e-06
503.99 0.000398524 1 1.11493e-06 0.000397409
504.44 0.000788383 1 1.20656e-06 0.000787176
504.9 -0.000813099 1 1.30763e-06 -0.000814407
505.36 -0.00141459 1 1.41671e-06 -0.001416
505.81 0.000975255 1 1.53178e-06 0.000973723
506.27 0.00137375 1 1.65856e-06 0.00137209
506.72 0.00176357 1 1.79219e-06 0.00176178
507.18 0.00216204 1 1.93934e-06 0.0021601
507.63 0.00155183 1 2.09435e-06 0.00154974
508.09 0.00195027 1 2.26493e-06 0.001948
508.54 -0.00165998 1 2.44451e-06 -0.00166242
509 0.00273842 1 2.642e-06 0.00273578
509.45 0.00212813 1 2.84977e-06 0.00212528
509.91 -0.000473519 1 3.07813e-06 -0.000476597
510.36 0.000916143 1 3.31822e-06 0.000912825
510.82 0.000314434 1 3.58193e-06 0.000310852
511.27 -0.000295963 1 3.85902e-06 -0.000299822
511.73 -0.00189773 1 4.16317e-06 -0.0019019
512.19 -0.00149954 1 4.48991e-06 -0.00150403
512.64 -0.000110042 1 4.8329e-06 -0.000114875
513.1 0.000288075 1 5.20903e-06 0.000282866
513.55 0.000677498 1 5.60361e-06 0.000671894
514.01 7.55315e-05 1 6.03604e-06 6.94955e-05
514.46 -0.00153513 1 6.48941e-06 -0.00154162
514.92 -0.00213719 1 6.98594e-06 -0.00214417
515.37 -0.00274794 1 7.50617e-06 -0.00275545
515.83 -0.000350099 1 8.07558e-06 -0.000358175
516.28 -0.00296095 1 8.67179e-06 -0.00296963
516.73 -0.00357186 1 9.30928e-06 -0.00358117
517.19 -0.00317418 1 1.00063e-05 -0.00318419
517.64 -0.0047852 1 1.07355e-05 -0.00479594
518.1 -0.00438764 1 1.15324e-05 -0.00439917
518.55 -0.00399877 1 1.23654e-05 -0.00401114
519.01 -0.00360134 1 1.32751e-05 -0.00361461
519.46 -0.0042126 1 1.42256e-05 -0.00422683
519.92 -0.0038153 1 1.52628e-05 -0.00383056
520.37 -0.00642669 1 1.63458e-05 -0.00644304
520.83 -0.00402953 1 1.7527e-05 -0.00404706
521.28 -0.00364107 1 1.87595e-05 -0.00365983
521.74 -0.00524406 1 2.01029e-05 -0.00526416
522.19 -0.00185575 1 2.15036e-05 -0.00187725
522.65 -0.00445889 1 2.30295e-05 -0.00448192
523.1 -0.00307074 1 2.46195e-05 -0.00309536
523.55 -0.00368267 1 2.63116e-05 -0.00370898
524.01 -0.000286055 1 2.81529e-05 -0.000314208
524.46 -0.00489815 1 3.00699e-05 -0.00492822
524.92 -0.00550172 1 3.21547e-05 -0.00553387
525.37 -0.00211399 1 3.43237e-05 -0.00214831
525.83 -0.00671774 1 3.6681e-05 -0.00675442
526.28 -0.0043302 1 3.9132e-05 -0.00436933
526.73 -0.00394274 1 4.17345e-05 -0.00398448
527.19 -0.000546783 1 4.45602e-05 -0.000591343
527.64 -0.00215953 1 4.74954e-05 -0.00220702
528.1 -0.00276377 1 5.06803e-05 -0.00281445
528.55 -0.00337671 1 5.39864e-05 -0.0034307
529.01 -0.000981166 1 5.75714e-05 -0.00103874
529.46 -0.00259432 1 6.12906e-05 -0.00265561
529.91 -0.00420758 1 6.52307e-05 -0.00427282
530.37 -0.00281237 1 6.94991e-05 -0.00288186
530.82 -0.00342585 1 7.39229e-05 -0.00349977
531.28 -0.00503086 1 7.87122e-05 -0.00510957
531.73 -0.00364457 1 8.36725e-05 -0.00372824
532.18 -0.0032584 1 8.89192e-05 -0.00334732
532.64 -0.00486377 1 9.45939e-05 -0.00495836
533.09 -0.00647784 1 0.000100466 -0.0065783
533.54 -0.00809203 1 0.00010667 -0.0081987
534 -0.00569777 1 0.000113374 -0.00581115
534.45 -0.00131221 1 0.000120305 -0.00143252
534.91 -0.00391822 1 0.000127788 -0.00404601
535.36 -0.000532918 1 0.000135518 -0.000668436
535.81 -0.00314775 1 0.000143674 -0.00329142
536.27 -0.00475416 1 0.000152472 -0.00490663
536.72 -0.00336926 1 0.000161552 -0.00353081
537.17 -0.0049845 1 0.000171122 -0.00515562
537.63 -0.00559133 1 0.000181435 -0.00577276
538.08 -0.00620685 1 0.000192069 -0.00639891
538.54 -0.00381397 1 0.000203521 -0.00401749
538.99 -0.00242977 1 0.00021532 -0.0026451
539.44 -0.00104573 1 0.000227736 -0.00127347
539.9 -0.0036533 1 0.000241096 -0.0038944
540.35 -0.00226955 1 0.000254846 -0.0025244
540.8 -0.00188596 1 0.000269302 -0.00215526
541.26 -0.006494 1 0.00028484 -0.00677884
541.71 -0.00411072 1 0.000300817 -0.00441153
542.16 -0.00172759 1 0.000317597 -0.00204519
542.62 -0.00233611 1 0.000335616 -0.00267173
543.07 -0.00195331 1 0.000354126 -0.00230744
543.52 -0.00157067 1 0.000373547 -0.00194422
543.98 -0.0031797 1 0.000394381 -0.00357408
544.43 -0.00279739 1 0.000415762 -0.00321315
544.88 -0.00341525 1 0.000438173 -0.00385342
545.34 -0.0010248 1 0.00046219 -0.00148699
545.79 -0.001643 1 0.000486813 -0.00212982
546.24 -0.00426138 1 0.000512597 -0.00477398
546.69 -0.00087994 1 0.000539587 -0.00141953
547.15 -0.0024902 1 0.000568474 -0.00305868
547.6 -0.00410912 1 0.00059805 -0.00470717
548.05 -0.000728218 1 0.000628979 -0.0013572
548.51 -0.00333904 1 0.000662048 -0.00400109
548.96 -0.00195851 1 0.000695872 -0.00265438
549.41 -0.000578167 1 0.000731209 -0.00130938
549.86 -0.00219801 1 0.000768114 -0.00296613
550.32 0.000190394 1 0.000807519 -0.000617125
550.77 0.000570162 1 0.000847771 -0.000277608
551.22 -0.00105026 1 0.000889766 -0.00194003
551.68 -0.00266246 1 0.00093456 -0.00359702
552.13 -0.00228328 1 0.00098027 -0.00326355
552.58 -0.00190431 1 0.00102791 -0.00293222
553.03 -0.000525532 1 0.00107755 -0.00160309
553.49 -0.00113855 1 0.00113043 -0.00226898
553.94 0.00123981 1 0.00118432 5.54941e-05
554.39 0.000617965 1 0.00124041 -0.00062244
554.84 -4.09011e-06 1 0.00129877 -0.00130286
555.3 0.00238204 1 0.00136085 0.00102119
555.75 0.00175955 1 0.00142403 0.000335522
556.2 0.00113685 1 0.0014897 -0.00035285
556.65 0.00251394 1 0.00155795 0.000955992
557.11 0.00089918 1 0.00163044 -0.000731264
557.56 -0.00172418 1 0.00170412 -0.0034283
558.01 0.00265224 1 0.0017806 0.000871644
558.46 0.00402844 1 0.00185996 0.00216848
558.92 0.000412762 1 0.00194415 -0.00153139
559.37 0.0007885 1 0.0020296 -0.0012411
559.82 0.00216401 1 0.00211817 4.5836e-05
560.27 0.00253929 1 0.00220996 0.000329325
560.72 0.00191433 1 0.00230505 -0.000390718
561.18 0.00129747 1 0.00240574 -0.00110828
561.63 0.00167203 1 0.00250776 -0.000835727
562.08 0.00104636 1 0.00261333 -0.00156697
562.53 0.00342045 1 0.00272254 0.000697905
562.99 0.0038026 1 0.00283804 0.000964561
563.44 0.00317619 1 0.00295488 0.000221314
563.89 0.00254954 1 0.00307563 -0.000526082
564.34 0.00292264 1 0.00320036 -0.000277718
564.79 0.00429549 1 0.00332918 0.000966319
565.25 0.00367637 1 0.00346516 0.000211214
565.7 0.00304871 1 0.00360248 -0.00055377
566.15 0.0034208 1 0.00374414 -0.000323348
566.6 0.00379262 1 0.00389023 -9.76077e-05
567.05 0.00516419 1 0.00404083 0.00112336
567.5 0.0055355 1 0.00419602 0.00133948
567.96 0.00391479 1 0.00435949 -0.000444702
568.41 0.00528556 1 0.00452422 0.000761342
568.86 0.00465607 1 0.00469379 -3.77226e-05
569.31 0.00402631 1 0.00486828 -0.000841976
569.76 0.00539627 1 0.00504777 0.000348501
570.21 0.00576597 1 0.00523234 0.000533631
570.67 0.0051436 1 0.00542633 -0.000282732
571.12 0.0105127 1 0.00562139 0.00489135
571.57 0.0068816 1 0.00582174 0.00105986
572.02 0.00725018 1 0.00602746 0.00122273
572.47 0.00661849 1 0.0062386 0.000379881
572.92 0.0069865 1 0.00645525 0.000531257
573.37 0.00735424 1 0.00667744 0.000676794
573.83 0.00872984 1 0.00691038 0.00181947
574.28 0.010097 1 0.00714398 0.00295301
574.73 0.00846385 1 0.00738331 0.00108055
575.18 0.00783042 1 0.0076284 0.000202021
575.63 0.00919669 1 0.00787931 0.00131739
576.08 0.00856267 1 0.00813607 0.000426601
576.53 0.00692835 1 0.00839873 -0.00147038
576.98 0.0102937 1 0.0086673 0.00162642
577.44 0.00866691 1 0.00894801 -0.000281091
577.89 0.0100317 1 0.00922865 0.000803031
578.34 0.00939614 1 0.00951529 -0.00011915
578.79 0.00976029 1 0.00980795 -4.76515e-05
579.24 0.00912414 1 0.0101066 -0.000982485
579.69 0.0114877 1 0.0104113 0.00107634
580.14 0.00985089 1 0.0107221 -0.00087117
580.59 0.0092138 1 0.0110388 -0.00182502
581.04 0.00957638 1 0.0113616 -0.00178519
581.49 0.0109387 1 0.0116903 -0.000751681
581.95 0.0123086 1 0.0120326 0.000276075
582.4 0.0106703 1 0.0123734 -0.00170311
582.85 0.0140316 1 0.0127201 0.00131149
583.3 0.0133925 1 0.0130726 0.000319885
583.75 0.0117532 1 0.013431 -0.00167786
584.2 0.0121135 1 0.0137952 -0.0016817
584.65 0.0134735 1 0.014165 -0.000691567
585.1 0.0148331 1 0.0145405 0.000292595
585.55 0.0151924 1 0.0149216 0.000270861
586 0.0155514 1 0.0153081 0.00024331
586.45 0.01691 1 0.0157 0.00121003
586.9 0.0152683 1 0.0160972 -0.00082889
587.35 0.0166263 1 0.0164996 0.000126654
587.8 0.0169839 1 0.0169071 7.67667e-05
588.25 0.0173412 1 0.0173196 2.15629e-05
588.71 0.018706 1 0.0177462 0.000959763
589.16 0.0170626 1 0.0181684 -0.00110581
589.61 0.0184188 1 0.0185951 -0.00017632
590.06 0.0177746 1 0.0190262 -0.00125161
590.51 0.0211301 1 0.0194616 0.00166846
590.96 0.0204852 1 0.0199012 0.00058405
591.41 0.01684 1 0.0203447 -0.00350467
591.86 0.0211944 1 0.020792 0.000402455
592.31 0.0215485 1 0.0212429 0.000305615
592.76 0.0239022 1 0.0216972 0.00220499
593.21 0.0242555 1 0.0221547 0.00210077
593.66 0.0236085 1 0.0226153 0.000993155
594.11 0.022961 1 0.0230787 -0.000117658
594.56 0.0233133 1 0.0235447 -0.000231457
595.01 0.0246651 1 0.0240131 0.000651972
595.46 0.0270166 1 0.0244837 0.00253285
595.91 0.0273676 1 0.0249562 0.0024114
596.36 0.0257183 1 0.0254305 0.000287858
596.81 0.0270687 1 0.0259062 0.00116245
597.26 0.0264186 1 0.0263832 3.54314e-05
597.71 0.0267682 1 0.0268611 -9.29668e-05
598.16 0.0261173 1 0.0273398 -0.00122249
598.61 0.0274661 1 0.027819 -0.000352893
599.06 0.0298145 1 0.0282984 0.00151609
599.51 0.0321625 1 0.0287778 0.0033847
599.96 0.0295101 1 0.0292569 0.000253213
600.41 0.0308573 1 0.0297354 0.00112188
600.86 0.0322041 1 0.0302131 0.00199098
601.31 0.0325505 1 0.0306898 0.00186075
601.76 0.0308965 1 0.031165 -0.00026852
602.21 0.0322421 1 0.0316387 0.000603421
602.65 0.0355796 1 0.0321 0.00347964
603.1 0.0329244 1 0.0325697 0.000354753
603.55 0.0322688 1 0.033037 -0.000768135
604 0.0356128 1 0.0335016 0.00211123
604.45 0.0359564 1 0.0339633 0.0019931
604.9 0.0342995 1 0.0344218 -0.00012227
605.35 0.0336423 1 0.0348769 -0.00123464
605.8 0.0369846 1 0.0353283 0.00165624
606.25 0.0383265 1 0.0357759 0.0025506
606.7 0.0376679 1 0.0362193 0.00144867
607.15 0.036009 1 0.0366583 -0.000649324
607.6 0.0373496 1 0.0370928 0.000256822
608.05 0.0366898 1 0.0375225 -0.000832684
608.5 0.0390296 1 0.0379472 0.00108235
608.95 0.0353689 1 0.0383668 -0.00299788
609.39 0.0397003 1 0.0387719 0.0009284
609.84 0.0420387 1 0.0391807 0.00285801
610.29 0.0383768 1 0.039584 -0.00120718
610.74 0.0387144 1 0.0399814 -0.00126703
611.19 0.0380515 1 0.040373 -0.00232142
611.64 0.0393883 1 0.0407585 -0.00137025
612.09 0.0417245 1 0.041138 0.000586565
612.54 0.0420604 1 0.0415113 0.0005491
612.99 0.0423957 1 0.0418783 0.000517406
613.44 0.0407307 1 0.0422391 -0.00150848
613.88 0.0430577 1 0.0425859 0.000471832
614.33 0.0433917 1 0.0429343 0.000457448
614.78 0.0407253 1 0.0432765 -0.00255115
615.23 0.0430584 1 0.0436124 -0.000554002
615.68 0.0433911 1 0.0439423 -0.000551185
616.13 0.0437233 1 0.0442661 -0.000542789
616.58 0.043055 1 0.044584 -0.00152893
617.03 0.0433863 1 0.0448961 -0.00150974
617.47 0.0447098 1 0.0451958 -0.000485995
617.92 0.0430401 1 0.0454969 -0.00245678
618.37 0.04337 1 0.0457928 -0.00242281
618.82 0.0446994 1 0.0460837 -0.00138431
619.27 0.0460284 1 0.0463699 -0.000341536
619.72 0.0443568 1 0.0466516 -0.00229479
620.17 0.0436848 1 0.0469292 -0.00324438
620.61 0.045005 1 0.0471969 -0.00219187
621.06 0.045332 1 0.0474673 -0.00213523
621.51 0.0446586 1 0.0477346 -0.00307601
621.96 0.0459847 1 0.0479993 -0.00201462
622.41 0.0493102 1 0.0482617 0.00104851
622.86 0.0476353 1 0.0485224 -0.000887078
623.3 0.0459527 1 0.048776 -0.00282333
623.75 0.0492768 1 0.0490347 0.000242173
624.2 0.0476005 1 0.049293 -0.00169254
624.65 0.0469236 1 0.0495516 -0.00262801
625.1 0.0502462 1 0.049811 0.0004352
625.54 0.0495612 1 0.050066 -0.000504815
625.99 0.0478828 1 0.0503287 -0.00244591
626.44 0.049204 1 0.050594 -0.00139008
626.89 0.0505246 1 0.0508625 -0.000337936
627.34 0.0518447 1 0.0511348 0.0007099
627.78 0.0521572 1 0.0514053 0.000751899
628.23 0.0514763 1 0.051687 -0.000210653
628.68 0.0517949 1 0.0519744 -0.000179407
629.13 0.053113 1 0.052268 0.000844998
629.58 0.0504306 1 0.0525687 -0.00213807
630.02 0.0527406 1 0.05287 -0.000129358
630.47 0.0530572 1 0.0531862 -0.000129069
630.92 0.0533732 1 0.0535113 -0.00013811
631.37 0.0526887 1 0.0538458 -0.00115708
631.81 0.0539967 1 0.0541825 -0.000185782
632.26 0.0523111 1 0.0545372 -0.00222608
632.71 0.0566251 1 0.054903 0.00172204
633.16 0.0559385 1 0.0552804 0.000658044
633.61 0.0572513 1 0.0556699 0.00158147
634.05 0.0545567 1 0.0560627 -0.001506
634.5 0.0568685 1 0.0564773 0.000391258
634.95 0.0581798 1 0.0569051 0.00127472
635.4 0.0604905 1 0.0573465 0.00314405
635.84 0.0587938 1 0.0577915 0.00100236
636.29 0.0591035 1 0.0582605 0.000842988
636.74 0.0614126 1 0.0587438 0.00266881
637.18 0.0617143 1 0.0592303 0.00248407
637.63 0.0630224 1 0.059742 0.00328032
638.08 0.0623298 1 0.0602683 0.00206158
638.53 0.0636368 1 0.0608088 0.00282793
638.97 0.0589363 1 0.0613512 -0.00241483
639.42 0.0642421 1 0.0619197 0.00232247
639.87 0.0665474 1 0.062502 0.00404545
640.32 0.0658521 1 0.0630977 0.00275446
640.76 0.0661495 1 0.0636927 0.00245683
641.21 0.0664531 1 0.0643136 0.00213952
641.66 0.0677561 1 0.0649464 0.00280971
642.1 0.0680519 1 0.0655761 0.00247576
642.55 0.0663538 1 0.0662305 0.000123227
643 0.0686551 1 0.0668947 0.00176036
643.44 0.0679492 1 0.0675528 0.000396408
643.89 0.0702494 1 0.0682336 0.00201578
644.34 0.069549 1 0.0689213 0.00062767
644.79 0.071848 1 0.0696148 0.0022332
645.23 0.0721399 1 0.0702974 0.00184247
645.68 0.0724378 1 0.0709988 0.00143896
646.13 0.0717351 1 0.0717023 3.28113e-05
646.57 0.0740252 1 0.0723907 0.00163448
647.02 0.0733213 1 0.0730941 0.000227275
647.47 0.0766169 1 0.0737951 0.00282176
647.91 0.0739053 1 0.0744769 -0.000571618
648.36 0.0741997 1 0.0751688 -0.000969141
648.81 0.0784935 1 0.0758536 0.00263983
649.25 0.0767802 1 0.0765147 0.000265415
649.7 0.0780728 1 0.0771805 0.000892297
650.15 0.0783648 1 0.0778339 0.000530861
650.59 0.0756497 1 0.0784592 -0.00280952
651.04 0.0779405 1 0.0790831 -0.00114253
651.48 0.0802243 1 0.0796759 0.000548369
651.93 0.0815139 1 0.0802629 0.00125095
652.38 0.0798029 1 0.0808286 -0.00102574
652.82 0.0810849 1 0.0813593 -0.000274463
653.27 0.0783727 1 0.0818774 -0.00350474
653.72 0.0816598 1 0.0823687 -0.000708846
654.16 0.07994 1 0.0828215 -0.00288141
654.61 0.084226 1 0.0832546 0.000971436
655.06 0.0825113 1 0.0836557 -0.00114435
655.5 0.0797897 1 0.0840154 -0.00422565
655.95 0.0800738 1 0.0843484 -0.00427457
656.39 0.074351 1 0.0846384 -0.0102875
656.84 0.0796338 1 0.0848973 -0.00526344
657.29 0.0879161 1 0.0851165 0.00279959
657.73 0.0831914 1 0.0852912 -0.00209978
658.18 0.0844724 1 0.0854281 -0.000955729
658.62 0.0847465 1 0.0855201 -0.000773561
659.07 0.0840262 1 0.0855702 -0.00154394
659.52 0.0843053 1 0.0855749 -0.00126955
659.96 0.0845776 1 0.0855347 -0.000957147
660.41 0.0858554 1 0.0854471 0.000408234
660.85 0.0831264 1 0.0853154 -0.00218903
661.3 0.0814029 1 0.085133 -0.0037301
661.74 0.0836727 1 0.0849076 -0.00123496
662.19 0.0829479 1 0.0846287 -0.00168081
662.64 0.0822225 1 0.0843007 -0.00207818
663.08 0.0814904 1 0.0839324 -0.002442
663.53 0.0817637 1 0.0835071 -0.00174341
663.97 0.0820303 1 0.0830439 -0.00101362
664.42 0.0813023 1 0.082522 -0.00121976
664.86 0.0815676 1 0.0819651 -0.000397495
665.31 0.0808383 1 0.0813483 -0.000509993
665.75 0.0801023 1 0.0806996 -0.000597321
666.2 0.0793717 1 0.0799904 -0.000618751
666.65 0.0796404 1 0.0792358 0.000404603
667.09 0.0779025 1 0.0784549 -0.000552439
667.54 0.0811698 1 0.0776134 0.00355645
667.98 0.0794306 1 0.0767498 0.00268083
668.43 0.0766967 1 0.0758261 0.000870546
668.87 0.0779561 1 0.0748848 0.00307138
669.32 0.0752208 1 0.0738844 0.00133645
669.76 0.071479 1 0.0728709 -0.00139195
670.21 0.0747423 1 0.0718 0.00294236
670.65 0.0709992 1 0.0707207 0.000278432
671.1 0.0712612 1 0.0695859 0.00167526
671.54 0.0715167 1 0.0684477 0.00306899
671.99 0.0697773 1 0.0672562 0.00252113
672.43 0.0670315 1 0.0660662 0.000965289
672.88 0.0662907 1 0.0648256 0.00146516
673.32 0.0685436 1 0.0635914 0.00495215
673.77 0.0638014 1 0.0623096 0.00149187
674.21 0.0620529 1 0.061039 0.00101392
674.66 0.0633094 1 0.059724 0.00358544
675.1 0.0615595 1 0.0584249 0.00313462
675.55 0.0568146 1 0.0570848 -0.000270177
675.99 0.0600634 1 0.0557652 0.00429819
676.44 0.0563171 1 0.0544081 0.00190898
676.88 0.0555645 1 0.0530758 0.00248867
677.33 0.0538168 1 0.0517097 0.00210708
677.77 0.0520628 1 0.0503723 0.00169041
678.22 0.0503136 1 0.0490049 0.00130871
678.66 0.0485583 1 0.04767 0.000888246
679.11 0.0468077 1 0.0463087 0.000498991
679.55 0.0460509 1 0.0449833 0.00106764
679.99 0.0442935 1 0.043665 0.000628408
680.44 0.0465408 1 0.0423259 0.00421485
680.88 0.0407819 1 0.041027 -0.000245088
681.33 0.0400278 1 0.0397107 0.00031706
681.77 0.0392675 1 0.0384371 0.000830445
682.22 0.0395119 1 0.0371495 0.00236246
682.66 0.0377502 1 0.0359065 0.00184375
683.11 0.0359932 1 0.0346528 0.00134037
683.55 0.0322301 1 0.0334454 -0.00121531
683.99 0.0314662 1 0.0322571 -0.000790868
684.44 0.028707 1 0.0310627 -0.00235563
684.88 0.0299418 1 0.0299161 2.57003e-05
685.33 0.0271811 1 0.028766 -0.00158494
685.77 0.0274144 1 0.0276644 -0.000250058
686.21 0.0246469 1 0.0265861 -0.00193919
686.66 0.022884 1 0.025508 -0.002624
687.1 0.0241152 1 0.0244786 -0.000363462
687.55 0.0203508 1 0.0234515 -0.00310076
687.99 0.0235804 1 0.0224728 0.00110759
688.44 0.0198145 1 0.0214983 -0.0016838
688.88 0.0180427 1 0.0205716 -0.00252891
689.32 0.0192702 1 0.019671 -0.000400771
689.77 0.0175021 1 0.0187768 -0.00127478
690.21 0.015728 1 0.0179291 -0.00220103
690.65 0.0149533 1 0.0171075 -0.00215422
691.1 0.0131829 1 0.0162943 -0.00311141
691.54 0.0144066 1 0.0155255 -0.00111885
691.99 0.0126347 1 0.014766 -0.00213126
692.43 0.00985698 1 0.0140493 -0.00419233
692.87 0.0110785 1 0.013358 -0.00227955
693.32 0.0113043 1 0.0126771 -0.00137278
693.76 0.0105243 1 0.0120363 -0.001512
694.2 0.00974356 1 0.0114199 -0.00167639
694.65 0.00896703 1 0.0108144 -0.00184741
695.09 0.0101848 1 0.0102463 -6.14755e-05
695.53 0.00740177 1 0.0097012 -0.00229943
695.98 0.00762292 1 0.00916719 -0.00154427
696.42 0.00883838 1 0.00866745 0.000170938
696.86 0.00505309 1 0.00818932 -0.00313623
697.31 0.0032719 1 0.00772213 -0.00445024
697.75 0.00448507 1 0.00728608 -0.00280102
698.19 0.00469748 1 0.00686998 -0.00217251
698.64 0.00291392 1 0.00646447 -0.00355055
699.08 0.00312478 1 0.00608697 -0.00296219
699.52 0.00433487 1 0.00572766 -0.00139279
699.97 0.00354894 1 0.0053784 -0.00182946
700.41 0.00375747 1 0.00505409 -0.00129662
700.85 0.00296523 1 0.0047462 -0.00178097
701.3 0.00117691 1 0.00444767 -0.00327076
701.74 0.0033831 1 0.00417117 -0.000788072
702.18 0.00458851 1 0.00390931 0.000679196
702.63 0.00279778 1 0.00365605 -0.000858269
703.07 0.00300161 1 0.00342205 -0.000420447
703.51 0.00220465 1 0.00320099 -0.000996338
703.96 0.0024115 1 0.0029877 -0.000576204
704.4 0.00161295 1 0.00279112 -0.00117817
704.84 0.00181362 1 0.00260585 -0.00079223
705.28 0.00101349 1 0.00243136 -0.00141787
705.73 0.00121709 1 0.00226355 -0.00104646
706.17 0.000415359 1 0.00210937 -0.00169401
706.61 0.000612832 1 0.00196451 -0.00135168
707.06 -0.000186032 1 0.00182551 -0.00201154
707.5 0.00100983 1 0.00169809 -0.00068827
707.94 0.000204881 1 0.00157865 -0.00137377
708.38 -0.000600866 1 0.00146676 -0.00206763
708.83 0.00059697 1 0.00135973 -0.000762756
709.27 0.00178959 1 0.00126191 0.000527688
709.71 -1.85919e-05 1 0.00117047 -0.00118906
710.15 0.00117241 1 0.00108507 8.73456e-05
710.6 -0.000633081 1 0.0010036 -0.00163669
711.04 -0.00144372 1 0.000929371 -0.00237309
711.48 0.000744827 1 0.000860178 -0.000115352
711.92 -6.74443e-05 1 0.00079573 -0.000863174
712.37 -0.000876296 1 0.000734426 -0.00161072
712.81 0.00130978 1 0.000678716 0.00063106
713.25 -0.000504975 1 0.000626929 -0.0011319
713.69 -0.00032055 1 0.000578821 -0.000899372
714.13 0.00186305 1 0.000534158 0.00132889
714.58 4.99651e-05 1 0.000491815 -0.00044185
715.02 0.00123189 1 0.000453459 0.00077843
715.46 0.00141298 1 0.000417917 0.000995065
715.9 -0.000406757 1 0.000385002 -0.00079176
716.35 -0.00222326 1 0.000353873 -0.00257714
716.79 0.000955308 1 0.000325743 0.000629564
717.23 0.00113304 1 0.000299738 0.000833303
717.67 0.000309935 1 0.000275711 3.4224e-05
718.11 0.00148599 1 0.000253522 0.00123247
718.56 -0.000334832 1 0.000232595 -0.000567427
719 0.00183951 1 0.000213738 0.00162578
719.44 1.30122e-05 1 0.00019635 -0.000183338
719.88 -0.000814337 1 0.000180326 -0.000994663
720.32 0.000357463 1 0.000165566 0.000191897
720.76 0.000528412 1 0.000151975 0.000376437
721.21 -0.000297637 1 0.000139196 -0.000436833
721.65 -0.00112842 1 0.000127712 -0.00125613
722.09 -0.00196005 1 0.000117152 -0.0020772
722.53 0.000207453 1 0.000107445 0.000100007
722.97 0.0013741 1 9.85265e-05 0.00127557
723.41 0.00053988 1 9.03348e-05 0.000449545
723.86 0.00170854 1 8.26496e-05 0.00162589
724.3 -0.00012743 1 7.57591e-05 -0.000203189
724.74 0.00403574 1 6.94363e-05 0.0039663
725.18 0.00119803 1 6.36362e-05 0.0011344
725.62 0.000359459 1 5.83168e-05 0.000301142
726.06 0.00252001 1 5.34397e-05 0.00246657
726.5 -0.00132031 1 4.8969e-05 -0.00136928
726.95 -0.000157906 1 4.47827e-05 -0.000202688
727.39 0 1 4.10358e-05 -4.10358e-05
727.83 -0.000842973 1 3.7603e-05 -0.000880576
728.27 0.00231318 1 3.44586e-05 0.00227872
728.71 0.00346847 1 3.15786e-05 0.00343689
729.15 -0.000377108 1 2.89411e-05 -0.00040605
729.59 0.00377646 1 2.65259e-05 0.00374993
730.03 0.00192918 1 2.43143e-05 0.00190486
730.48 0.00208449 1 2.22454e-05 0.00206225
730.92 0.00323551 1 2.0395e-05 0.00321512
731.36 0.00338569 1 1.87008e-05 0.00336699
731.8 0.00353505 1 1.71496e-05 0.0035179
732.24 0.00368359 1 1.57292e-05 0.00366786
732.68 0.00383131 1 1.44286e-05 0.00381688
733.12 0.00297823 1 1.32375e-05 0.00296499
733.56 0.00312434 1 1.21467e-05 0.00311219
734 0.00226965 1 1.11476e-05 0.0022585
734.44 0.00341417 1 1.02324e-05 0.00340394
734.89 0.00556117 1 9.37567e-06 0.00555179
735.33 0.00470411 1 8.6089e-06 0.0046955
735.77 0.00584627 1 7.90621e-06 0.00583837
736.21 0.00598767 1 7.26212e-06 0.00598041
736.65 0.00212831 1 6.67165e-06 0.00212164
737.09 0.00426819 1 6.13023e-06 0.00426206
737.53 0.00540732 1 5.63368e-06 0.00540169
737.97 0.00354571 1 5.17821e-06 0.00354053
738.41 0.00468336 1 4.76031e-06 0.0046786
738.85 0.00782027 1 4.37681e-06 0.0078159
739.29 0.00495647 1 4.0248e-06 0.00495244
739.73 0.00209194 1 3.70162e-06 0.00208823
740.17 0.00422669 1 3.40485e-06 0.00422329
740.61 0.00636074 1 3.13227e-06 0.0063576
741.05 0.00549408 1 2.88185e-06 0.0054912
741.49 0.00562673 1 2.65174e-06 0.00562407
741.93 0.00375868 1 2.44024e-06 0.00375624
742.37 0.000889952 1 2.24582e-06 0.000887706
742.81 0.00402054 1 2.06705e-06 0.00401848
743.26 0.0051534 1 1.89907e-06 0.00515151
743.7 0.00428264 1 1.74813e-06 0.00428089
744.14 0.00641121 1 1.60927e-06 0.0064096
744.58 0.00253913 1 1.4815e-06 0.00253765
745.02 0.00466639 1 1.36391e-06 0.00466503
745.46 0.00679302 1 1.25567e-06 0.00679176
745.9 0.004919 1 1.15603e-06 0.00491785
746.34 0.00704435 1 1.06429e-06 0.00704329
746.78 0.00416908 1 9.79817e-07 0.0041681
747.22 0.00729319 1 9.02025e-07 0.00729228
747.66 0.00441668 1 8.30378e-07 0.00441585
748.1 0.00653956 1 7.64386e-07 0.00653879
748.54 0.00566184 1 7.03599e-07 0.00566113
748.98 0.00478352 1 6.47602e-07 0.00478287
749.42 0.00490461 1 5.96016e-07 0.00490402
749.86 0.00702512 1 5.48492e-07 0.00702457
750.29 0.00314232 1 5.05665e-07 0.00314182
750.73 0.00326169 1 4.65253e-07 0.00326123
751.17 0.00338049 1 4.28023e-07 0.00338006
751.61 0.00249872 1 3.93724e-07 0.00249833
752.05 0.0046164 1 3.62127e-07 0.00461604
752.49 0.00373353 1 3.3302e-07 0.0037332
752.93 0.00285012 1 3.06207e-07 0.00284981
753.37 0.00196617 1 2.81511e-07 0.00196589
753.81 0.00208168 1 2.58765e-07 0.00208142
754.25 0.00119667 1 2.37818e-07 0.00119643
754.69 0.00131114 1 2.18528e-07 0.00131092
755.13 0.00242509 1 2.00768e-07 0.00242489
755.57 0.00353854 1 1.84416e-07 0.00353835
756.01 0.00465148 1 1.69364e-07 0.00465131
756.45 0.00576392 1 1.5551e-07 0.00576376
756.89 0.00487587 1 1.42761e-07 0.00487573
757.33 0.00498734 1 1.3103e-07 0.00498721
757.77 0.00409832 1 1.20238e-07 0.0040982
758.21 0.00220884 1 1.10311e-07 0.00220873
758.64 0.00431639 1 1.0138e-07 0.00431629
759.08 0.00142598 1 9.29692e-08 0.00142589
759.52 0.00453512 1 8.52369e-08 0.00453503
759.96 0.00364381 1 7.81296e-08 0.00364373
760.4 0.00275205 1 7.15983e-08 0.00275198
760.84 0.00185985 1 6.55974e-08 0.00185979
761.28 0.00196722 1 6.0085e-08 0.00196716
761.72 0.00307417 1 5.50226e-08 0.00307411
762.16 0.00518069 1 5.03743e-08 0.00518064
762.6 0.0032868 1 4.61073e-08 0.00328675
763.03 0.0033901 1 4.22765e-08 0.00339006
763.47 0.00349541 1 3.86762e-08 0.00349537
763.91 0.00460031 1 3.53735e-08 0.00460028
764.35 0.00170483 1 3.23446e-08 0.0017048
764.79 0.00280896 1 2.95674e-08 0.00280893
765.23 0.000912707 1 2.70216e-08 0.00091268
765.67 0.00301608 1 2.46886e-08 0.00301606
766.11 -0.00188091 1 2.25511e-08 -0.00188093
766.54 -0.000780594 1 2.06358e-08 -0.000780614
766.98 0.0033217 1 1.88393e-08 0.00332168
767.42 0.00342365 1 1.71946e-08 0.00342363
767.86 0.00052525 1 1.56893e-08 0.000525234
768.3 0.00162651 1 1.43119e-08 0.0016265
768.74 0.00472744 1 1.3052e-08 0.00472743
769.17 0.00182576 1 1.19247e-08 0.00182575
769.61 0.00192605 1 1.08691e-08 0.00192604
770.05 0.00302602 1 9.90421e-09 0.00302601
770.49 0.00512568 1 9.02252e-09 0.00512567
770.93 0.00622504 1 8.21706e-09 0.00622503
771.37 0.0003241 1 7.48146e-09 0.000324092
771.8 0.00142063 1 6.82443e-09 0.00142062
772.24 -0.000480885 1 6.21011e-09 -0.000480891
772.68 0.00161732 1 5.64954e-09 0.00161732
773.12 0.00171526 1 5.13815e-09 0.00171525
773.56 0.00281292 1 4.67175e-09 0.00281292
774 -8.96765e-05 1 4.24651e-09 -8.96808e-05
774.43 0.00400526 1 3.86732e-09 0.00400526
774.87 0.00210216 1 3.51338e-09 0.00210216
775.31 0.00319882 1 3.19093e-09 0.00319881
775.75 0.000295232 1 2.89728e-09 0.000295229
776.19 0.000391413 1 2.62991e-09 0.00039141
776.62 -0.000514812 1 2.39183e-09 -0.000514815
777.06 0.000580924 1 2.16991e-09 0.000580922
777.5 -0.000323555 1 1.96803e-09 -0.000323557
777.94 0.00177175 1 1.78443e-09 0.00177175
778.37 -0.0011353 1 1.62113e-09 -0.0011353
778.81 0.00395961 1 1.46908e-09 0.00395961
779.25 0.00505433 1 1.33092e-09 0.00505433
779.69 0.00214886 1 1.20542e-09 0.00214886
780.13 0.00424322 1 1.09144e-09 0.00424321
780.56 0.00233525 1 9.90206e-10 0.00233525
781 0.00142926 1 8.96081e-10 0.00142926
781.44 0.00352311 1 8.10675e-10 0.00352311
781.88 0.0016168 1 7.33204e-10 0.0016168
782.31 0.000708214 1 6.64471e-10 0.000708214
782.75 -0.00119839 1 6.00638e-10 -0.00119839
783.19 0.00189486 1 5.42784e-10 0.00189486
783.63 -0.00101201 1 4.90365e-10 -0.00101201
784.06 -0.00292113 1 4.43911e-10 -0.00292113
784.5 0.00417174 1 4.00818e-10 0.00417174
784.94 -0.000735505 1 3.61806e-10 -0.000735505
785.37 0.00135504 1 3.27263e-10 0.00135504
785.81 0.00344758 1 2.95246e-10 0.00344758
786.25 0.00154002 1 2.66286e-10 0.00154002
786.69 -0.000367628 1 2.401e-10 -0.000367628
787.12 0.00172254 1 2.16939e-10 0.00172254
787.56 -0.000185279 1 1.95496e-10 -0.000185279
788 0.00390683 1 1.76123e-10 0.00390683
788.43 0.00499677 1 1.59004e-10 0.00499677
788.87 0.00308875 1 1.43167e-10 0.00308875
789.31 -0.000819336 1 1.28872e-10 -0.000819336
789.75 0.000272527 1 1.15971e-10 0.000272527
790.18 0.00236226 1 1.04584e-10 0.00236226
790.62 -0.000545966 1 9.40624e-11 -0.000545966
791.06 -0.00145422 1 8.45754e-11 -0.00145422
791.49 -0.0013646 1 7.62085e-11 -0.0013646
791.93 -0.00127291 1 6.84841e-11 -0.00127291
792.37 0.00481877 1 6.15252e-11 0.00481877
792.8 0.00190834 1 5.53932e-11 0.00190834
793.24 0 1 4.97369e-11 -4.97369e-11
793.68 0.00409166 1 4.46455e-11 0.00409166
794.11 0.000181233 1 4.01629e-11 0.000181233
794.55 0.00227291 1 3.60316e-11 0.00227291
794.99 0.0033646 1 3.23161e-11 0.0033646
795.42 0.00245422 1 2.90476e-11 0.00245422
795.86 0.00654597 1 2.60377e-11 0.00654597
796.3 0.00163774 1 2.33332e-11 0.00163774
796.73 0.00272747 1 2.0956e-11 0.00272747
797.17 0.000819336 1 1.87689e-11 0.000819336
797.61 -0.00208875 1 1.68053e-11 -0.00208875
798.04 0.00200113 1 1.50808e-11 0.00200113
798.48 0.00209317 1 1.34955e-11 0.00209317
798.91 0.00118318 1 1.21041e-11 0.00118318
799.35 0.00327537 1 1.08257e-11 0.00327537
799.79 0.00536763 1 9.67955e-12 0.00536763
800.22 0.00245788 1 8.67445e-12 0.00245788
800.66 -0.00344968 1 7.75177e-12 -0.00344968
801.1 0.00264286 1 6.92527e-12 0.00264286
