500.34 0.00152776 1 -0.000587749 0.00211551
500.8 0.00174004 1 -0.00060517 0.00234521
501.25 0.00194772 1 -0.000622626 0.00257035
501.71 0.00216002 1 -0.000640901 0.00280092
502.17 0.00237232 1 -0.000659618 0.00303193
502.62 0.00458 1 -0.000678365 0.00525837
503.08 0.00279231 1 -0.00069798 0.00349029
503.53 0 1 -0.000717619 0.000717619
503.99 0.000212306 1 -0.000738162 0.000950468
504.44 -0.000580004 1 -0.000758722 0.000178718
504.9 0.000632299 1 -0.000780222 0.00141252
505.36 -0.0001554 1 -0.000802216 0.000646815
505.81 0.00105228 1 -0.000824217 0.0018765
506.27 0.00126457 1 -0.000847212 0.00211178
506.72 0.000472243 1 -0.000870207 0.00134245
507.18 0.000684521 1 -0.000894232 0.00157875
507.63 0.000892177 1 -0.000918248 0.00181043
508.09 0.00110444 1 -0.000943332 0.00204777
508.54 -0.000687923 1 -0.000968398 0.000280475
509 -0.000475682 1 -0.000994569 0.000518887
509.45 -0.000268067 1 -0.00102071 0.000752646
509.91 -5.58503e-05 1 -0.001048 0.000992149
510.36 0.000151739 1 -0.00107525 0.00122699
510.82 -0.000636073 1 -0.00110368 0.000467604
511.27 -0.000428513 1 -0.00113206 0.000703544
511.73 -0.000216358 1 -0.00116166 0.000945299
512.19 -0.00100422 1 -0.00119186 0.000187638
512.64 0.000203287 1 -0.00122199 0.00142528
513.1 -0.000584614 1 -0.0012534 0.000668788
513.55 0.00162285 1 -0.00128473 0.00290759
514.01 -0.00116509 1 -0.00131738 0.000152287
514.46 -0.00195766 1 -0.00134993 -0.00060774
514.92 -0.000745654 1 -0.00138383 0.000638175
515.37 -0.000538277 1 -0.00141762 0.000879344
515.83 -0.00132632 1 -0.00145281 0.00012649
516.28 -0.00311899 1 -0.00148786 -0.00163113
516.73 -0.000911691 1 -0.00152355 0.000611862
517.19 0.000300186 1 -0.0015607 0.00186088
517.64 -0.00249257 1 -0.00159768 -0.000894891
518.1 -0.00128075 1 -0.00163616 0.000355402
518.55 -0.00207357 1 -0.00167445 -0.000399117
519.01 -0.000861817 1 -0.00171428 0.000852464
519.46 -0.0016547 1 -0.00175391 9.92103e-05
519.92 -0.000443014 1 -0.00179511 0.00135209
520.37 -0.00423597 1 -0.00183608 -0.00239988
520.83 -0.00402435 1 -0.00187866 -0.00214569
521.28 -0.00281737 1 -0.00192099 -0.00089638
521.74 -0.000605836 1 -0.00196497 0.00135913
522.19 -0.00239894 1 -0.00200867 -0.000390261
522.65 -0.00418748 1 -0.00205406 -0.00213342
523.1 -0.00298066 1 -0.00209914 -0.000881515
523.55 -0.00177388 1 -0.00214491 0.000371037
524.01 0.000437456 1 -0.00219241 0.00262987
524.46 -0.00535585 1 -0.00223957 -0.00311628
524.92 -0.00214461 1 -0.0022885 0.000143887
525.37 -0.004938 1 -0.00233705 -0.00260095
525.83 -0.00472685 1 -0.0023874 -0.00233946
526.28 -0.00552034 1 -0.00243735 -0.00308299
526.73 -0.00431388 1 -0.00248799 -0.00182589
527.19 -0.00110288 1 -0.00254047 0.00143759
527.64 -0.000896513 1 -0.0025925 0.00169599
528.1 -0.00468561 1 -0.0026464 -0.00203922
528.55 -0.00347935 1 -0.00269982 -0.000779536
529.01 -0.00126856 1 -0.00275513 0.00148657
529.46 -0.00406241 1 -0.00280992 -0.00125248
529.91 -0.00385631 1 -0.0028654 -0.000990911
530.37 -0.00364568 1 -0.0029228 -0.000722886
530.82 -0.00343969 1 -0.00297963 -0.000460067
531.28 -0.00522919 1 -0.00303841 -0.00219078
531.73 -0.00402332 1 -0.00309658 -0.000926734
532.18 -0.0048175 1 -0.00315541 -0.00166209
532.64 -0.00360718 1 -0.00321622 -0.00039096
533.09 -0.00440149 1 -0.00327636 -0.00112513
533.54 -0.00419586 1 -0.00333714 -0.000858725
534 -0.00498573 1 -0.00339992 -0.00158581
534.45 -0.00378023 1 -0.00346197 -0.000318261
534.91 -0.00357023 1 -0.00352603 -4.41946e-05
535.36 -0.00236486 1 -0.00358932 0.00122446
535.81 -0.00515956 1 -0.00365321 -0.00150635
536.27 -0.00494976 1 -0.00371913 -0.00123063
536.72 -0.0037446 1 -0.00378421 3.96119e-05
537.17 -0.0065395 1 -0.00384986 -0.00268964
537.63 -0.00632992 1 -0.00391755 -0.00241238
538.08 -0.00412497 1 -0.00398432 -0.000140649
538.54 -0.00391554 1 -0.00405314 0.000137598
538.99 -0.00471073 1 -0.00412099 -0.000589743
539.44 -0.003506 1 -0.00418936 0.000683356
539.9 -0.0042968 1 -0.00425977 -3.70346e-05
540.35 -0.00609222 1 -0.00432914 -0.00176309
540.8 -0.00688772 1 -0.00439898 -0.00248874
541.26 -0.00467876 1 -0.00447086 -0.0002079
541.71 -0.00747442 1 -0.00454162 -0.00293279
542.16 -0.00527016 1 -0.00461282 -0.000657339
542.62 -0.00706144 1 -0.00468602 -0.00237542
543.07 -0.00485734 1 -0.00475804 -9.93038e-05
543.52 -0.00265333 1 -0.00483043 0.00217711
543.98 -0.00644486 1 -0.00490482 -0.00154005
544.43 -0.00724102 1 -0.00497793 -0.00226309
544.88 -0.00703726 1 -0.00505138 -0.00198588
545.34 -0.00482906 1 -0.00512677 0.000297709
545.79 -0.00662548 1 -0.00520082 -0.00142466
546.24 -0.00742198 1 -0.00527514 -0.00214684
546.69 -0.00521858 1 -0.00534971 0.000131129
547.15 -0.00601075 1 -0.00542617 -0.000584576
547.6 -0.00680753 1 -0.00550118 -0.00130634
548.05 -0.0046044 1 -0.00557638 0.000971983
548.51 -0.00739685 1 -0.00565342 -0.00174343
548.96 -0.00719391 1 -0.00572892 -0.00146499
549.41 -0.00599106 1 -0.00580455 -0.000186517
549.86 -0.00578831 1 -0.00588027 9.19517e-05
550.32 -0.00558116 1 -0.00595774 0.000376581
550.77 -0.00537861 1 -0.00603358 0.000654972
551.22 -0.00717615 1 -0.00610944 -0.00106671
551.68 -0.00796931 1 -0.00618698 -0.00178232
552.13 -0.00676706 1 -0.00626281 -0.000504244
552.58 -0.00856491 1 -0.00633858 -0.00222632
553.03 -0.00536286 1 -0.00641428 0.00105142
553.49 -0.00515643 1 -0.00649154 0.00133511
553.94 -0.0059546 1 -0.00656699 0.000612392
554.39 -0.00575287 1 -0.00664227 0.000889408
554.84 -0.00655124 1 -0.00671737 0.000166128
555.3 -0.00834525 1 -0.00679391 -0.00155134
555.75 -0.00614384 1 -0.00686854 0.000724696
556.2 -0.00694255 1 -0.00694289 3.46139e-07
556.65 -0.00874136 1 -0.00701694 -0.00172442
557.11 -0.00853582 1 -0.0070923 -0.00144352
557.56 -0.00633486 1 -0.00716564 0.000830788
558.01 -0.00513401 1 -0.0072386 0.00210459
558.46 -0.00693328 1 -0.00731114 0.000377864
558.92 -0.0077282 1 -0.00738482 -0.000343377
559.37 -0.0085277 1 -0.00745642 -0.00107128
559.82 -0.00832732 1 -0.0075275 -0.000799814
560.27 -0.00812705 1 -0.00759805 -0.000529006
560.72 -0.0079269 1 -0.00766802 -0.000258888
561.18 -0.00772243 1 -0.00773892 1.64854e-05
561.63 -0.00952253 1 -0.00780764 -0.00171489
562.08 -0.00832275 1 -0.0078757 -0.00044705
562.53 -0.00712309 1 -0.00794306 0.000819972
562.99 -0.00691912 1 -0.00801117 0.00109205
563.44 -0.00771971 1 -0.00807703 0.000357322
563.89 -0.00752043 1 -0.00814211 0.000621682
564.34 -0.00732127 1 -0.00820637 0.000885097
564.79 -0.00712224 1 -0.00826977 0.00114754
565.25 -0.00891892 1 -0.00833368 -0.000585234
565.7 -0.00872015 1 -0.00839528 -0.000324864
566.15 -0.0105215 1 -0.00845594 -0.00206557
566.6 -0.010323 1 -0.00851563 -0.00180737
567.05 -0.00912462 1 -0.00857432 -0.000550303
567.5 -0.00692638 1 -0.00863198 0.0017056
567.96 -0.00772387 1 -0.00868982 0.000965953
568.41 -0.00752589 1 -0.0087453 0.00121941
568.86 -0.00832806 1 -0.00879967 0.00047161
569.31 -0.00913036 1 -0.00885289 -0.000277472
569.76 -0.0089328 1 -0.00890493 -2.7869e-05
570.21 -0.00873537 1 -0.00895576 0.000220392
570.67 -0.0105337 1 -0.00900646 -0.00152725
571.12 -0.00833656 1 -0.00905477 0.000718209
571.57 -0.00813956 1 -0.0091018 0.000962238
572.02 -0.00894271 1 -0.00914752 0.000204812
572.47 -0.010746 1 -0.0091919 -0.0015541
572.92 -0.00854943 1 -0.00923491 0.000685483
573.37 -0.009353 1 -0.00927653 -7.64726e-05
573.83 -0.0101524 1 -0.00931761 -0.000834752
574.28 -0.00895624 1 -0.00935634 0.000400109
574.73 -0.00976026 1 -0.00939361 -0.000366641
575.18 -0.00756443 1 -0.0094294 0.00186497
575.63 -0.00536874 1 -0.00946367 0.00409493
576.08 -0.0101732 1 -0.00949642 -0.000676797
576.53 -0.00797784 1 -0.00952761 0.00154977
576.98 -0.00878261 1 -0.00955723 0.000774618
577.44 -0.0115832 1 -0.00958586 -0.00199734
577.89 -0.0113883 1 -0.00961224 -0.00177605
578.34 -0.00919353 1 -0.00963699 0.000443458
578.79 -0.0109989 1 -0.0096601 -0.00133884
579.24 -0.00880449 1 -0.00968154 0.000877045
579.69 -0.0096102 1 -0.00970129 9.10893e-05
580.14 -0.0114161 1 -0.00971936 -0.00169672
580.59 -0.0102221 1 -0.00973571 -0.000486403
581.04 -0.0100283 1 -0.00975034 -0.00027797
581.49 -0.00983466 1 -0.00976323 -7.14352e-05
581.95 -0.00963689 1 -0.0097746 0.000137714
582.4 -0.00944358 1 -0.00978395 0.000340371
582.85 -0.0102504 1 -0.00979152 -0.000458907
583.3 -0.0110574 1 -0.00979732 -0.00126013
583.75 -0.0118646 1 -0.00980133 -0.00206331
584.2 -0.010672 1 -0.00980355 -0.000868444
584.65 -0.00847951 1 -0.00980396 0.00132445
585.1 -0.0082872 1 -0.00980257 0.00151536
585.55 -0.0100951 1 -0.00979937 -0.0002957
586 -0.0099031 1 -0.00979435 -0.000108751
586.45 -0.00871131 1 -0.00978752 0.00107621
586.9 -0.00751969 1 -0.00977887 0.00225918
587.35 -0.00832825 1 -0.00976841 0.00144016
587.8 -0.010137 1 -0.00975612 -0.000380857
588.25 -0.0109459 1 -0.00974202 -0.00120386
588.71 -0.00975073 1 -0.00972573 -2.49958e-05
589.16 -0.01156 1 -0.00970797 -0.00185202
589.61 -0.0103694 1 -0.0096884 -0.000681037
590.06 -0.00817907 1 -0.00966704 0.00148797
590.51 -0.00698887 1 -0.00964388 0.00265501
590.96 -0.00979886 1 -0.00961894 -0.000179922
591.41 -0.010609 1 -0.00959223 -0.00101681
591.86 -0.00841939 1 -0.00956375 0.00114436
592.31 -0.00922993 1 -0.00953351 0.000303583
592.76 -0.00904066 1 -0.00950154 0.000460882
593.21 -0.00985157 1 -0.00946784 -0.000383733
593.66 -0.00666267 1 -0.00943242 0.00276975
594.11 -0.00647396 1 -0.00939531 0.00292135
594.56 -0.00828544 1 -0.00935651 0.00107107
595.01 -0.00709711 1 -0.00931605 0.00221894
595.46 -0.00790897 1 -0.00927394 0.00136497
595.91 -0.00772102 1 -0.00923021 0.00150919
596.36 -0.00953327 1 -0.00918487 -0.000348401
596.81 -0.00734571 1 -0.00913794 0.00179223
597.26 -0.00815834 1 -0.00908945 0.000931107
597.71 -0.00797118 1 -0.00903942 0.00106825
598.16 -0.00678421 1 -0.00898788 0.00220367
598.61 -0.00759743 1 -0.00893485 0.00133741
599.06 -0.00841086 1 -0.00888035 0.000469491
599.51 -0.00822448 1 -0.00882442 0.000599931
599.96 -0.00603831 1 -0.00876707 0.00272876
600.41 -0.00585234 1 -0.00870835 0.00285601
600.86 -0.00666657 1 -0.00864828 0.00198171
601.31 -0.007481 1 -0.00858689 0.00110588
601.76 -0.00729564 1 -0.00852421 0.00122856
602.21 -0.00611049 1 -0.00846027 0.00234978
602.65 -0.00592965 1 -0.00839657 0.00246692
603.1 -0.0057449 1 -0.00833025 0.00258535
603.55 -0.00556036 1 -0.00826277 0.00270241
604 -0.00737604 1 -0.00819417 0.000818137
604.45 -0.00719192 1 -0.00812449 0.000932572
604.9 -0.00800801 1 -0.00805376 4.57483e-05
605.35 -0.00782432 1 -0.00798202 0.000157702
605.8 -0.00664083 1 -0.0079093 0.00126847
606.25 -0.00545757 1 -0.00783565 0.00237809
606.7 -0.00527451 1 -0.00776111 0.0024866
607.15 -0.00709168 1 -0.00768571 0.000594032
607.6 -0.00690906 1 -0.00760949 0.000700434
608.05 -0.00772665 1 -0.0075325 -0.000194156
608.5 -0.00654447 1 -0.00745477 0.0009103
608.95 -0.00836251 1 -0.00737635 -0.000986158
609.39 -0.0051848 1 -0.00729904 0.00211424
609.84 -0.00500327 1 -0.00721937 0.0022161
610.29 -0.00582197 1 -0.00713913 0.00131716
610.74 -0.00664089 1 -0.00705837 0.00041748
611.19 -0.00746003 1 -0.00697712 -0.00048291
611.64 -0.0062794 1 -0.00689543 0.000616035
612.09 -0.00509899 1 -0.00681335 0.00171436
612.54 -0.00491881 1 -0.00673092 0.0018121
612.99 -0.00573886 1 -0.00664817 0.000909306
613.44 -0.00655914 1 -0.00656516 6.01741e-06
613.88 -0.00538364 1 -0.00648378 0.00110014
614.33 -0.00720437 1 -0.00640038 -0.000803997
614.78 -0.00702534 1 -0.00631684 -0.000708504
615.23 -0.00784654 1 -0.00623321 -0.00161333
615.68 -0.00666797 1 -0.00614953 -0.000518445
616.13 -0.00648964 1 -0.00606585 -0.000423794
616.58 -0.00731154 1 -0.0059822 -0.00132934
617.03 -0.00613368 1 -0.00589865 -0.000235037
617.47 -0.00496 1 -0.00581707 0.000857062
617.92 -0.00678262 1 -0.0057338 -0.00104881
618.37 -0.00760547 1 -0.00565075 -0.00195472
618.82 -0.00442856 1 -0.00556794 0.00113939
619.27 -0.00625189 1 -0.00548544 -0.000766448
619.72 -0.00807546 1 -0.00540327 -0.00267219
620.17 -0.00789928 1 -0.00532148 -0.0025778
620.61 -0.00672724 1 -0.00524191 -0.00148533
621.06 -0.00655154 1 -0.00516099 -0.00139055
621.51 -0.00737609 1 -0.00508057 -0.00229552
621.96 -0.00920088 1 -0.00500069 -0.0042002
622.41 -0.00702592 1 -0.00492138 -0.00210455
622.86 -0.00585121 1 -0.00484269 -0.00100853
623.3 -0.00668063 1 -0.00476638 -0.00191425
623.75 -0.00550641 1 -0.00468901 -0.000817398
624.2 -0.00533245 1 -0.00461238 -0.000720071
624.65 -0.00615874 1 -0.0045365 -0.00162223
625.1 -0.00598528 1 -0.00446142 -0.00152386
625.54 -0.00581592 1 -0.00438881 -0.0014271
625.99 -0.00564297 1 -0.00431541 -0.00132755
626.44 -0.00647027 1 -0.00424291 -0.00222736
626.89 -0.00529783 1 -0.00417133 -0.0011265
627.34 -0.00412564 1 -0.00410071 -2.49327e-05
627.78 -0.00595754 1 -0.00403262 -0.00192492
628.23 -0.00778587 1 -0.00396399 -0.00382188
628.68 -0.00661446 1 -0.0038964 -0.00271805
629.13 -0.00644331 1 -0.0038299 -0.00261342
629.58 -0.00527243 1 -0.00376449 -0.00150794
630.02 -0.0061056 1 -0.00370162 -0.00240397
630.47 -0.00693524 1 -0.00363847 -0.00329676
630.92 -0.00576514 1 -0.00357649 -0.00218865
631.37 -0.00759531 1 -0.00351571 -0.0040796
631.81 -0.00442951 1 -0.00345747 -0.000972048
632.26 -0.00626021 1 -0.00339912 -0.00286109
632.71 -0.00509118 1 -0.00334203 -0.00174915
633.16 -0.00392243 1 -0.00328623 -0.000636197
633.61 -0.00475394 1 -0.00323172 -0.00152222
634.05 -0.00758946 1 -0.00317969 -0.00440976
634.5 -0.00642151 1 -0.00312779 -0.00329371
634.95 -0.00525383 1 -0.00307724 -0.00217659
635.4 -0.00408643 1 -0.00302804 -0.00105839
635.84 -0.00292302 1 -0.00298126 5.82462e-05
636.29 -0.00475616 1 -0.00293479 -0.00182138
636.74 -0.00358959 1 -0.0028897 -0.000699891
637.18 -0.00342698 1 -0.00284696 -0.00058002
637.63 -0.00426096 1 -0.00280465 -0.00145631
638.08 -0.00509522 1 -0.00276375 -0.00233147
638.53 -0.00492976 1 -0.00272427 -0.00220549
638.97 -0.00476824 1 -0.00268704 -0.0020812
639.42 -0.00360334 1 -0.00265038 -0.000952958
639.87 -0.00343872 1 -0.00261515 -0.000823569
640.32 -0.00527439 1 -0.00258136 -0.00269304
640.76 -0.00111399 1 -0.00254969 0.00143571
641.21 -0.00295022 1 -0.00251873 -0.000431495
641.66 -0.00278675 1 -0.00248919 -0.000297554
642.1 -0.000627181 1 -0.00246169 0.00183451
642.55 -0.00246428 1 -0.00243497 -2.93045e-05
643 -0.00430166 1 -0.00240967 -0.00189199
643.44 -0.00314294 1 -0.0023863 -0.000756647
643.89 -0.00198091 1 -0.00236378 0.000382873
644.34 -0.00381917 1 -0.00234266 -0.0014765
644.79 -0.00265772 1 -0.00232293 -0.000334785
645.23 -0.00150014 1 -0.00230498 0.00080483
645.68 -0.000339283 1 -0.00228796 0.00194868
646.13 -0.00217872 1 -0.0022723 9.35842e-05
646.57 -0.00302201 1 -0.00225829 -0.000763719
647.02 -0.00486204 1 -0.00224528 -0.00261676
647.47 -0.00170236 1 -0.00223358 0.000531213
647.91 -0.00254653 1 -0.00222339 -0.000323136
648.36 -0.000387453 1 -0.00221425 0.0018268
648.81 -0.00222868 1 -0.00220637 -2.23083e-05
649.25 -0.00207373 1 -0.00219988 0.000126148
649.7 -0.00291556 1 -0.00219445 -0.000721105
650.15 -0.00175769 1 -0.00219024 0.000432546
650.59 -0.000603629 1 -0.00218727 0.00158364
651.04 -0.00244637 1 -0.00218539 -0.000260982
651.48 -0.000292906 1 -0.00218466 0.00189176
651.93 -0.00113626 1 -0.00218504 0.00104878
652.38 -0.00297992 1 -0.00218651 -0.000793409
652.82 -0.00182736 1 -0.002189 0.000361641
653.27 -0.000671643 1 -0.0021926 0.00152095
653.72 -0.000516237 1 -0.00219722 0.00168098
654.16 -0.00136459 1 -0.00220271 0.000838126
654.61 -0.000209805 1 -0.00220931 0.0019995
655.06 -0.00305534 1 -0.00221685 -0.000838484
655.5 -0.000904609 1 -0.00222513 0.00132052
655.95 -0.00375077 1 -0.00223449 -0.00151628
656.39 -0.00660066 1 -0.00224449 -0.00435617
656.84 -0.00344745 1 -0.00225555 -0.0011919
657.29 0.000705438 1 -0.00226743 0.00297287
657.73 -0.00114538 1 -0.00227981 0.00113443
658.18 0.00100687 1 -0.00229322 0.00330009
658.62 -0.00084458 1 -0.00230705 0.00146247
659.07 -0.000692971 1 -0.00232189 0.00162892
659.52 -0.00154169 1 -0.0023374 0.00079571
659.96 0.000605918 1 -0.00235319 0.0029591
660.41 0.000756555 1 -0.00236994 0.0031265
660.85 -0.00109647 1 -0.00238689 0.00129042
661.3 -0.000946485 1 -0.00240477 0.00145828
661.74 -0.000800151 1 -0.00242276 0.00162261
662.19 -0.000650818 1 -0.00244165 0.00179083
662.64 -0.000501816 1 -0.002461 0.00195919
663.08 0.00164355 1 -0.00248034 0.00412389
663.53 0.000791893 1 -0.00250052 0.00329241
663.97 -6.33849e-05 1 -0.00252061 0.00245723
664.42 -0.00191571 1 -0.0025415 0.000625791
664.86 0.00122837 1 -0.00256222 0.00379059
665.31 0.00237538 1 -0.0025837 0.00495907
665.75 -0.0014812 1 -0.00260494 0.00112373
666.2 0.00166514 1 -0.00262688 0.00429202
666.65 0.00181114 1 -0.00264902 0.00446016
667.09 0.000953565 1 -0.00267082 0.00362439
667.54 0.00309889 1 -0.00269326 0.00579215
667.98 0.000240655 1 -0.00271529 0.00295595
668.43 -0.0016147 1 -0.00273791 0.00112321
668.87 -0.000473602 1 -0.00276007 0.00228647
669.32 0.000670361 1 -0.00278275 0.00345311
669.76 -0.000189212 1 -0.00280493 0.00261571
670.21 0.000954064 1 -0.00282757 0.00378164
670.65 -0.00190618 1 -0.00284965 0.000943472
671.1 0.000236403 1 -0.00287215 0.00310856
671.54 0.00137548 1 -0.00289404 0.00426952
671.99 -0.00148263 1 -0.00291629 0.00143366
672.43 -0.00134423 1 -0.00293789 0.00159366
672.88 -0.000203041 1 -0.00295979 0.00275675
673.32 0.000934672 1 -0.002981 0.00391567
673.77 -0.000924838 1 -0.00300245 0.00207762
674.21 -0.000787813 1 -0.00302318 0.00223537
674.66 -0.00264803 1 -0.0030441 0.000396073
675.1 -0.0015117 1 -0.00306426 0.00155256
675.55 -0.00337262 1 -0.00308455 -0.000288067
675.99 -0.000236982 1 -0.00310406 0.00286708
676.44 -0.00109862 1 -0.00312364 0.00202502
676.88 -0.00096368 1 -0.00314241 0.00217873
677.33 -0.000826033 1 -0.00316121 0.00233518
677.77 -0.000691796 1 -0.00317917 0.00248738
678.22 -0.00155487 1 -0.0031971 0.00164223
678.66 -0.00342134 1 -0.00321419 -0.000207153
679.11 -0.00328514 1 -0.00323118 -5.39529e-05
679.55 -0.00115231 1 -0.00324732 0.00209501
679.99 -0.00301985 1 -0.00326297 0.000243123
680.44 0.000115268 1 -0.00327845 0.00339372
680.88 -0.00275298 1 -0.00329306 0.000540084
681.33 -0.0036186 1 -0.00330745 -0.000311142
681.77 -0.00348756 1 -0.00332098 -0.000166584
682.22 -0.00235392 1 -0.00333423 0.000980313
682.66 -0.0032236 1 -0.00334661 0.000123008
683.11 -0.0030907 1 -0.00335867 0.000267976
683.55 -0.00396111 1 -0.00336987 -0.000591237
683.99 -0.00583188 1 -0.00338047 -0.00245141
684.44 -0.00470009 1 -0.00339068 -0.00130941
684.88 -0.0055716 1 -0.00340004 -0.00217156
685.33 -0.00444055 1 -0.00340896 -0.00103159
685.77 -0.00631279 1 -0.00341705 -0.00289574
686.21 -0.0051854 1 -0.00342449 -0.0017609
686.66 -0.00405548 1 -0.00343144 -0.00062404
687.1 -0.00492882 1 -0.00343758 -0.00149125
687.55 -0.00479967 1 -0.00344317 -0.0013565
687.99 -0.00367375 1 -0.00344797 -0.000225781
688.44 -0.00454536 1 -0.0034522 -0.00109316
688.88 -0.0044202 1 -0.00345566 -0.000964539
689.32 -0.0052954 1 -0.00345844 -0.00183696
689.77 -0.00516815 1 -0.0034606 -0.00170755
690.21 -0.00504411 1 -0.00346203 -0.00158208
690.65 -0.00492044 1 -0.00346278 -0.00145766
691.1 -0.00579435 1 -0.00346285 -0.0023315
691.54 -0.00667144 1 -0.00346224 -0.0032092
691.99 -0.00454612 1 -0.00346091 -0.00108521
692.43 -0.00542397 1 -0.00345894 -0.00196503
692.87 -0.0073022 1 -0.0034563 -0.0038459
693.32 -0.00417805 1 -0.0034529 -0.000725152
693.76 -0.00505705 1 -0.00344891 -0.00160814
694.2 -0.00293642 1 -0.00344425 0.000507826
694.65 -0.00581345 1 -0.00343881 -0.00237465
695.09 -0.0046936 1 -0.00343282 -0.00126078
695.53 -0.00657413 1 -0.00342618 -0.00314795
695.98 -0.00545235 1 -0.00341873 -0.00203362
696.42 -0.00433366 1 -0.00341079 -0.000922867
696.86 -0.00721535 1 -0.00340222 -0.00381313
697.31 -0.00709476 1 -0.0033928 -0.00370196
697.75 -0.00697724 1 -0.00338296 -0.00359427
698.19 -0.0078601 1 -0.00337251 -0.00448759
698.64 -0.00574071 1 -0.0033612 -0.00237952
699.08 -0.00662437 1 -0.00334952 -0.00327484
699.52 -0.00650841 1 -0.00333726 -0.00317115
699.97 -0.00639023 1 -0.00332411 -0.00306612
700.41 -0.00527507 1 -0.00331068 -0.00196439
700.85 -0.00416031 1 -0.00329667 -0.000863631
701.3 -0.00704334 1 -0.00328178 -0.00376156
701.74 -0.00492937 1 -0.00326666 -0.00166271
702.18 -0.0068158 1 -0.003251 -0.0035648
702.63 -0.00570006 1 -0.00323445 -0.00246562
703.07 -0.0055873 1 -0.00321773 -0.00236956
703.51 -0.00247493 1 -0.00320052 0.000725583
703.96 -0.00536043 1 -0.00318239 -0.00217803
704.4 -0.00524887 1 -0.00316418 -0.00208469
704.84 -0.00313772 1 -0.0031455 7.77965e-06
705.28 -0.00502697 1 -0.00312635 -0.00190062
705.73 -0.00591412 1 -0.0031063 -0.00280782
706.17 -0.00580418 1 -0.00308625 -0.00271793
706.61 -0.00769465 1 -0.00306578 -0.00462888
707.06 -0.00758306 1 -0.0030444 -0.00453865
707.5 -0.00647435 1 -0.0030231 -0.00345125
707.94 -0.00636605 1 -0.0030014 -0.00336465
708.38 -0.00725816 1 -0.00297932 -0.00427884
708.83 -0.00414825 1 -0.00295636 -0.00119188
709.27 -0.00604119 1 -0.00293355 -0.00310763
709.71 -0.00593454 1 -0.0029104 -0.00302414
710.15 -0.0038283 1 -0.00288692 -0.000941382
710.6 -0.00772008 1 -0.00286258 -0.0048575
711.04 -0.00561468 1 -0.00283846 -0.00277622
711.48 -0.0045097 1 -0.00281406 -0.00169564
711.92 -0.00340513 1 -0.00278937 -0.000615758
712.37 -0.00529862 1 -0.00276385 -0.00253477
712.81 -0.0031949 1 -0.00273863 -0.000456261
713.25 -0.00509159 1 -0.00271318 -0.00237841
713.69 -0.00298871 1 -0.00268749 -0.000301218
714.13 -0.00288624 1 -0.00266158 -0.00022466
714.58 -0.00578189 1 -0.00263487 -0.00314701
715.02 -0.00668027 1 -0.00260856 -0.00407171
715.46 -0.00457909 1 -0.00258207 -0.00199701
715.9 -0.00647832 1 -0.00255541 -0.00392291
716.35 -0.00537571 1 -0.00252798 -0.00284772
716.79 -0.0012758 1 -0.00250102 0.00122522
717.23 -0.00317632 1 -0.00247392 -0.000702404
717.67 -0.00407727 1 -0.0024467 -0.00163057
718.11 -0.00397865 1 -0.00241937 -0.00155928
718.56 -0.00387823 1 -0.00239132 -0.00148691
719 -0.00278048 1 -0.0023638 -0.000416679
719.44 -0.00368316 1 -0.00233621 -0.00134695
719.88 -0.00458627 1 -0.00230855 -0.00227772
720.32 -0.00448981 1 -0.00228084 -0.00220897
720.76 -0.00439379 1 -0.00225309 -0.0021407
721.21 -0.00429603 1 -0.00222468 -0.00207136
721.65 -0.00520089 1 -0.00219687 -0.00300402
722.09 -0.00510618 1 -0.00216905 -0.00293713
722.53 -0.00401191 1 -0.00214124 -0.00187068
722.97 -0.00391808 1 -0.00211343 -0.00180465
723.41 -0.00382469 1 -0.00208564 -0.00173905
723.86 -0.00172963 1 -0.00205725 0.00032762
724.3 -0.00163713 1 -0.00202953 0.000392402
724.74 -0.00254507 1 -0.00200185 -0.000543211
725.18 -0.000453448 1 -0.00197424 0.00152079
725.62 -0.00336227 1 -0.00194669 -0.00141558
726.06 -0.00127154 1 -0.00191921 0.000647669
726.5 -0.00118126 1 -0.00189182 0.000710561
726.95 -0.00208938 1 -0.0018639 -0.000225485
727.39 0 1 -0.0018367 0.0018367
727.83 -0.000911065 1 -0.0018096 0.000898538
728.27 -0.00182258 1 -0.00178263 -3.99498e-05
728.71 -0.000734527 1 -0.00175577 0.00102124
729.15 -0.000646918 1 -0.00172904 0.00108213
729.59 -0.000559744 1 -0.00170245 0.00114271
730.03 -0.003473 1 -0.00167601 -0.00179699
730.48 -0.000384736 1 -0.00164912 0.00126438
730.92 -0.00129886 1 -0.00162298 0.000324122
731.36 0.00278659 1 -0.00159701 0.0043836
731.8 0.000871619 1 -0.00157121 0.00244283
732.24 0.00195623 1 -0.00154558 0.00350181
732.68 -0.000959573 1 -0.00152014 0.000560564
733.12 -0.00387579 1 -0.00149488 -0.00238091
733.56 0.000207589 1 -0.00146981 0.0016774
734 0.00129056 1 -0.00144493 0.00273549
734.44 0.00137313 1 -0.00142026 0.00279339
734.89 0.00145716 1 -0.00139524 0.0028524
735.33 0.00353892 1 -0.00137099 0.00490991
735.77 0.00362029 1 -0.00134695 0.00496724
736.21 0.00270126 1 -0.00132313 0.0040244
736.65 0.00178185 1 -0.00129954 0.00308139
737.09 0.00386206 1 -0.00127617 0.00513822
737.53 0.00294188 1 -0.00125302 0.0041949
737.97 0.00102133 1 -0.00123011 0.00225144
738.41 0.00310039 1 -0.00120744 0.00430783
738.85 0.00417909 1 -0.001185 0.00536409
739.29 0.00325741 1 -0.00116281 0.00442022
739.73 -0.000664628 1 -0.00114085 0.000476226
740.17 0.00441297 1 -0.00111915 0.00553211
740.61 0.0034902 1 -0.00109769 0.00458789
741.05 0.00456708 1 -0.00107648 0.00564356
741.49 0.0036436 1 -0.00105552 0.00469912
741.93 0.00371977 1 -0.00103482 0.00475458
742.37 0.000795585 1 -0.00101437 0.00180995
742.81 0.00487106 1 -0.000994172 0.00586523
743.26 0.00394789 1 -0.000973784 0.00492168
743.7 0.00202268 1 -0.00095411 0.00297679
744.14 0.00209712 1 -0.000934695 0.00303182
744.58 0.00317124 1 -0.00091554 0.00408678
745.02 0.00524502 1 -0.000896644 0.00614166
745.46 0.00431847 1 -0.000878009 0.00519648
745.9 0.0033916 1 -0.000859634 0.00425123
746.34 0.00346441 1 -0.000841521 0.00430593
746.78 0.00453689 1 -0.000823667 0.00536056
747.22 0.00460907 1 -0.000806075 0.00541514
747.66 0.00268093 1 -0.000788742 0.00346967
748.1 0.00375247 1 -0.00077167 0.00452414
748.54 0.00382372 1 -0.000754857 0.00457857
748.98 0.00189465 1 -0.000738303 0.00263296
749.42 0.00196529 1 -0.000722007 0.0026873
749.86 0.00403563 1 -0.000705967 0.0047416
750.29 0.00410409 1 -0.000690541 0.00479463
750.73 0.00217385 1 -0.000675007 0.00284885
751.17 0.00124331 1 -0.000659728 0.00190304
751.61 0.0023125 1 -0.000644701 0.0029572
752.05 0.0053814 1 -0.000629926 0.00601132
752.49 0.00245002 1 -0.000615401 0.00306542
752.93 0.00351836 1 -0.000601125 0.00411949
753.37 0.00258643 1 -0.000587095 0.00317353
753.81 0.00265423 1 -0.000573311 0.00322754
754.25 0.00172176 1 -0.000559771 0.00228153
754.69 0.00178902 1 -0.000546472 0.0023355
755.13 0.00285603 1 -0.000533413 0.00338944
755.57 0.00492277 1 -0.000520592 0.00544336
756.01 0.00498926 1 -0.000508007 0.00549726
756.45 0.00405549 1 -0.000495656 0.00455115
756.89 0.00412147 1 -0.000483536 0.00460501
757.33 0.00418721 1 -0.000471646 0.00465886
757.77 0.0022527 1 -0.000459984 0.00271269
758.21 0.00331795 1 -0.000448546 0.0037665
758.64 0.00138149 1 -0.000437584 0.00181908
759.08 -0.00155373 1 -0.000426584 -0.00112714
759.52 0.00251083 1 -0.000415803 0.00292663
759.96 0.00257515 1 -0.000405237 0.00298038
760.4 0.000639242 1 -0.000394884 0.00103413
760.84 0.000703113 1 -0.000384742 0.00108786
761.28 0.00276676 1 -0.000374808 0.00314157
761.72 0.0028302 1 -0.000365079 0.00319528
762.16 0.00389342 1 -0.000355554 0.00424897
762.6 0.000956427 1 -0.000346228 0.00130265
763.03 1.78016e-05 1 -0.000337306 0.000355107
763.47 0.0020804 1 -0.000328369 0.00240877
763.91 0.0021428 1 -0.000319624 0.00246242
764.35 0.00320499 1 -0.000311069 0.00351606
764.79 0.002267 1 -0.000302701 0.0025697
765.23 -0.000671197 1 -0.000294517 -0.00037668
765.67 0.00139042 1 -0.000286515 0.00167694
766.11 -0.00354815 1 -0.000278692 -0.00326946
766.54 -0.000488296 1 -0.000271217 -0.000217078
766.98 0.00257277 1 -0.00026374 0.00283651
767.42 -0.000366339 1 -0.000256434 -0.000109905
767.86 -0.000305626 1 -0.000249296 -5.63302e-05
768.3 0.00375491 1 -0.000242323 0.00399724
768.74 0.00181529 1 -0.000235513 0.0020508
769.17 0.00487412 1 -0.000229013 0.00510314
769.61 0.00193417 1 -0.000222517 0.00215668
770.05 0.000994052 1 -0.000216175 0.00121023
770.49 0.00405378 1 -0.000209986 0.00426376
770.93 0.00111335 1 -0.000203946 0.0013173
771.37 -0.000827231 1 -0.000198053 -0.000629178
771.8 0.00123069 1 -0.000192433 0.00142313
772.24 0.00128982 1 -0.000186822 0.00147665
772.68 0.00234881 1 -0.000181351 0.00253016
773.12 -0.000592345 1 -0.000176015 -0.00041633
773.56 0.00246636 1 -0.000170814 0.00263718
774 -0.00147506 1 -0.000165744 -0.00130932
774.43 0.00158206 1 -0.000160913 0.00174297
774.87 -0.000359624 1 -0.000156095 -0.000203528
775.31 0.000698571 1 -0.000151401 0.000849972
775.75 0.00175664 1 -0.000146828 0.00190347
776.19 0.0018146 1 -0.000142374 0.00195697
776.62 0.00187112 1 -0.000138134 0.00200926
777.06 0.00392885 1 -0.000133909 0.00406276
777.5 -1.35339e-05 1 -0.000129795 0.000116261
777.94 -0.000956024 1 -0.00012579 -0.000830233
778.37 -0.000899921 1 -0.000121981 -0.000777941
778.81 0.00215739 1 -0.000118186 0.00227557
779.25 0.0022146 1 -0.000114494 0.00232909
779.69 0.00427171 1 -0.000110903 0.00438261
780.13 -0.000671269 1 -0.00010741 -0.000563859
780.56 0.000384371 1 -0.000104089 0.00048846
781 0.00144122 1 -0.000100784 0.001542
781.44 0.00349799 1 -9.75711e-05 0.00359556
781.88 0.00155467 1 -9.4448e-05 0.00164912
782.31 0.00160999 1 -9.14807e-05 0.00170147
782.75 -0.00133347 1 -8.85292e-05 -0.00124494
783.19 0.00372299 1 -8.56616e-05 0.00380865
783.63 -0.000220613 1 -8.2876e-05 -0.000137737
784.06 -0.000165562 1 -8.02309e-05 -8.53316e-05
784.5 0.000890707 1 -7.76015e-05 0.000968308
784.94 -5.30835e-05 1 -7.50484e-05 2.19648e-05
785.37 1.79416e-06 1 -7.26252e-05 7.44194e-05
785.81 0.0030579 1 -7.02175e-05 0.00312811
786.25 0.00311395 1 -6.78806e-05 0.00318183
786.69 -0.00283005 1 -6.56129e-05 -0.00276444
787.12 -0.000775364 1 -6.34619e-05 -0.000711902
787.56 -0.000719446 1 -6.13258e-05 -0.000658121
788 0.00233643 1 -5.92539e-05 0.00239569
788.43 0.00139101 1 -5.72894e-05 0.0014483
788.87 0.00344682 1 -5.53395e-05 0.00350216
789.31 0.000502601 1 -5.34489e-05 0.00055605
789.75 0.00255836 1 -5.16162e-05 0.00260997
790.18 0.000612821 1 -4.98795e-05 0.000662701
790.62 0.00166853 1 -4.81567e-05 0.00171669
791.06 -0.000275774 1 -4.64874e-05 -0.000229287
791.49 0.000778639 1 -4.49062e-05 0.000823545
791.93 -0.000165694 1 -4.33383e-05 -0.000122356
792.37 0.00388996 1 -4.18197e-05 0.00393178
792.8 0.000944351 1 -4.0382e-05 0.000984733
793.24 0 1 -3.8957e-05 3.8957e-05
793.68 0.00105565 1 -3.75774e-05 0.00109323
794.11 0.00111004 1 -3.62718e-05 0.00114631
794.55 0.00316569 1 -3.49783e-05 0.00320067
794.99 0.00222136 1 -3.37265e-05 0.00225509
795.42 0.00327577 1 -3.25424e-05 0.00330832
795.86 0.00333147 1 -3.13698e-05 0.00336284
796.3 0.00138718 1 -3.02355e-05 0.00141741
796.73 0.00244164 1 -2.9163e-05 0.00247081
797.17 0.0014974 1 -2.81013e-05 0.0015255
797.61 -0.000446819 1 -2.70748e-05 -0.000419744
798.04 0.00360772 1 -2.61046e-05 0.00363383
798.48 0.00366357 1 -2.51446e-05 0.00368871
798.91 -0.000281824 1 -2.42375e-05 -0.000257587
799.35 0.00277409 1 -2.33402e-05 0.00279743
799.79 0.00183005 1 -2.24732e-05 0.00185252
800.22 0.00288478 1 -2.16544e-05 0.00290644
800.66 0.00094083 1 -2.08447e-05 0.000961675
801.1 0.00099693 1 -2.00628e-05 0.00101699
