500.34 0.000314406 1 -0.00237126 0.00268566
500.8 0.000701646 1 -0.0024243 0.00312594
501.25 -0.00091952 1 -0.00247696 0.00155744
501.71 -0.00053226 1 -0.0025316 0.00199934
502.17 0.000855009 1 -0.00258704 0.00344205
502.62 0.00223386 1 -0.00264206 0.00487592
503.08 0.00262114 1 -0.0026991 0.00532024
503.53 0 1 -0.00275568 0.00275568
503.99 -0.00161272 1 -0.00281431 0.00120159
504.44 -0.00123386 1 -0.00287246 0.00163859
504.9 -0.00184659 1 -0.00293268 0.00108609
505.36 -0.00345932 1 -0.00299372 -0.000465606
505.81 -0.00108048 1 -0.00305419 0.00197371
506.27 0.000306772 1 -0.00311681 0.00342358
506.72 0.000685594 1 -0.00317882 0.00386442
507.18 0.00107282 1 -0.003243 0.00431583
507.63 -0.000548381 1 -0.00330655 0.00275817
508.09 -0.00116118 1 -0.00337228 0.0022111
508.54 -0.00178242 1 -0.00343734 0.00165492
509 -0.00239526 1 -0.0035046 0.00110934
509.45 -1.65409e-05 1 -0.00357115 0.00355461
509.91 -0.00362943 1 -0.00363992 1.04975e-05
510.36 -0.00225075 1 -0.00370794 0.00145718
510.82 -0.00586369 1 -0.0037782 -0.00208549
511.27 -0.00348507 1 -0.00384765 0.000362574
511.73 -0.00309807 1 -0.00391936 0.000821291
512.19 -0.0037111 1 -0.0039918 0.000280699
512.64 -0.00433258 1 -0.00406336 -0.000269223
513.1 -0.00294568 1 -0.0041372 0.00119152
513.55 -0.00356723 1 -0.0042101 0.000642875
514.01 -0.00618041 1 -0.00428531 -0.0018951
514.46 -0.00280204 1 -0.00435953 0.00155749
514.92 -0.0044153 1 -0.00443605 2.07495e-05
515.37 -0.00203702 1 -0.00451154 0.00247452
515.83 -0.00365037 1 -0.00458933 0.00093896
516.28 -0.00527218 1 -0.00466604 -0.000606142
516.73 -0.00389404 1 -0.00474333 0.000849291
517.19 -0.00650755 1 -0.00482293 -0.00168462
517.64 -0.00612951 1 -0.00490136 -0.00122815
518.1 -0.00574313 1 -0.0049821 -0.000761034
518.55 -0.00636521 1 -0.00506161 -0.0013036
519.01 -0.00797894 1 -0.00514342 -0.00283552
519.46 -0.00760113 1 -0.00522395 -0.00237718
519.92 -0.00521499 1 -0.00530677 9.17757e-05
520.37 -0.00783731 1 -0.00538826 -0.00244906
520.83 -0.0074513 1 -0.00547201 -0.00197929
521.28 -0.00707376 1 -0.00555438 -0.00151937
521.74 -0.00468789 1 -0.00563901 0.000951121
522.19 -0.00431048 1 -0.00572219 0.00141171
522.65 -0.00692476 1 -0.0058076 -0.00111715
523.1 -0.00854749 1 -0.00589152 -0.00265598
523.55 -0.00817031 1 -0.00597576 -0.00219454
524.01 -0.00478482 1 -0.00606221 0.00127739
524.46 -0.00740779 1 -0.00614706 -0.00126072
524.92 -0.00702246 1 -0.00623409 -0.000788374
525.37 -0.00764559 1 -0.00631947 -0.00132613
525.83 -0.00726044 1 -0.00640698 -0.000853458
526.28 -0.00788375 1 -0.0064928 -0.00139095
526.73 -0.00650714 1 -0.0065788 7.16602e-05
527.19 -0.00612226 1 -0.00666687 0.000544617
527.64 -0.00474583 1 -0.00675317 0.00200734
528.1 -0.00836114 1 -0.00684149 -0.00151964
528.55 -0.0109849 1 -0.00692799 -0.00405692
529.01 -0.0086004 1 -0.00701646 -0.00158394
529.46 -0.00822436 1 -0.00710305 -0.00112131
529.91 -0.00984842 1 -0.00718965 -0.00265877
530.37 -0.00846423 1 -0.00727816 -0.00118607
530.82 -0.0100885 1 -0.0073647 -0.0027238
531.28 -0.0107045 1 -0.0074531 -0.00325143
531.73 -0.00932901 1 -0.00753948 -0.00178953
532.18 -0.0079536 1 -0.00762574 -0.000327858
532.64 -0.00756996 1 -0.00771376 0.000143803
533.09 -0.0101948 1 -0.00779969 -0.00239508
533.54 -0.0098197 1 -0.00788541 -0.00193428
534 -0.0114364 1 -0.00797281 -0.0034636
534.45 -0.00606157 1 -0.00805804 0.00199647
534.91 -0.00767852 1 -0.00814486 0.000466342
535.36 -0.00930393 1 -0.00822948 -0.00107444
535.81 -0.00692945 1 -0.00831376 0.00138431
536.27 -0.0105468 1 -0.00839952 -0.00214726
536.72 -0.0101726 1 -0.00848301 -0.00168955
537.17 -0.00979847 1 -0.00856608 -0.00123239
537.63 -0.0084162 1 -0.00865051 0.000234312
538.08 -0.0100424 1 -0.00873261 -0.00130976
538.54 -0.00966036 1 -0.008816 -0.000844365
538.99 -0.0112868 1 -0.00889702 -0.00238978
539.44 -0.00791338 1 -0.00897747 0.00106409
539.9 -0.0105318 1 -0.00905908 -0.00147272
540.35 -0.0111587 1 -0.00913827 -0.00202038
540.8 -0.00778565 1 -0.0092168 0.00143115
541.26 -0.00740451 1 -0.00929635 0.00189185
541.71 -0.0090318 1 -0.00937345 0.000341652
542.16 -0.0116592 1 -0.00944979 -0.00220944
542.62 -0.0122785 1 -0.00952703 -0.00275151
543.07 -0.00990628 1 -0.00960177 -0.000304515
543.52 -0.00853417 1 -0.00967566 0.00114149
543.98 -0.0101539 1 -0.00975031 -0.000403638
544.43 -0.00878215 1 -0.00982243 0.00104028
544.88 -0.0104105 1 -0.00989363 -0.000516885
545.34 -0.0100308 1 -0.00996542 -6.53539e-05
545.79 -0.00965946 1 -0.0100347 0.000375209
546.24 -0.0122883 1 -0.0101029 -0.0021854
546.69 -0.00791731 1 -0.0101701 0.0022528
547.15 -0.0105382 1 -0.0102377 -0.000300528
547.6 -0.00916759 1 -0.0103028 0.00113516
548.05 -0.0107971 1 -0.0103667 -0.000430428
548.51 -0.0124186 1 -0.0104308 -0.00198772
548.96 -0.0120484 1 -0.0104924 -0.00155599
549.41 -0.00867846 1 -0.0105528 0.00187438
549.86 -0.00930868 1 -0.010612 0.00130336
550.32 -0.00993086 1 -0.0106713 0.000740407
550.77 -0.00956143 1 -0.0107279 0.00116649
551.22 -0.0111922 1 -0.0107833 -0.000408886
551.68 -0.0118149 1 -0.0108386 -0.000976373
552.13 -0.0134461 1 -0.0108913 -0.0025548
552.58 -0.0130774 1 -0.0109426 -0.00213476
553.03 -0.0107089 1 -0.0109926 0.00028371
553.49 -0.0103324 1 -0.0110422 0.00070984
553.94 -0.00996428 1 -0.0110894 0.00112508
554.39 -0.0115964 1 -0.011135 -0.000461314
554.84 -0.00922864 1 -0.0111793 0.00195064
555.3 -0.00985295 1 -0.011223 0.00137002
555.75 -0.0114856 1 -0.0112642 -0.000221429
556.2 -0.0111185 1 -0.0113039 0.000185408
556.65 -0.0117516 1 -0.0113421 -0.000409486
557.11 -0.00837673 1 -0.0113795 0.00300281
557.56 -0.0110102 1 -0.0114146 0.000404363
558.01 -0.00864394 1 -0.0114481 0.00280413
558.46 -0.00727785 1 -0.0114799 0.00420209
558.92 -0.0109038 1 -0.0115109 0.000607021
559.37 -0.00953819 1 -0.0115395 0.0020013
559.82 -0.0111727 1 -0.0115665 0.000393725
560.27 -0.0118075 1 -0.0115918 -0.000215705
560.72 -0.0124425 1 -0.0116155 -0.000827007
561.18 -0.0120696 1 -0.011638 -0.00043162
561.63 -0.0117051 1 -0.0116583 -4.67438e-05
562.08 -0.0123407 1 -0.0116769 -0.000663775
562.53 -0.0089766 1 -0.0116939 0.00271728
562.99 -0.00960463 1 -0.0117094 0.00210481
563.44 -0.010241 1 -0.0117229 0.00148196
563.89 -0.00987755 1 -0.0117347 0.00185717
564.34 -0.00851436 1 -0.0117448 0.00323043
564.79 -0.0111514 1 -0.0117531 0.000601733
565.25 -0.00978062 1 -0.0117599 0.00197926
565.7 -0.0104181 1 -0.0117647 0.0013466
566.15 -0.0110559 1 -0.0117679 0.000711965
566.6 -0.0106939 1 -0.0117693 0.00107536
567.05 -0.0113321 1 -0.0117689 0.000436781
567.5 -0.0119706 1 -0.0117668 -0.000203774
567.96 -0.0106013 1 -0.0117629 0.00116161
568.41 -0.0132403 1 -0.0117574 -0.00148294
568.86 -0.0108795 1 -0.0117501 0.000870533
569.31 -0.010519 1 -0.011741 0.00122203
569.76 -0.0131588 1 -0.0117303 -0.00142845
570.21 -0.0117987 1 -0.0117179 -8.08916e-05
570.67 -0.010431 1 -0.0117034 0.00127236
571.12 -0.0110715 1 -0.0116875 0.00061594
571.57 -0.0117123 1 -0.0116698 -4.24314e-05
572.02 -0.0103533 1 -0.0116506 0.00129725
572.47 -0.0119946 1 -0.0116296 -0.000365016
572.92 -0.0116362 1 -0.011607 -2.92153e-05
573.37 -0.011278 1 -0.0115827 0.000304658
573.83 -0.0139121 1 -0.0115561 -0.00235603
574.28 -0.0115545 1 -0.0115285 -2.60281e-05
574.73 -0.0111971 1 -0.0114992 0.000302077
575.18 -0.0128401 1 -0.0114684 -0.0013717
575.63 -0.0104833 1 -0.0114359 0.000952638
576.08 -0.0131267 1 -0.0114018 -0.00172488
576.53 -0.00977047 1 -0.0113662 0.00159575
576.98 -0.0094145 1 -0.011329 0.00191454
577.44 -0.0130509 1 -0.0112894 -0.00176147
577.89 -0.0096955 1 -0.0112492 0.00155365
578.34 -0.0113404 1 -0.0112074 -0.000133014
578.79 -0.0119856 1 -0.0111641 -0.000821459
579.24 -0.011631 1 -0.0111194 -0.000511662
579.69 -0.0102768 1 -0.0110732 0.000796394
580.14 -0.0129228 1 -0.0110255 -0.00189727
580.59 -0.0105692 1 -0.0109765 0.000407353
581.04 -0.0112158 1 -0.0109261 -0.000289707
581.49 -0.0118627 1 -0.0108743 -0.000988432
581.95 -0.0135021 1 -0.01082 -0.00268217
582.4 -0.0111497 1 -0.0107655 -0.0003842
582.85 -0.0107975 1 -0.0107097 -8.78398e-05
583.3 -0.0104457 1 -0.0106526 0.000206937
583.75 -0.0130941 1 -0.0105943 -0.00249985
584.2 -0.0107429 1 -0.0105347 -0.000208172
584.65 -0.0133919 1 -0.0104739 -0.00291801
585.1 -0.0110413 1 -0.010412 -0.000629347
585.55 -0.010691 1 -0.0103489 -0.000342152
586 -0.012341 1 -0.0102846 -0.0020564
586.45 -0.0119914 1 -0.0102193 -0.00177208
586.9 -0.010642 1 -0.0101529 -0.000489147
587.35 -0.010293 1 -0.0100854 -0.000207591
587.8 -0.00994428 1 -0.0100169 7.26168e-05
588.25 -0.0105959 1 -0.00994739 -0.000648498
588.71 -0.0112401 1 -0.00987534 -0.00136476
589.16 -0.0118924 1 -0.00980391 -0.00208847
589.61 -0.011545 1 -0.00973155 -0.00181342
590.06 -0.0111979 1 -0.00965831 -0.00153959
590.51 -0.00785117 1 -0.00958421 0.00173304
590.96 -0.00950477 1 -0.00950928 4.50891e-06
591.41 -0.0111587 1 -0.00943355 -0.00172516
591.86 -0.00781298 1 -0.00935704 0.00154406
592.31 -0.0094676 1 -0.00927979 -0.000187807
592.76 -0.00912255 1 -0.00920182 7.92692e-05
593.21 -0.00877785 1 -0.00912316 0.000345315
593.66 -0.00843349 1 -0.00904385 0.000610358
594.11 -0.00608948 1 -0.0089639 0.00287442
594.56 -0.0107458 1 -0.00888336 -0.00186246
595.01 -0.0074025 1 -0.00880224 0.00139974
595.46 -0.0100595 1 -0.00872058 -0.00133896
595.91 -0.00771692 1 -0.0086384 0.000921476
596.36 -0.00737467 1 -0.00855574 0.00118107
596.81 -0.00903277 1 -0.00847262 -0.000560147
597.26 -0.00669123 1 -0.00838908 0.00169785
597.71 -0.00835005 1 -0.00830514 -4.49119e-05
598.16 -0.0100092 1 -0.00822083 -0.00178841
598.61 -0.00966878 1 -0.00813617 -0.00153261
599.06 -0.00832869 1 -0.0080512 -0.000277483
599.51 -0.00598896 1 -0.00796595 0.00197699
599.96 -0.00664961 1 -0.00788044 0.00123083
600.41 -0.00831063 1 -0.0077947 -0.000515925
600.86 -0.00797202 1 -0.00770876 -0.000263255
601.31 -0.00763378 1 -0.00762264 -1.11338e-05
601.76 -0.00629592 1 -0.00753638 0.00124046
602.21 -0.00595843 1 -0.00745 0.00149156
602.65 -0.00562881 1 -0.00736544 0.00173663
603.1 -0.00629208 1 -0.0072789 0.000986816
603.55 -0.00595573 1 -0.00719231 0.00123658
604 -0.00661976 1 -0.00710571 0.000485942
604.45 -0.00628418 1 -0.00701911 0.000734928
604.9 -0.00594899 1 -0.00693255 0.00098356
605.35 -0.00761419 1 -0.00684605 -0.000768139
605.8 -0.00527978 1 -0.00675963 0.00147985
606.25 -0.00394576 1 -0.00667332 0.00272756
606.7 -0.00461213 1 -0.00658714 0.001975
607.15 -0.0062789 1 -0.00650111 0.000222205
607.6 -0.00694607 1 -0.00641526 -0.000530816
608.05 -0.00661364 1 -0.00632961 -0.000284038
608.5 -0.00528162 1 -0.00624417 0.000962558
608.95 -0.00794999 1 -0.00615898 -0.00179101
609.39 -0.00162613 1 -0.00607594 0.00444981
609.84 -0.0042953 1 -0.00599129 0.00169598
610.29 -0.00596489 1 -0.00590694 -5.7952e-05
610.74 -0.00463488 1 -0.00582291 0.00118802
611.19 -0.00630529 1 -0.00573921 -0.000566076
611.64 -0.00497611 1 -0.00565588 0.000679769
612.09 -0.00664735 1 -0.00557292 -0.00107443
612.54 -0.006319 1 -0.00549035 -0.000828653
612.99 -0.00499107 1 -0.00540818 0.000417109
613.44 -0.00566357 1 -0.00532644 -0.00033713
613.88 -0.00334375 1 -0.00524693 0.00190318
614.33 -0.00401707 1 -0.00516605 0.00114897
614.78 -0.00569083 1 -0.00508563 -0.000605203
615.23 -0.00536501 1 -0.00500567 -0.00035934
615.68 -0.00603962 1 -0.00492619 -0.00111343
616.13 -0.00471467 1 -0.0048472 0.000132532
616.58 -0.00639014 1 -0.00476869 -0.00162145
617.03 -0.00506605 1 -0.00469068 -0.000375369
617.47 -0.00474958 1 -0.00461488 -0.000134699
617.92 -0.00342636 1 -0.00453786 0.0011115
618.37 -0.00510357 1 -0.00446133 -0.000642243
618.82 -0.00478122 1 -0.00438529 -0.000395934
619.27 -0.00545932 1 -0.00430974 -0.00114958
619.72 -0.00413786 1 -0.00423467 9.68118e-05
620.17 -0.00681685 1 -0.00416007 -0.00265677
620.61 -0.0045034 1 -0.00408757 -0.000415828
621.06 -0.00618328 1 -0.00401386 -0.00216942
621.51 -0.00386361 1 -0.00394057 7.69628e-05
621.96 -0.00554439 1 -0.00386767 -0.00167671
622.41 -0.00422562 1 -0.00379514 -0.000430479
622.86 -0.00490731 1 -0.00372295 -0.00118436
623.3 -0.00459652 1 -0.00365265 -0.00094387
623.75 -0.00227912 1 -0.00358102 0.00130189
624.2 -0.00596219 1 -0.00350959 -0.00245259
624.65 -0.00464571 1 -0.00343834 -0.00120738
625.1 -0.0053297 1 -0.00336719 -0.00196252
625.54 -0.00402117 1 -0.00329766 -0.000723502
625.99 -0.00470608 1 -0.00322654 -0.00147954
626.44 -0.00339147 1 -0.00315533 -0.000236141
626.89 -0.00407733 1 -0.00308394 -0.000993386
627.34 -0.00276366 1 -0.0030123 0.000248635
627.78 -0.00345743 1 -0.0029419 -0.000515522
628.23 -0.0031447 1 -0.00286946 -0.000275237
628.68 -0.00383245 1 -0.00279647 -0.00103599
629.13 -0.00252069 1 -0.0027228 0.00020211
629.58 -0.00320941 1 -0.00264834 -0.000561065
630.02 -0.00290551 1 -0.00257465 -0.000330858
630.47 -0.00259519 1 -0.00249825 -9.69365e-05
630.92 -0.00228535 1 -0.00242066 0.000135308
631.37 -0.00397601 1 -0.00234174 -0.00163427
631.81 -0.00167401 1 -0.00226313 0.00058912
632.26 -0.00136564 1 -0.00218111 0.000815477
632.71 -0.00205776 1 -0.0020973 3.95388e-05
633.16 -0.00275038 1 -0.00201151 -0.000738861
633.61 -0.000443491 1 -0.0019236 0.00148011
634.05 -0.00314391 1 -0.00183541 -0.0013085
634.5 -0.000838015 1 -0.00174276 0.00090475
634.95 -0.00353262 1 -0.00164748 -0.00188515
635.4 -0.00122774 1 -0.00154938 0.00032164
635.84 6.98836e-05 1 -0.00145057 0.00152046
636.29 -0.000626234 1 -0.00134641 0.000720177
636.74 0.00167714 1 -0.00123895 0.00291608
637.18 -2.67247e-05 1 -0.00113053 0.0011038
637.63 -0.000724366 1 -0.00101609 0.000291725
638.08 -0.00142252 1 -0.000897924 -0.000524598
638.53 -0.0021212 1 -0.000775907 -0.00134529
638.97 -0.000827066 1 -0.000652778 -0.000174288
639.42 0.000473234 1 -0.00052285 0.000996084
639.87 -0.000226989 1 -0.000388805 0.000161816
640.32 -0.000927735 1 -0.000250591 -0.000677145
640.76 0.00236436 1 -0.000111386 0.00247575
641.21 -0.000337427 1 3.51431e-05 -0.00037257
641.66 0.000960257 1 0.000185862 0.000774395
642.1 0.00125081 1 0.000337239 0.000913573
642.55 0.00154745 1 0.000496084 0.00105136
643 -0.000156456 1 0.000658897 -0.000815354
643.44 0.00213254 1 0.000821801 0.00131074
643.89 0.00342758 1 0.000992036 0.00243554
644.34 0.00172208 1 0.00116574 0.000556337
644.79 0.00101604 1 0.00134269 -0.000326649
645.23 0.00330294 1 0.00151857 0.00178437
645.68 0.00159582 1 0.00170109 -0.000105272
646.13 0.00188815 1 0.00188595 2.20512e-06
646.57 0.00217347 1 0.00206861 0.00010486
647.02 0.00146472 1 0.00225696 -0.000792249
647.47 0.00575542 1 0.00244646 0.00330895
647.91 0.00203912 1 0.00263241 -0.000593287
648.36 0.00432873 1 0.00282277 0.00150596
648.81 0.00461777 1 0.0030128 0.00160497
649.25 0.00289986 1 0.00319778 -0.000297922
649.7 0.0021878 1 0.00338556 -0.00119776
650.15 0.00447518 1 0.00357134 0.000903843
650.59 0.00275563 1 0.00375049 -0.000994856
651.04 0.0040419 1 0.00393055 0.000111343
651.48 0.00532125 1 0.00410295 0.0012183
651.93 0.0046064 1 0.0042749 0.000331492
652.38 0.00389097 1 0.00444184 -0.000550871
652.82 0.00516867 1 0.00459963 0.000569039
653.27 0.00545211 1 0.00475484 0.000697261
653.72 0.00673497 1 0.00490326 0.00183172
654.16 0.00501099 1 0.00504124 -3.02462e-05
654.61 0.00529271 1 0.00517453 0.000118186
655.06 0.00457386 1 0.00529938 -0.000725528
655.5 0.00184819 1 0.00541284 -0.00356465
655.95 0.00312818 1 0.0055196 -0.00239142
656.39 -0.00159862 1 0.00561453 -0.00721315
656.84 0.00168021 1 0.00570156 -0.00402136
657.29 0.00795845 1 0.00577811 0.00218034
657.73 0.00422993 1 0.00584254 -0.0016126
658.18 0.005507 1 0.00589754 -0.00039054
658.62 0.00477734 1 0.00594051 -0.00116317
659.07 0.00505324 1 0.00597326 -0.000920027
659.52 0.00632853 1 0.00599462 0.000333909
659.96 0.00659713 1 0.00600447 0.000592657
660.41 0.00687124 1 0.0060033 0.000867944
660.85 0.00413868 1 0.00599123 -0.00185255
661.3 0.00641159 1 0.00596786 0.000443727
661.74 0.00567786 1 0.00593443 -0.000256571
662.19 0.00394957 1 0.00588964 -0.00194007
662.64 0.00722068 1 0.00583445 0.00138623
663.08 0.00448517 1 0.00577075 -0.00128558
663.53 0.00575506 1 0.00569603 5.90292e-05
663.97 0.00401836 1 0.00561403 -0.00159566
664.42 0.00428704 1 0.00552147 -0.00123443
664.86 0.00754915 1 0.00542296 0.0021262
665.31 0.00681661 1 0.00531453 0.00150208
665.75 0.00607752 1 0.00520155 0.000875968
666.2 0.00734374 1 0.00507945 0.00226429
666.65 0.00760934 1 0.00495132 0.00265802
667.09 0.00586843 1 0.0048208 0.00104763
667.54 0.00613278 1 0.00468257 0.00145022
667.98 0.00539066 1 0.00454337 0.000847282
668.43 0.00565377 1 0.00439751 0.00125626
668.87 0.00391042 1 0.00425205 -0.000341636
669.32 0.00517227 1 0.004101 0.00107127
669.76 0.00542769 1 0.00395165 0.00147604
670.21 0.00568828 1 0.0037978 0.00189049
670.65 0.00194247 1 0.00364683 -0.00170436
671.1 0.00420179 1 0.00349242 0.000709368
671.54 0.00445473 1 0.00334196 0.00111277
671.99 0.00371278 1 0.00318909 0.000523689
672.43 0.00396447 1 0.00304107 0.000923398
672.88 0.00322124 1 0.00289162 0.000329626
673.32 0.00447168 1 0.00274776 0.00172392
673.77 0.00272716 1 0.00260334 0.00012382
674.21 0.00297633 1 0.00246511 0.000511218
674.66 0.00523051 1 0.0023271 0.00290341
675.1 0.00247841 1 0.00219572 0.000282694
675.55 0.0017313 1 0.00206523 -0.000333937
675.99 0.00497792 1 0.00194165 0.00303627
676.44 0.0032295 1 0.00181953 0.00140997
676.88 0.00247484 1 0.00170444 0.000770402
677.33 0.000725098 1 0.00159126 -0.000866165
677.77 0.00296915 1 0.00148512 0.00148403
678.22 -0.000781913 1 0.00138124 -0.00216315
678.66 0.00146084 1 0.00128427 0.000176574
679.11 0.000708452 1 0.00118981 -0.000481356
679.55 0.000949906 1 0.00110203 -0.000152129
679.99 0.000190713 1 0.00101876 -0.000828049
680.44 0.00143632 1 0.000938193 0.00049813
680.88 0.00167582 1 0.000863832 0.000811985
681.33 -0.00107992 1 0.000792207 -0.00187213
681.77 -0.00184174 1 0.000726395 -0.00256814
682.22 -0.00159883 1 0.000663284 -0.00226212
682.66 -0.000361982 1 0.000605551 -0.000967533
683.11 -0.00112043 1 0.000550432 -0.00167086
683.55 -0.00188491 1 0.000500232 -0.00238514
683.99 -0.00165006 1 0.000453536 -0.00210359
684.44 -0.00141055 1 0.000409247 -0.0018198
684.88 -0.00417704 1 0.000369177 -0.00454621
685.33 -0.0019389 1 0.00033134 -0.00227024
685.77 -0.00270674 1 0.00029726 -0.003004
686.21 -0.00447524 1 0.000265905 -0.00474115
686.66 -0.00223918 1 0.000236498 -0.00247568
687.1 -0.00500904 1 0.00021019 -0.00521923
687.55 -0.00277437 1 0.000185629 -0.00296
687.99 -0.0015456 1 0.000163759 -0.00170936
688.44 -0.00331233 1 0.00014344 -0.00345577
688.88 -0.00508493 1 0.000125434 -0.00521037
689.32 -0.00185821 1 0.000109139 -0.00196735
689.77 -0.00262705 1 9.4112e-05 -0.00272116
690.21 -0.00440171 1 8.08985e-05 -0.00448261
690.65 -0.00317706 1 6.90333e-05 -0.0032461
691.1 -0.00294802 1 5.81806e-05 -0.0030062
691.54 -0.00372476 1 4.87185e-05 -0.00377348
691.99 -0.00249714 1 4.01159e-05 -0.00253725
692.43 -0.00327528 1 3.26632e-05 -0.00330794
692.87 -0.00605411 1 2.60732e-05 -0.00608018
693.32 -0.00282864 1 2.01436e-05 -0.00284878
693.76 -0.00260888 1 1.5063e-05 -0.00262394
694.2 -0.00338982 1 1.06229e-05 -0.00340044
694.65 -0.0051665 1 6.6789e-06 -0.00517318
695.09 -0.00294886 1 3.34686e-06 -0.00295221
695.53 -0.00573192 1 4.79382e-07 -0.0057324
695.98 -0.00351078 1 -2.02389e-06 -0.00350876
696.42 -0.00329527 1 -4.09746e-06 -0.00329117
696.86 -0.00308047 1 -5.84247e-06 -0.00307463
697.31 -0.00686152 1 -7.32613e-06 -0.0068542
697.75 -0.00464816 1 -8.51701e-06 -0.00463964
698.19 -0.00543551 1 -9.48185e-06 -0.00542602
698.64 -0.00421876 1 -1.02637e-05 -0.0042085
699.08 -0.00300756 1 -1.0853e-05 -0.00299671
699.52 -0.00579707 1 -1.12919e-05 -0.00578578
699.97 -0.00258255 1 -1.16058e-05 -0.00257095
700.41 -0.00537352 1 -1.17991e-05 -0.00536172
700.85 -0.00316522 1 -1.18961e-05 -0.00315332
701.3 -0.00595293 1 -1.19104e-05 -0.00594102
701.74 -0.0037461 1 -1.18541e-05 -0.00373424
702.18 -0.00453999 1 -1.17395e-05 -0.00452825
702.63 -0.00432995 1 -1.15721e-05 -0.00431838
703.07 -0.00212532 1 -1.13679e-05 -0.00211395
703.51 -0.00192142 1 -1.11313e-05 -0.00191029
703.96 -0.00371365 1 -1.08625e-05 -0.00370279
704.4 -0.00351124 1 -1.05793e-05 -0.00350066
704.84 -0.00130956 1 -1.02807e-05 -0.00129928
705.28 -0.00410863 1 -9.97107e-06 -0.00409866
705.73 -0.0039039 1 -9.6466e-06 -0.00389425
706.17 -0.00370446 1 -9.3249e-06 -0.00369514
706.61 -0.00450577 1 -9.0014e-06 -0.00449677
707.06 -0.00430334 1 -8.67099e-06 -0.00429467
707.5 -0.00510616 1 -8.35021e-06 -0.00509781
707.94 -0.00290973 1 -8.03322e-06 -0.0029017
708.38 -0.00471405 1 -7.72126e-06 -0.00470633
708.83 -0.00351471 1 -7.40846e-06 -0.0035073
709.27 -0.00432055 1 -7.10955e-06 -0.00431344
709.71 -0.00312715 1 -6.81812e-06 -0.00312033
710.15 -0.00293451 1 -6.53465e-06 -0.00292797
710.6 -0.00473827 1 -6.25334e-06 -0.00473202
711.04 -0.00454717 1 -5.98693e-06 -0.00454118
711.48 -0.00135682 1 -5.72923e-06 -0.0013511
711.92 -0.00216724 1 -5.48029e-06 -0.00216176
712.37 -0.00397415 1 -5.23476e-06 -0.00396891
712.81 -0.000786118 1 -5.00351e-06 -0.000781115
713.25 -0.00259886 1 -4.78089e-06 -0.00259408
713.69 -0.00241237 1 -4.56676e-06 -0.0024078
714.13 -0.00122665 1 -4.36097e-06 -0.00122229
714.58 -0.00303751 1 -4.15893e-06 -0.00303335
715.02 -0.00285335 1 -3.96941e-06 -0.00284938
715.46 -0.00266998 1 -3.78763e-06 -0.00266619
715.9 -0.00448738 1 -3.61336e-06 -0.00448377
716.35 -0.00530144 1 -3.44265e-06 -0.005298
716.79 -0.00112042 1 -3.28286e-06 -0.00111714
717.23 5.98159e-05 1 -3.12987e-06 6.29458e-05
717.67 -0.00276073 1 -2.98345e-06 -0.00275775
718.11 -0.00058207 1 -2.84336e-06 -0.000579226
718.56 -0.00140016 1 -2.70639e-06 -0.00139745
719 0.000776908 1 -2.5784e-06 0.000779486
719.44 -0.00204682 1 -2.45606e-06 -0.00204436
719.88 -0.00187133 1 -2.33914e-06 -0.00186899
720.32 -0.00369664 1 -2.22742e-06 -0.00369441
720.76 -0.000522749 1 -2.12071e-06 -0.000520629
721.21 -0.000345729 1 -2.01654e-06 -0.000343713
721.65 -0.00217345 1 -1.91933e-06 -0.00217153
722.09 -0.00100198 1 -1.82654e-06 -0.00100015
722.53 0.000168698 1 -1.73797e-06 0.000170436
722.97 0.000338568 1 -1.65345e-06 0.000340221
723.41 0.000507631 1 -1.57281e-06 0.000509204
723.86 0.000679702 1 -1.49418e-06 0.000681196
724.3 -0.00115287 1 -1.42089e-06 -0.00115145
724.74 0.00301375 1 -1.351e-06 0.0030151
725.18 -0.000820448 1 -1.28436e-06 -0.000819163
725.62 -0.000655457 1 -1.22083e-06 -0.000654236
726.06 0.00150872 1 -1.16028e-06 0.00150988
726.5 -0.00232792 1 -1.10258e-06 -0.00232682
726.95 -0.0021617 1 -1.04638e-06 -0.00216065
727.39 0 1 -9.94054e-07 9.94054e-07
727.83 -0.00183912 1 -9.44211e-07 -0.00183818
728.27 0.000320941 1 -8.96741e-07 0.000321838
728.71 0.00148019 1 -8.51537e-07 0.00148104
729.15 0.000638637 1 -8.08498e-07 0.000639446
729.59 0.00179628 1 -7.67525e-07 0.00179705
730.03 -0.00104687 1 -7.28526e-07 -0.00104614
730.48 0.00111273 1 -6.90589e-07 0.00111342
730.92 0.000267991 1 -6.55312e-07 0.000268646
731.36 0.00242247 1 -6.2175e-07 0.00242309
731.8 0.00157618 1 -5.89823e-07 0.00157677
732.24 0.00172912 1 -5.59457e-07 0.00172968
732.68 -0.000118696 1 -5.3058e-07 -0.000118166
733.12 0.00203273 1 -5.03122e-07 0.00203323
733.56 0.0011834 1 -4.77018e-07 0.00118388
734 0.00433333 1 -4.52205e-07 0.00433378
734.44 0.00148252 1 -4.28622e-07 0.00148295
734.89 0.00263434 1 -4.05716e-07 0.00263474
735.33 0.00578205 1 -3.84448e-07 0.00578243
735.77 0.00392903 1 -3.64244e-07 0.0039294
736.21 0.0030753 1 -3.45053e-07 0.00307565
736.65 0.00122086 1 -3.26827e-07 0.00122119
737.09 0.00336571 1 -3.0952e-07 0.00336602
737.53 0.00550986 1 -2.93089e-07 0.00551015
737.97 0.000653311 1 -2.7749e-07 0.000653589
738.41 0.00279607 1 -2.62685e-07 0.00279634
738.85 0.00393815 1 -2.48635e-07 0.0039384
739.29 0.00407955 1 -2.35303e-07 0.00407979
739.73 0.00222028 1 -2.22655e-07 0.0022205
740.17 0.00336034 1 -2.10657e-07 0.00336055
740.61 0.00249973 1 -1.99277e-07 0.00249993
741.05 0.00163847 1 -1.88486e-07 0.00163866
741.49 0.00177656 1 -1.78254e-07 0.00177674
741.93 0.001914 1 -1.68554e-07 0.00191417
742.37 0.0010508 1 -1.59359e-07 0.00105096
742.81 0.00218696 1 -1.50644e-07 0.00218711
743.26 0.00432557 1 -1.42204e-07 0.00432571
743.7 0.00446047 1 -1.34389e-07 0.0044606
744.14 0.00359475 1 -1.26986e-07 0.00359487
744.58 0.00272841 1 -1.19974e-07 0.00272853
745.02 0.00486147 1 -1.13333e-07 0.00486158
745.46 0.00599392 1 -1.07045e-07 0.00599403
745.9 0.00212578 1 -1.01091e-07 0.00212588
746.34 0.00325705 1 -9.54552e-08 0.00325715
746.78 0.00538773 1 -9.01208e-08 0.00538782
747.22 0.00751783 1 -8.50725e-08 0.00751792
747.66 0.00464736 1 -8.02957e-08 0.00464744
748.1 0.00477632 1 -7.57765e-08 0.0047764
748.54 0.00290472 1 -7.15015e-08 0.00290479
748.98 0.00403255 1 -6.74583e-08 0.00403262
749.42 0.00415984 1 -6.36347e-08 0.0041599
749.86 0.00628657 1 -6.00194e-08 0.00628663
750.29 0.00240991 1 -5.6677e-08 0.00240996
750.73 0.00153558 1 -5.34422e-08 0.00153563
751.17 0.000660719 1 -5.03848e-08 0.00066077
751.61 0.00278533 1 -4.74957e-08 0.00278538
752.05 0.00390943 1 -4.47659e-08 0.00390948
752.49 0.00103301 1 -4.21871e-08 0.00103305
752.93 0.00415608 1 -3.97513e-08 0.00415612
753.37 0.00227865 1 -3.74508e-08 0.00227869
753.81 0.00140073 1 -3.52785e-08 0.00140076
754.25 0.0015223 1 -3.32275e-08 0.00152234
754.69 0.0016434 1 -3.12914e-08 0.00164343
755.13 0.00376401 1 -2.94639e-08 0.00376404
755.57 0.00588414 1 -2.77393e-08 0.00588417
756.01 0.00100381 1 -2.61119e-08 0.00100383
756.45 0.00212301 1 -2.45765e-08 0.00212303
756.89 0.00224175 1 -2.31282e-08 0.00224177
757.33 0.00536003 1 -2.17622e-08 0.00536006
757.77 0.00347787 1 -2.04739e-08 0.00347789
758.21 0.00459527 1 -1.92592e-08 0.00459529
758.64 -0.000290426 1 -1.81393e-08 -0.000290408
759.08 0.00182611 1 -1.70584e-08 0.00182613
759.52 0.00294222 1 -1.60396e-08 0.00294224
759.96 0.00405791 1 -1.50796e-08 0.00405792
760.4 0.00217318 1 -1.4175e-08 0.0021732
760.84 0.00128804 1 -1.33228e-08 0.00128806
761.28 0.0014025 1 -1.25201e-08 0.00140251
761.72 0.00451656 1 -1.17641e-08 0.00451657
762.16 0.00563023 1 -1.10522e-08 0.00563024
762.6 0.000743505 1 -1.03819e-08 0.000743516
763.03 0.000853839 1 -9.76476e-09 0.000853849
763.47 0.000966366 1 -9.16999e-09 0.000966375
763.91 0.00307852 1 -8.61024e-09 0.00307853
764.35 0.00119031 1 -8.08352e-09 0.00119032
764.79 0.00130174 1 -7.58795e-09 0.00130175
765.23 -0.00058719 1 -7.12176e-09 -0.000587183
765.67 0.00252353 1 -6.68327e-09 0.00252354
766.11 0.000633912 1 -6.2709e-09 0.000633919
766.54 -0.00125854 1 -5.89169e-09 -0.00125854
766.98 0.00385117 1 -5.52663e-09 0.00385118
767.42 0.00296056 1 -5.18345e-09 0.00296056
767.86 -0.00093038 1 -4.8609e-09 -0.000930375
768.3 0.00317837 1 -4.55778e-09 0.00317837
768.74 0.0052868 1 -4.27296e-09 0.00528681
769.17 0.00339248 1 -4.01127e-09 0.00339248
769.61 0.00250032 1 -3.75955e-09 0.00250032
770.05 0.00260786 1 -3.52314e-09 0.00260786
770.49 0.00471511 1 -3.30113e-09 0.00471511
770.93 0.00482208 1 -3.09267e-09 0.00482208
771.37 -7.12343e-05 1 -2.89697e-09 -7.12314e-05
771.8 0.00403277 1 -2.71732e-09 0.00403277
772.24 0.00213892 1 -2.54466e-09 0.00213892
772.68 -0.000755187 1 -2.38264e-09 -0.000755184
773.12 -0.000649551 1 -2.23062e-09 -0.000649549
773.56 -0.000544167 1 -2.088e-09 -0.000544165
774 0.000560972 1 -1.95423e-09 0.000560974
774.43 -0.000336511 1 -1.83153e-09 -0.000336509
774.87 0.00276816 1 -1.71372e-09 0.00276816
775.31 0.0018726 1 -1.60325e-09 0.0018726
775.75 0.00197681 1 -1.4997e-09 0.00197682
776.19 8.08109e-05 1 -1.40263e-09 8.08123e-05
776.62 -0.000817761 1 -1.31367e-09 -0.00081776
777.06 0.00328582 1 -1.22831e-09 0.00328582
777.5 -0.000610799 1 -1.14833e-09 -0.000610798
777.94 0.00349238 1 -1.0734e-09 0.00349239
778.37 0.00259304 1 -1.00477e-09 0.00259304
778.81 0.00169585 1 -9.38955e-10 0.00169585
779.25 0.00179848 1 -8.77325e-10 0.00179848
779.69 0.00190094 1 -8.19625e-10 0.00190094
780.13 0.00300322 1 -7.65612e-10 0.00300322
780.56 0.000103026 1 -7.1617e-10 0.000103027
781 0.000204994 1 -6.68788e-10 0.000204995
781.44 0.00130681 1 -6.24454e-10 0.00130681
781.88 0.00240848 1 -5.82976e-10 0.00240848
782.31 -0.0024923 1 -5.4503e-10 -0.0024923
782.75 -0.000390908 1 -5.08687e-10 -0.000390907
783.19 0.00271035 1 -4.747e-10 0.00271035
783.63 0.000811491 1 -4.42921e-10 0.000811492
784.06 -0.00108979 1 -4.13865e-10 -0.00108979
784.5 0.00201112 1 -3.86051e-10 0.00201112
784.94 0.000111914 1 -3.60057e-10 0.000111914
785.37 0.00321032 1 -3.36299e-10 0.00321032
785.81 0.00331091 1 -3.13567e-10 0.00331091
786.25 0.00141142 1 -2.9233e-10 0.00141142
786.69 0.00151183 1 -2.72493e-10 0.00151183
787.12 0.00160989 1 -2.54374e-10 0.00160989
787.56 -0.000289852 1 -2.37047e-10 -0.000289851
788 0.00381034 1 -2.20869e-10 0.00381034
788.43 0.00490819 1 -2.06098e-10 0.00490819
788.87 -0.00099175 1 -1.91979e-10 -0.00099175
789.31 0.00110826 1 -1.78802e-10 0.00110826
789.75 0.000208221 1 -1.66506e-10 0.000208221
790.18 -0.00169413 1 -1.55286e-10 -0.00169413
790.62 -0.000594252 1 -1.44567e-10 -0.000594251
791.06 0.0015056 1 -1.34569e-10 0.0015056
791.49 0.000603148 1 -1.25449e-10 0.000603148
791.93 -0.00129705 1 -1.16741e-10 -0.00129705
792.37 0.00480273 1 -1.08622e-10 0.00480273
792.8 -9.97664e-05 1 -1.01219e-10 -9.97663e-05
793.24 0 1 -9.41531e-11 9.41531e-11
793.68 0.00109977 1 -8.75682e-11 0.00109977
794.11 0.00319727 1 -8.1567e-11 0.00319727
794.55 0.00429705 1 -7.58412e-11 0.00429705
794.99 0.00239685 1 -7.05075e-11 0.00239685
795.42 0.0034944 1 -6.56486e-11 0.0034944
795.86 0.00359425 1 -6.10147e-11 0.00359425
796.3 0.00269413 1 -5.66999e-11 0.00269413
796.73 0.000791779 1 -5.27709e-11 0.000791779
797.17 0.00289174 1 -4.90255e-11 0.00289174
797.61 0.00099175 1 -4.55394e-11 0.00099175
798.04 0.00308954 1 -4.23665e-11 0.00308954
798.48 0.00218966 1 -3.9343e-11 0.00218966
798.91 -0.000712426 1 -3.65918e-11 -0.000712426
799.35 0.00138783 1 -3.3971e-11 0.00138783
799.79 0.00548817 1 -3.15335e-11 0.00548817
800.22 0.0015863 1 -2.93164e-11 0.0015863
800.66 0.0006868 1 -2.72052e-11 0.0006868
801.1 0.00578739 1 -2.52426e-11 0.00578739
