500.34 0.000352872 1 -0.00187083 0.00222371
500.8 0.00173457 1 -0.00191421 0.00364878
501.25 0.00110797 1 -0.00195737 0.00306534
501.71 0.000489689 1 -0.00200224 0.00249193
502.17 0.00187141 1 -0.00204787 0.00391928
502.62 0.00424484 1 -0.00209326 0.00633809
503.08 0.00162657 1 -0.00214042 0.00376699
503.53 0 1 -0.00218731 0.00218731
503.99 -0.000618269 1 -0.00223602 0.00161775
504.44 0.000755162 1 -0.00228443 0.00303959
504.9 0.000136888 1 -0.00233471 0.0024716
505.36 -0.000481391 1 -0.00238578 0.00190439
505.81 -0.000107975 1 -0.00243652 0.00232854
506.27 0.00127373 1 -0.00248918 0.00376291
506.72 0.00164713 1 -0.00254148 0.0041886
507.18 2.88106e-05 1 -0.00259574 0.00262455
507.63 -0.000597817 1 -0.00264961 0.00205179
508.09 0.000783836 1 -0.00270549 0.00348932
508.54 -0.00184282 1 -0.00276094 0.000918119
509 -0.000461206 1 -0.00281844 0.00235724
509.45 0.00191209 1 -0.00287549 0.00478758
509.91 0.000293669 1 -0.00293462 0.00322829
510.36 -0.00233308 1 -0.00299326 0.000660183
510.82 -0.00295155 1 -0.00305402 0.00010247
511.27 -0.00257835 1 -0.00311426 0.000535915
511.73 -0.00019688 1 -0.00317666 0.00297978
512.19 -0.00281544 1 -0.00323989 0.000424442
512.64 -0.000442331 1 -0.00330254 0.0028602
513.1 -0.00206096 1 -0.00336739 0.00130643
513.55 -0.00368792 1 -0.00343164 -0.00025628
514.01 -0.00230662 1 -0.00349813 0.0011915
514.46 -0.00293366 1 -0.00356396 0.000630306
514.92 -0.00355244 1 -0.00363207 7.9628e-05
515.37 -0.00417956 1 -0.00369949 -0.00048007
515.83 -0.00179843 1 -0.00376921 0.00197077
516.28 -0.00442564 1 -0.00383819 -0.000587444
516.73 -0.00305289 1 -0.00390795 0.00085506
517.19 -0.00367191 1 -0.00398005 0.000308141
517.64 -0.00529926 1 -0.00405135 -0.00124791
518.1 -0.00391838 1 -0.00412502 0.000206638
518.55 -0.00454583 1 -0.00419784 -0.000347992
519.01 -0.00616507 1 -0.00427306 -0.00189201
519.46 -0.00579264 1 -0.00434739 -0.00144525
519.92 -0.00741199 1 -0.00442413 -0.00298787
520.37 -0.00803968 1 -0.00449993 -0.00353975
520.83 -0.00665916 1 -0.00457816 -0.002081
521.28 -0.00628698 1 -0.00465541 -0.00163156
521.74 -0.00490659 1 -0.00473511 -0.000171478
522.19 -0.00553453 1 -0.00481377 -0.000720763
522.65 -0.00315429 1 -0.00489489 0.00174061
523.1 -0.00478237 1 -0.00497493 0.000192556
523.55 -0.00841053 1 -0.00505563 -0.0033549
524.01 -0.0030305 1 -0.00513881 0.0021083
524.46 -0.00565881 1 -0.00522082 -0.00043799
524.92 -0.00827894 1 -0.00530532 -0.00297362
525.37 -0.00590741 1 -0.0053886 -0.000518806
525.83 -0.0075277 1 -0.00547437 -0.00205333
526.28 -0.00715633 1 -0.00555887 -0.00159746
526.73 -0.00678504 1 -0.00564395 -0.00114109
527.19 -0.00540559 1 -0.00573151 0.000325923
527.64 -0.00703448 1 -0.00581773 -0.00121674
528.1 -0.00565521 1 -0.00590643 0.000251221
528.55 -0.00728427 1 -0.00599372 -0.00129055
529.01 -0.00790519 1 -0.00608349 -0.0018217
529.46 -0.00653444 1 -0.0061718 -0.000362645
529.91 -0.00716379 1 -0.00626058 -0.000903205
530.37 -0.007785 1 -0.00635182 -0.00143318
530.82 -0.00841454 1 -0.00644152 -0.00197302
531.28 -0.00903596 1 -0.00653365 -0.00250231
531.73 -0.0086657 1 -0.00662419 -0.00204151
532.18 -0.00729555 1 -0.00671512 -0.000580436
532.64 -0.00891729 1 -0.00680845 -0.00210884
533.09 -0.0105474 1 -0.0069001 -0.00364725
533.54 -0.0111775 1 -0.00699209 -0.00418544
534 -0.0137996 1 -0.00708643 -0.00671316
534.45 -0.00642999 1 -0.00717902 0.000749034
534.91 -0.00905229 1 -0.00727394 -0.00177835
535.36 -0.00668291 1 -0.00736705 0.000684133
535.81 -0.00731366 1 -0.00746037 0.000146717
536.27 -0.00993631 1 -0.00755598 -0.00238033
536.72 -0.0085673 1 -0.00764969 -0.000917607
537.17 -0.0091984 1 -0.00774355 -0.00145485
537.63 -0.00982144 1 -0.00783964 -0.0019818
538.08 -0.00945279 1 -0.00793374 -0.00151905
538.54 -0.00907608 1 -0.00803002 -0.00104606
538.99 -0.0117077 1 -0.00812427 -0.00358343
539.44 -0.00533944 1 -0.00821854 0.0028791
539.9 -0.0129631 1 -0.00831492 -0.00464821
540.35 -0.0105951 1 -0.00840919 -0.00218596
540.8 -0.0102273 1 -0.00850341 -0.00172388
541.26 -0.0098514 1 -0.00859965 -0.00125175
541.71 -0.00948382 1 -0.00869369 -0.000790125
542.16 -0.0111164 1 -0.00878762 -0.00232876
542.62 -0.0107409 1 -0.00888347 -0.00185745
543.07 -0.00937377 1 -0.00897706 -0.000396713
543.52 -0.0110068 1 -0.00907044 -0.00193633
543.98 -0.00963175 1 -0.00916565 -0.000466103
544.43 -0.010265 1 -0.00925852 -0.00100652
544.88 -0.0118985 1 -0.00935111 -0.00254737
545.34 -0.00852393 1 -0.00944542 0.000921484
545.79 -0.0101577 1 -0.00953732 -0.000620358
546.24 -0.0117916 1 -0.00962885 -0.00216273
546.69 -0.00942564 1 -0.00971997 0.000294329
547.15 -0.0120517 1 -0.00981266 -0.00223907
547.6 -0.0116861 1 -0.00990287 -0.00178324
548.05 -0.0103207 1 -0.00999258 -0.000328066
548.51 -0.0119472 1 -0.0100837 -0.00186349
548.96 -0.0105821 1 -0.0101724 -0.000409741
549.41 -0.00721715 1 -0.0102604 0.00304326
549.86 -0.00985235 1 -0.0103478 0.000495475
550.32 -0.00847963 1 -0.0104365 0.0019569
550.77 -0.00611518 1 -0.0105226 0.00440744
551.22 -0.0097509 1 -0.010608 0.000857107
551.68 -0.0113787 1 -0.0106945 -0.000684174
552.13 -0.0130148 1 -0.0107784 -0.00223638
552.58 -0.013651 1 -0.0108615 -0.00278955
553.03 -0.0112875 1 -0.0109438 -0.000343721
553.49 -0.010916 1 -0.011027 0.000110946
553.94 -0.0115528 1 -0.0111075 -0.000445346
554.39 -0.0121898 1 -0.0111871 -0.00100273
554.84 -0.011827 1 -0.0112657 -0.000561244
555.3 -0.0104563 1 -0.0113451 0.000888861
555.75 -0.0110938 1 -0.0114218 0.000327983
556.2 -0.0127316 1 -0.0114975 -0.00123411
556.65 -0.0133695 1 -0.0115721 -0.00179745
557.11 -0.00899961 1 -0.0116472 0.00264759
557.56 -0.0116379 1 -0.0117196 8.16409e-05
558.01 -0.00727647 1 -0.0117908 0.00451436
558.46 -0.0099152 1 -0.0118609 0.00194571
558.92 -0.0115461 1 -0.0119313 0.000385208
559.37 -0.0121852 1 -0.011999 -0.000186283
559.82 -0.0108246 1 -0.0120654 0.00124078
560.27 -0.0114641 1 -0.0121305 0.000666365
560.72 -0.0131039 1 -0.0121943 -0.000909551
561.18 -0.0117359 1 -0.0122582 0.000522376
561.63 -0.011376 1 -0.0123194 0.000943341
562.08 -0.0140164 1 -0.0123791 -0.00163727
562.53 -0.00965703 1 -0.0124375 0.0027805
562.99 -0.0102899 1 -0.0124957 0.00220588
563.44 -0.0109309 1 -0.0125512 0.00162033
563.89 -0.0125722 1 -0.0126053 3.31039e-05
564.34 -0.0112137 1 -0.0126578 0.00144417
564.79 -0.00985537 1 -0.0127089 0.00285352
565.25 -0.0124893 1 -0.0127595 0.000270151
565.7 -0.0121315 1 -0.0128074 0.000675938
566.15 -0.0137739 1 -0.0128538 -0.000920067
566.6 -0.0124165 1 -0.0128986 0.000482116
567.05 -0.0110594 1 -0.0129418 0.00188247
567.5 -0.0117024 1 -0.0129834 0.00128097
567.96 -0.0103378 1 -0.0130242 0.00268639
568.41 -0.0119814 1 -0.0130625 0.0010811
568.86 -0.0116252 1 -0.0130991 0.00147389
569.31 -0.0142692 1 -0.013134 -0.00113523
569.76 -0.0129135 1 -0.0131672 0.00025371
570.21 -0.011558 1 -0.0131987 0.0016407
570.67 -0.0131949 1 -0.0132291 3.42521e-05
571.12 -0.00983987 1 -0.0132571 0.00341725
571.57 -0.0124851 1 -0.0132834 0.000798252
572.02 -0.0131306 1 -0.0133079 0.000177249
572.47 -0.0137764 1 -0.0133306 -0.00044577
572.92 -0.0124224 1 -0.0133516 0.000929183
573.37 -0.0120687 1 -0.0133708 0.0013021
573.83 -0.0127073 1 -0.0133885 0.000681187
574.28 -0.0123541 1 -0.0134041 0.00104996
574.73 -0.0130011 1 -0.0134178 0.000416663
575.18 -0.0126484 1 -0.0134297 0.000781301
575.63 -0.010296 1 -0.0134399 0.00314386
576.08 -0.0139438 1 -0.0134482 -0.000495652
576.53 -0.0135919 1 -0.0134547 -0.000137252
576.98 -0.0112403 1 -0.0134593 0.00221906
577.44 -0.0148811 1 -0.0134622 -0.00141887
577.89 -0.01353 1 -0.0134632 -6.67827e-05
578.34 -0.0141792 1 -0.0134624 -0.000716789
578.79 -0.0118286 1 -0.0134597 0.00163111
579.24 -0.0134783 1 -0.0134553 -2.30764e-05
579.69 -0.0111283 1 -0.013449 0.00232065
580.14 -0.0137786 1 -0.0134409 -0.00033772
580.59 -0.0154292 1 -0.013431 -0.00199817
581.04 -0.01408 1 -0.0134193 -0.000660695
581.49 -0.0147311 1 -0.0134058 -0.0013253
581.95 -0.0123748 1 -0.0133902 0.00101542
582.4 -0.0120265 1 -0.0133732 0.00134664
582.85 -0.0156785 1 -0.0133543 -0.00232418
583.3 -0.0153308 1 -0.0133337 -0.00199706
583.75 -0.0139834 1 -0.0133114 -0.000671964
584.2 -0.0126362 1 -0.0132873 0.000651104
584.65 -0.0132894 1 -0.0132615 -2.78433e-05
585.1 -0.0139428 1 -0.013234 -0.000708792
585.55 -0.0135966 1 -0.0132049 -0.000391731
586 -0.0132506 1 -0.013174 -7.66462e-05
586.45 -0.011905 1 -0.0131415 0.00123648
586.9 -0.0115597 1 -0.0131073 0.00154765
587.35 -0.0122146 1 -0.0130715 0.000856896
587.8 -0.0148699 1 -0.0130341 -0.00183578
588.25 -0.0125255 1 -0.0129951 0.000469656
588.71 -0.0131737 1 -0.0129537 -0.000220069
589.16 -0.0138299 1 -0.0129115 -0.00091842
589.61 -0.0124865 1 -0.0128679 0.000381387
590.06 -0.0121433 1 -0.0128227 0.000679372
590.51 -0.0118005 1 -0.012776 0.000975557
590.96 -0.0144579 1 -0.0127279 -0.00173004
591.41 -0.0131157 1 -0.0126783 -0.000437389
591.86 -0.0107738 1 -0.0126274 0.00185352
592.31 -0.0124323 1 -0.012575 0.000142726
592.76 -0.012091 1 -0.0125213 0.000430241
593.21 -0.0127501 1 -0.0124662 -0.000283907
593.66 -0.0104095 1 -0.0124098 0.00200031
594.11 -0.0110693 1 -0.0123522 0.00128291
594.56 -0.0117294 1 -0.0122933 0.000563925
595.01 -0.0113898 1 -0.0122331 0.000843382
595.46 -0.0130505 1 -0.0121718 -0.000878694
595.91 -0.0117116 1 -0.0121093 0.000397726
596.36 -0.011373 1 -0.0120457 0.000672669
596.81 -0.0110348 1 -0.0119809 0.000946164
597.26 -0.0106969 1 -0.0119151 0.00121824
597.71 -0.0103593 1 -0.0118482 0.00148893
598.16 -0.0120221 1 -0.0117803 -0.000241747
598.61 -0.0116852 1 -0.0117115 2.62491e-05
599.06 -0.0103487 1 -0.0116416 0.00129295
599.51 -0.00901252 1 -0.0115709 0.00255837
599.96 -0.0086767 1 -0.0114993 0.00282256
600.41 -0.00934124 1 -0.0114268 0.00208555
600.86 -0.0100061 1 -0.0113535 0.00134736
601.31 -0.0106714 1 -0.0112794 0.00060802
601.76 -0.011337 1 -0.0112045 -0.000132427
602.21 -0.0100029 1 -0.011129 0.00112605
602.65 -0.00767666 1 -0.0110544 0.00337776
603.1 -0.0103433 1 -0.0109775 0.000634198
603.55 -0.0100104 1 -0.0109 0.000889649
604 -0.0106778 1 -0.0108219 0.000144149
604.45 -0.0113456 1 -0.0107433 -0.000602268
604.9 -0.0110137 1 -0.0106641 -0.000349571
605.35 -0.0106822 1 -0.0105845 -9.77267e-05
605.8 -0.00935109 1 -0.0105044 0.0011533
606.25 -0.0100203 1 -0.0104239 0.000403535
606.7 -0.01069 1 -0.010343 -0.000346982
607.15 -0.01036 1 -0.0102618 -9.82219e-05
607.6 -0.0100304 1 -0.0101802 0.000149849
608.05 -0.0117012 1 -0.0100984 -0.00160274
608.5 -0.00937231 1 -0.0100164 0.000644049
608.95 -0.0120439 1 -0.00993409 -0.00210976
609.39 -0.00872306 1 -0.00985348 0.00113042
609.84 -0.0103954 1 -0.0097709 -0.000624464
610.29 -0.0100681 1 -0.0096882 -0.00037985
610.74 -0.0107411 1 -0.00960543 -0.0011357
611.19 -0.0104146 1 -0.00952261 -0.000891997
611.64 -0.00908848 1 -0.00943978 0.000351304
612.09 -0.00976274 1 -0.00935697 -0.000405772
612.54 -0.0104374 1 -0.0092742 -0.0011632
612.99 -0.00811246 1 -0.00919152 0.00107906
613.44 -0.0107879 1 -0.00910895 -0.00167896
613.88 -0.00847098 1 -0.00902835 0.000557378
614.33 -0.00814723 1 -0.00894609 0.000798863
614.78 -0.0118239 1 -0.00886404 -0.00295986
615.23 -0.010501 1 -0.00878221 -0.00171875
615.68 -0.0101784 1 -0.00870064 -0.0014778
616.13 -0.00985632 1 -0.00861936 -0.00123697
616.58 -0.0105346 1 -0.00853839 -0.00199623
617.03 -0.0102133 1 -0.00845777 -0.00175557
617.47 -0.00689959 1 -0.00837929 0.0014797
617.92 -0.00857912 1 -0.00829942 -0.000279701
618.37 -0.0112591 1 -0.00821997 -0.0030391
618.82 -0.00893944 1 -0.00814096 -0.000798483
619.27 -0.00962024 1 -0.00806243 -0.00155781
619.72 -0.0103015 1 -0.00798438 -0.00231707
620.17 -0.0099831 1 -0.00790686 -0.00207624
620.61 -0.00867223 1 -0.00783157 -0.000840657
621.06 -0.00935472 1 -0.00775513 -0.00159958
621.51 -0.00803764 1 -0.00767927 -0.000358361
621.96 -0.00972098 1 -0.00760402 -0.00211697
622.41 -0.00840477 1 -0.00752939 -0.000875381
622.86 -0.010089 1 -0.00745539 -0.00263359
623.3 -0.00878064 1 -0.00738369 -0.00139696
623.75 -0.00846572 1 -0.00731102 -0.0011547
624.2 -0.00715125 1 -0.00723905 8.78015e-05
624.65 -0.00983721 1 -0.00716779 -0.00266942
625.1 -0.00852361 1 -0.00709726 -0.00142636
625.54 -0.00921742 1 -0.00702901 -0.00218841
625.99 -0.00690471 1 -0.00695996 5.52566e-05
626.44 -0.00959244 1 -0.00689169 -0.00270075
626.89 -0.00828063 1 -0.0068242 -0.00145643
627.34 -0.00396926 1 -0.0067575 0.00278824
627.78 -0.00766525 1 -0.00669307 -0.000972181
628.23 -0.00835479 1 -0.00662799 -0.0017268
628.68 -0.0100448 1 -0.00656374 -0.00348104
629.13 -0.00873522 1 -0.00650032 -0.0022349
629.58 -0.00742613 1 -0.00643776 -0.000988373
630.02 -0.00812435 1 -0.00637741 -0.00174694
630.47 -0.00781617 1 -0.00631654 -0.00149963
630.92 -0.00850845 1 -0.00625655 -0.0022519
631.37 -0.0062012 1 -0.00619743 -3.77223e-06
631.81 -0.00690123 1 -0.00614048 -0.000760754
632.26 -0.00759491 1 -0.00608311 -0.0015118
632.71 -0.00728906 1 -0.00602663 -0.00126243
633.16 -0.00798368 1 -0.00597104 -0.00201263
633.61 -0.00667877 1 -0.00591635 -0.000762416
634.05 -0.0083811 1 -0.00586375 -0.00251735
634.5 -0.00707714 1 -0.00581083 -0.0012663
634.95 -0.00677365 1 -0.00575882 -0.00101483
635.4 -0.00547065 1 -0.0057077 0.000237057
635.84 -0.00517484 1 -0.00565859 0.000483751
636.29 -0.00687279 1 -0.00560925 -0.00126354
636.74 -0.00457123 1 -0.00556081 0.00098958
637.18 -0.00627684 1 -0.00551431 -0.000762534
637.63 -0.00597624 1 -0.00546762 -0.000508618
638.08 -0.00667613 1 -0.00542183 -0.00125431
638.53 -0.00537652 1 -0.00537691 3.93103e-07
638.97 -0.00508404 1 -0.00533384 0.000249803
639.42 -0.0067854 1 -0.00529065 -0.00149475
639.87 -0.00548726 1 -0.00524833 -0.000238931
640.32 -0.00618962 1 -0.00520686 -0.000982756
640.76 -0.00489908 1 -0.00516714 0.000268066
641.21 -0.00460243 1 -0.00512735 0.000524926
641.66 -0.00430628 1 -0.0050884 0.000782116
642.1 -0.0050172 1 -0.0050511 3.39025e-05
642.55 -0.00572206 1 -0.00501377 -0.000708282
643 -0.00742742 1 -0.00497725 -0.00245017
643.44 -0.00313982 1 -0.00494231 0.00180249
643.89 -0.00484619 1 -0.00490735 6.11599e-05
644.34 -0.00455308 1 -0.00487318 0.000320094
644.79 -0.00526048 1 -0.00483976 -0.000420722
645.23 -0.00397489 1 -0.00480782 0.000832932
645.68 -0.00268331 1 -0.00477588 0.00209257
646.13 -0.00439225 1 -0.00474467 0.00035242
646.57 -0.00410817 1 -0.00471485 0.000606683
647.02 -0.00581815 1 -0.00468505 -0.0011331
647.47 -0.00252865 1 -0.00465594 0.00212729
647.91 -0.0042461 1 -0.00462813 0.000382032
648.36 -0.00395764 1 -0.00460034 0.000642699
648.81 -0.00366972 1 -0.0045732 0.000903486
649.25 -0.0043887 1 -0.00454728 0.000158576
649.7 -0.00510183 1 -0.00452138 -0.000580449
650.15 -0.00381549 1 -0.00449609 0.000680595
650.59 -0.00453604 1 -0.00447193 -6.41088e-05
651.04 -0.00325076 1 -0.00444779 0.00119703
651.48 -0.000972348 1 -0.00442473 0.00345238
651.93 -0.00268814 1 -0.00440168 0.00171354
652.38 -0.00540448 1 -0.00437916 -0.00102532
652.82 -0.00312764 1 -0.00435763 0.00122999
653.27 -0.00284506 1 -0.00433611 0.00149106
653.72 -0.00256302 1 -0.00431507 0.00175205
654.16 -0.00328778 1 -0.00429495 0.00100717
654.61 -0.00200683 1 -0.00427482 0.00226799
655.06 -0.00272643 1 -0.00425512 0.00152868
655.5 -0.0044528 1 -0.00423626 -0.000216545
655.95 -0.0041735 1 -0.00421736 4.38636e-05
656.39 -0.00890095 1 -0.00419927 -0.00470168
656.84 -0.00562275 1 -0.00418112 -0.00144163
657.29 0.000654884 1 -0.00416333 0.00481821
657.73 -0.00107419 1 -0.00414626 0.00307206
658.18 -0.000797673 1 -0.00412912 0.00333144
658.62 -0.00252784 1 -0.00411265 0.00158481
659.07 -0.00225244 1 -0.0040961 0.00184366
659.52 -0.000977611 1 -0.00407983 0.00310221
659.96 -0.00170944 1 -0.00406416 0.00235472
660.41 -0.00143574 1 -0.00404838 0.00261264
660.85 -0.00216867 1 -0.00403317 0.0018645
661.3 -0.00189611 1 -0.00401783 0.00212172
661.74 -0.000630155 1 -0.00400301 0.00337286
662.19 -0.000358733 1 -0.00398805 0.00362931
662.64 -0.00108789 1 -0.00397325 0.00288536
663.08 -0.00182363 1 -0.00395893 0.0021353
663.53 -0.00255394 1 -0.00394442 0.00139048
663.97 -0.00229081 1 -0.00393035 0.00163954
664.42 -2.22777e-05 1 -0.00391608 0.0038938
664.86 0.000239717 1 -0.00390222 0.00414194
665.31 -0.000492918 1 -0.00388813 0.00339521
665.75 -0.00323207 1 -0.00387442 0.000642353
666.2 3.41277e-05 1 -0.00386046 0.00389458
666.65 -0.000700274 1 -0.00384654 0.00314627
667.09 -0.000441154 1 -0.00383297 0.00339182
667.54 -0.000176737 1 -0.00381911 0.00364237
667.98 -0.000918776 1 -0.00380557 0.00288679
668.43 -0.00165555 1 -0.00379172 0.00213617
668.87 -0.00339875 1 -0.00377816 0.000379414
669.32 -0.00113672 1 -0.00376428 0.00262756
669.76 -0.00188109 1 -0.00375067 0.00186958
670.21 0.000379743 1 -0.00373671 0.00411645
670.65 -0.00236581 1 -0.003723 0.00135719
671.1 -0.000106182 1 -0.00370892 0.00360274
671.54 0.000147082 1 -0.00369508 0.00384217
671.99 -0.00259451 1 -0.00368085 0.00108635
672.43 -0.00134243 1 -0.00366685 0.00232442
672.88 -0.00208524 1 -0.00365242 0.00156719
673.32 -0.00283436 1 -0.00363822 0.000803859
673.77 -0.00157839 1 -0.00362358 0.00204518
674.21 -0.00232872 1 -0.00360914 0.00128042
674.66 -0.00407399 1 -0.00359425 -0.000479737
675.1 -0.00382552 1 -0.00357955 -0.000245964
675.55 -0.00357203 1 -0.00356439 -7.6402e-06
675.99 -0.00232477 1 -0.00354941 0.00122463
676.44 -0.00207253 1 -0.00353394 0.00146141
676.88 -0.0018265 1 -0.00351866 0.00169216
677.33 -0.0025755 1 -0.00350286 0.000927362
677.77 -0.0043307 1 -0.00348726 -0.000843442
678.22 -0.00308096 1 -0.00347112 0.000390159
678.66 -0.00483739 1 -0.00345517 -0.00138222
679.11 -0.00458892 1 -0.00343868 -0.00115024
679.55 -0.00334659 1 -0.00342237 7.57771e-05
679.99 -0.00410488 1 -0.00340588 -0.000698998
680.44 -0.00185831 1 -0.00338883 0.00153052
680.88 -0.00361785 1 -0.00337196 -0.000245884
681.33 -0.00537256 1 -0.00335452 -0.00201804
681.77 -0.00413335 1 -0.00333728 -0.00079608
682.22 -0.00188936 1 -0.00331944 0.00143008
682.66 -0.00365141 1 -0.0033018 -0.000349611
683.11 -0.00440871 1 -0.00328356 -0.00112515
683.55 -0.00517203 1 -0.00326553 -0.0019065
683.99 -0.00493598 1 -0.0032473 -0.00168868
684.44 -0.00469522 1 -0.00322846 -0.00146677
684.88 -0.00446045 1 -0.00320983 -0.00125062
685.33 -0.00322101 1 -0.00319058 -3.04243e-05
685.77 -0.00398752 1 -0.00317156 -0.000815959
686.21 -0.00575467 1 -0.00315235 -0.00260232
686.66 -0.00451719 1 -0.0031325 -0.0013847
687.1 -0.00528564 1 -0.0031129 -0.00217275
687.55 -0.00604949 1 -0.00309265 -0.00295684
687.99 -0.00381923 1 -0.00307266 -0.000746571
688.44 -0.00258442 1 -0.00305203 0.000467615
688.88 -0.00635547 1 -0.00303167 -0.0033238
689.32 -0.00512717 1 -0.00301112 -0.00211604
689.77 -0.00489435 1 -0.00298993 -0.00190442
690.21 -0.00466737 1 -0.00296902 -0.00169834
690.65 -0.00644104 1 -0.00294795 -0.00349309
691.1 -0.00621024 1 -0.00292621 -0.00328403
691.54 -0.00498523 1 -0.00290479 -0.00208044
691.99 -0.00675579 1 -0.00288272 -0.00387307
692.43 -0.00753212 1 -0.00286097 -0.00467115
692.87 -0.00630911 1 -0.00283907 -0.00347004
693.32 -0.00608171 1 -0.00281651 -0.0032652
693.76 -0.00386003 1 -0.00279431 -0.00106573
694.2 -0.00363903 1 -0.00277196 -0.000867071
694.65 -0.00641369 1 -0.00274895 -0.00366473
695.09 -0.00519403 1 -0.00272633 -0.0024677
695.53 -0.00697504 1 -0.00270357 -0.00427147
695.98 -0.00575177 1 -0.00268016 -0.00307161
696.42 -0.00653414 1 -0.00265716 -0.00387698
696.86 -0.00631719 1 -0.00263404 -0.00368315
697.31 -0.006096 1 -0.00261027 -0.00348573
697.75 -0.00588042 1 -0.00258693 -0.00329348
698.19 -0.00366551 1 -0.00256349 -0.00110202
698.64 -0.00644643 1 -0.00253942 -0.003907
699.08 -0.0072329 1 -0.0025158 -0.0047171
699.52 -0.00602005 1 -0.00249208 -0.00352797
699.97 -0.00380308 1 -0.00246775 -0.00133533
700.41 -0.00259163 1 -0.00244389 -0.000147737
700.85 -0.00638086 1 -0.00241996 -0.0039609
701.3 -0.00516602 1 -0.00239542 -0.0027706
701.74 -0.00395665 1 -0.00237137 -0.00158528
702.18 -0.00574797 1 -0.00234727 -0.0034007
702.63 -0.00653527 1 -0.00232257 -0.00421269
703.07 -0.003328 1 -0.00229839 -0.00102961
703.51 -0.00412143 1 -0.00227417 -0.00184725
703.96 -0.00491088 1 -0.00224937 -0.00266151
704.4 -0.00370572 1 -0.00222511 -0.00148062
704.84 -0.00250127 1 -0.00220082 -0.000300449
705.28 -0.00629752 1 -0.00217653 -0.00412099
705.73 -0.00508987 1 -0.00215168 -0.00293819
706.17 -0.00288755 1 -0.00212738 -0.000760168
706.61 -0.00568593 1 -0.00210309 -0.00358284
707.06 -0.00548047 1 -0.00207826 -0.00340221
707.5 -0.0042803 1 -0.002054 -0.0022263
707.94 -0.00608084 1 -0.00202977 -0.00405107
708.38 -0.00488209 1 -0.00200556 -0.00287653
708.83 -0.00367957 1 -0.00198084 -0.00169873
709.27 -0.00448227 1 -0.00195671 -0.00252556
709.71 -0.00428569 1 -0.00193263 -0.00235307
710.15 -0.00408984 1 -0.00190859 -0.00218124
710.6 -0.00389028 1 -0.00188407 -0.0020062
711.04 -0.00569588 1 -0.00186016 -0.00383572
711.48 -0.00350222 1 -0.00183631 -0.0016659
711.92 -0.00230928 1 -0.00181254 -0.000496738
712.37 -0.0041127 1 -0.0017883 -0.0023244
712.81 -0.000921239 1 -0.00176469 0.000843447
713.25 -0.00373051 1 -0.00174116 -0.00198935
713.69 -0.00354051 1 -0.00171772 -0.00182279
714.13 -0.00235124 1 -0.00169438 -0.000656861
714.58 -0.00115844 1 -0.00167061 0.000512176
715.02 -0.00297066 1 -0.00164748 -0.00132318
715.46 -0.00378363 1 -0.00162446 -0.00215917
715.9 -0.00359734 1 -0.00160155 -0.00199579
716.35 -0.00340758 1 -0.00157824 -0.00182934
716.79 -0.00222279 1 -0.00155557 -0.000667213
717.23 -0.00303874 1 -0.00153303 -0.00150571
717.67 -0.00485545 1 -0.00151063 -0.00334482
718.11 -0.0026729 1 -0.00148835 -0.00118455
718.56 -0.00148698 1 -0.00146571 -2.12665e-05
719 -0.00130595 1 -0.00144372 0.00013777
719.44 -0.00312568 1 -0.00142187 -0.0017038
719.88 -0.000946156 1 -0.00140018 0.00045402
720.32 -0.00376739 1 -0.00137863 -0.00238876
720.76 -0.00158939 1 -0.00135724 -0.000232149
721.21 -0.00140812 1 -0.00133553 -7.25968e-05
721.65 -0.00423165 1 -0.00131446 -0.0029172
722.09 -0.00105595 1 -0.00129355 0.000237604
722.53 -0.00088101 1 -0.00127282 0.000391808
722.97 -0.00170684 1 -0.00125225 -0.000454584
723.41 -0.00353343 1 -0.00123186 -0.00230157
723.86 -0.000356875 1 -0.00121118 0.000854306
724.3 0.000814975 1 -0.00119114 0.00200612
724.74 0.000986054 1 -0.00117128 0.00215734
725.18 0.00115636 1 -0.00115161 0.00230797
725.62 -0.000674111 1 -0.00113211 0.000458004
726.06 0.000494642 1 -0.00111281 0.00160745
726.5 -0.00133738 1 -0.00109369 -0.000243695
726.95 -0.000166397 1 -0.00107433 0.000907933
727.39 0 1 -0.00105559 0.00105559
727.83 -0.000834385 1 -0.00103705 0.000202667
728.27 -0.000669548 1 -0.0010187 0.000349155
728.71 0.00149452 1 -0.00100055 0.00249507
729.15 -0.000342185 1 -0.000982593 0.000640408
729.59 0.00182035 1 -0.000964834 0.00278518
730.03 0.00098213 1 -0.000947273 0.0019294
730.48 0.00114681 1 -0.00092952 0.00207633
730.92 -0.000692926 1 -0.000912364 0.000219439
731.36 -0.000533402 1 -0.000895409 0.000362008
731.8 0.000625387 1 -0.000878656 0.00150404
732.24 0.00378345 1 -0.000862106 0.00464555
732.68 0.00194078 1 -0.000845758 0.00278654
733.12 9.73913e-05 1 -0.000829614 0.000927005
733.56 0.00125329 1 -0.000813673 0.00206696
734 0.00340848 1 -0.000797936 0.00420642
734.44 0.00256296 1 -0.000782403 0.00334537
734.89 0.00172024 1 -0.000766728 0.00248696
735.33 0.00187331 1 -0.000751607 0.00262492
735.77 0.0040257 1 -0.000736691 0.00476239
736.21 0.00217741 1 -0.000721977 0.00289938
736.65 0.00232843 1 -0.000707467 0.0030359
737.09 0.00547879 1 -0.00069316 0.00617195
737.53 0.00462847 1 -0.000679056 0.00530753
737.97 0.0047775 1 -0.000665153 0.00544265
738.41 0.00292587 1 -0.000651452 0.00357732
738.85 0.00607358 1 -0.000637952 0.00671153
739.29 0.00722065 1 -0.000624652 0.0078453
739.73 0.00236708 1 -0.000611551 0.00297863
740.17 0.00251287 1 -0.000598649 0.00311152
740.61 0.00365803 1 -0.000585944 0.00424397
741.05 0.00580257 1 -0.000573437 0.006376
741.49 0.00494648 1 -0.000561124 0.00550761
741.93 0.00508978 1 -0.000549007 0.00563879
742.37 0.00123247 1 -0.000537083 0.00176955
742.81 0.000374555 1 -0.000525351 0.000899906
743.26 0.00451925 1 -0.000513551 0.0050328
743.7 0.00366013 1 -0.000502205 0.00416233
744.14 0.00280042 1 -0.000491047 0.00329146
744.58 0.00294012 1 -0.000480077 0.0034202
745.02 0.00507925 1 -0.000469292 0.00554854
745.46 0.0042178 1 -0.000458692 0.00467649
745.9 0.00435579 1 -0.000448274 0.00480406
746.34 0.00549321 1 -0.000438038 0.00593125
746.78 0.00563008 1 -0.000427982 0.00605806
747.22 0.00376639 1 -0.000418104 0.00418449
747.66 0.00590215 1 -0.000408403 0.00631056
748.1 0.00403738 1 -0.000398877 0.00443626
748.54 0.00317207 1 -0.000389523 0.00356159
748.98 0.00430622 1 -0.000380342 0.00468656
749.42 0.00443985 1 -0.00037133 0.00481118
749.86 0.00557296 1 -0.000362487 0.00593545
750.29 0.00370255 1 -0.000354005 0.00405655
750.73 0.00283464 1 -0.000345489 0.00318013
751.17 0.00296623 1 -0.000337135 0.00330337
751.61 0.00109732 1 -0.000328942 0.00142626
752.05 0.00522791 1 -0.000320908 0.00554882
752.49 0.00335802 1 -0.000313032 0.00367105
752.93 0.00248764 1 -0.000305311 0.00279295
753.37 0.00261678 1 -0.000297743 0.00291452
753.81 0.00174545 1 -0.000290326 0.00203577
754.25 0.00187365 1 -0.000283059 0.00215671
754.69 0.00300138 1 -0.00027594 0.00327732
755.13 0.00512866 1 -0.000268966 0.00539762
755.57 0.00325548 1 -0.000262136 0.00351762
756.01 0.00338186 1 -0.000255448 0.00363731
756.45 0.00150779 1 -0.000248899 0.00175669
756.89 0.00263329 1 -0.000242489 0.00287578
757.33 0.00475835 1 -0.000236214 0.00499456
757.77 0.00188299 1 -0.000230073 0.00211306
758.21 0.0030072 1 -0.000224065 0.00323127
758.64 0.00112819 1 -0.000218318 0.00134651
759.08 0.00025159 1 -0.000212564 0.000464154
759.52 0.00337458 1 -0.000206937 0.00358152
759.96 0.00749717 1 -0.000201433 0.0076986
760.4 0.00461937 1 -0.000196052 0.00481542
760.84 0.00174117 1 -0.000190791 0.00193196
761.28 0.00186259 1 -0.000185649 0.00204824
761.72 0.00498363 1 -0.000180623 0.00516425
762.16 0.00410429 1 -0.000175711 0.00428
762.6 0.00122459 1 -0.000170912 0.0013955
763.03 0.0013418 1 -0.000166329 0.00150812
763.47 0.00246138 1 -0.000161747 0.00262312
763.91 0.0045806 1 -0.000157272 0.00473787
764.35 0.00369948 1 -0.000152903 0.00385238
764.79 0.00181801 1 -0.000148636 0.00196665
765.23 0.000936208 1 -0.000144471 0.00108068
765.67 0.00205407 1 -0.000140405 0.00219448
766.11 0.000171605 1 -0.000136437 0.000308042
766.54 0.000286157 1 -0.000132653 0.00041881
766.98 0.00240306 1 -0.000128873 0.00253193
767.42 0.00251965 1 -0.000125185 0.00264483
767.86 -0.000364067 1 -0.000121589 -0.000242479
768.3 0.00175191 1 -0.000118081 0.00187
768.74 0.0048676 1 -0.000114661 0.00498226
769.17 0.00398037 1 -0.000111401 0.00409177
769.61 0.00309549 1 -0.000108148 0.00320364
770.05 0.00221032 1 -0.000104978 0.0023153
770.49 0.00432488 1 -0.000101888 0.00442677
770.93 0.00243917 1 -9.88767e-05 0.00253804
771.37 0.00155319 1 -9.59431e-05 0.00164913
771.8 0.00366437 1 -9.31494e-05 0.00375752
772.24 0.00377788 1 -9.03642e-05 0.00386824
772.68 -0.000108857 1 -8.76517e-05 -2.12049e-05
773.12 4.1624e-06 1 -8.50103e-05 8.91727e-05
773.56 0.00211694 1 -8.24386e-05 0.00219938
774 0.00322949 1 -7.9935e-05 0.00330942
774.43 0.000339255 1 -7.75529e-05 0.000416808
774.87 0.00245135 1 -7.51798e-05 0.00252653
775.31 0.00256323 1 -7.28706e-05 0.0026361
775.75 0.0026749 1 -7.06238e-05 0.00274552
776.19 0.00178636 1 -6.84381e-05 0.0018548
776.62 -0.000104909 1 -6.63598e-05 -3.85497e-05
777.06 0.00200615 1 -6.42908e-05 0.00207044
777.5 0.000117025 1 -6.22788e-05 0.000179304
777.94 0.00122771 1 -6.03226e-05 0.00128803
778.37 0.0023357 1 -5.84635e-05 0.00239417
778.81 0.00244603 1 -5.66138e-05 0.00250265
779.25 0.00155619 1 -5.4816e-05 0.00161101
779.69 0.00466618 1 -5.30689e-05 0.00471925
780.13 0.00477601 1 -5.13715e-05 0.00482738
780.56 0.000883196 1 -4.97593e-05 0.000932955
781 0.000992723 1 -4.81563e-05 0.00104088
781.44 0.00210211 1 -4.65994e-05 0.0021487
781.88 0.00121135 1 -4.50875e-05 0.00125643
782.31 0.00231798 1 -4.36523e-05 0.00236163
782.75 0.000426955 1 -4.22261e-05 0.000469182
783.19 0.00553581 1 -4.08416e-05 0.00557665
783.63 -0.00135545 1 -3.94978e-05 -0.00131596
784.06 0.0037507 1 -3.82228e-05 0.00378892
784.5 0.00285921 1 -3.69565e-05 0.00289617
784.94 0.00396763 1 -3.57279e-05 0.00400335
785.37 0.00107348 1 -3.45628e-05 0.00110804
785.81 0.0041817 1 -3.3406e-05 0.0042151
786.25 0.00428983 1 -3.2284e-05 0.00432212
786.69 0.00039788 1 -3.11961e-05 0.000429077
787.12 0.0035034 1 -3.01648e-05 0.00353356
787.56 0.0006113 1 -2.91415e-05 0.000640441
788 0.00371913 1 -2.81495e-05 0.00374728
788.43 0.00382445 1 -2.72096e-05 0.00385166
788.87 0.00293217 1 -2.62773e-05 0.00295845
789.31 0.00103983 1 -2.53739e-05 0.00106521
789.75 0.00414745 1 -2.44987e-05 0.00417195
790.18 0.000252579 1 -2.36699e-05 0.000276249
790.62 0.00236012 1 -2.28482e-05 0.00238297
791.06 0.00146763 1 -2.20524e-05 0.00148968
791.49 -0.000427334 1 -2.1299e-05 -0.000406035
791.93 0.000680128 1 -2.05524e-05 0.000700681
792.37 0.00278757 1 -1.98296e-05 0.0028074
792.8 -0.000107431 1 -1.91456e-05 -8.82854e-05
793.24 0 1 -1.8468e-05 1.8468e-05
793.68 0.00610743 1 -1.78123e-05 0.00612524
794.11 0.000212425 1 -1.71921e-05 0.000229617
794.55 0.00531987 1 -1.65778e-05 0.00533645
794.99 0.00342733 1 -1.59837e-05 0.00344332
795.42 0.00353237 1 -1.54218e-05 0.0035478
795.86 0.00863988 1 -1.48657e-05 0.00865475
796.3 0.00274742 1 -1.43279e-05 0.00276175
796.73 0.00285255 1 -1.38195e-05 0.00286637
797.17 0.00196017 1 -1.33165e-05 0.00197348
797.61 -0.00093217 1 -1.28303e-05 -0.000919339
798.04 0.0021731 1 -1.23709e-05 0.00218547
798.48 0.00528087 1 -1.19165e-05 0.00529278
798.91 0.00138625 1 -1.14872e-05 0.00139774
799.35 0.000494148 1 -1.10627e-05 0.000505211
799.79 0.00360212 1 -1.06527e-05 0.00361277
800.22 0.00270771 1 -1.02654e-05 0.00271798
800.66 -0.000184157 1 -9.88266e-06 -0.000174274
801.1 0.00192406 1 -9.51304e-06 0.00193357
