500.34 0.00165544 1 -0.00197478 0.00363022
500.8 0.0019935 1 -0.00202011 0.00401362
501.25 0.00432423 1 -0.00206478 0.00638901
501.71 0.00166231 1 -0.00211078 0.00377309
502.17 0.0020004 1 -0.00215711 0.00415752
502.62 0.00333115 1 -0.00220277 0.00553392
503.08 0.00166925 1 -0.00224977 0.00391902
503.53 0 1 -0.00229607 0.00229607
503.99 -0.000661899 1 -0.00234372 0.00168183
504.44 0.00166885 1 -0.00239067 0.00405952
504.9 0.00100695 1 -0.00243898 0.00344593
505.36 -0.00165496 1 -0.00248762 0.000832657
505.81 0.00167577 1 -0.00253552 0.00421129
506.27 0.00301384 1 -0.00258481 0.00559865
506.72 0.00134456 1 -0.00263334 0.0039779
507.18 -0.000317387 1 -0.00268327 0.00236588
507.63 1.33037e-05 1 -0.00273242 0.00274572
508.09 0.000351327 1 -0.00278298 0.00313431
508.54 -0.00231801 1 -0.00283275 0.000514733
509 -0.00198003 1 -0.00288393 0.000903906
509.45 0.000350594 1 -0.00293431 0.0032849
509.91 -0.000311461 1 -0.00298611 0.00267465
510.36 0.00101911 1 -0.00303709 0.0040562
510.82 -0.000642991 1 -0.0030895 0.00244651
511.27 -0.000312468 1 -0.00314107 0.0028286
511.73 -0.000974629 1 -0.00319408 0.00221945
512.19 -0.00263682 1 -0.00324739 0.000610572
512.64 -0.00130639 1 -0.00329983 0.00199345
513.1 -0.00196865 1 -0.00335373 0.00138508
513.55 -0.000638284 1 -0.00340674 0.00276846
514.01 -0.00330062 1 -0.00346121 0.000160596
514.46 -0.00197033 1 -0.00351478 0.00154445
514.92 -0.00163274 1 -0.00356981 0.00193707
515.37 -0.00330253 1 -0.00362392 0.000321391
515.83 -0.00196503 1 -0.00367951 0.00171448
516.28 -0.000634916 1 -0.00373416 0.00309924
516.73 -0.00330484 1 -0.00378906 0.000484217
517.19 -0.00296749 1 -0.00384545 0.000877964
517.64 -0.00463751 1 -0.00390087 -0.000736644
518.1 -0.00430026 1 -0.00395778 -0.000342481
518.55 -0.00197039 1 -0.0040137 0.00204331
519.01 -0.00363325 1 -0.00407112 0.000437866
519.46 -0.0033035 1 -0.00412753 0.000824031
519.92 -0.000966474 1 -0.00418544 0.00321896
520.37 -0.00563684 1 -0.00424232 -0.00139452
520.83 -0.00829994 1 -0.00430071 -0.00399923
521.28 -0.00397043 1 -0.00435805 0.000387623
521.74 -0.00363366 1 -0.0044169 0.000783237
522.19 -0.00430428 1 -0.00447468 0.000170403
522.65 -0.00596765 1 -0.00453397 -0.00143368
523.1 -0.00363841 1 -0.00459219 0.000953779
523.55 -0.00430924 1 -0.00465061 0.000341368
524.01 -0.00197283 1 -0.00471053 0.0027377
524.46 -0.00364381 1 -0.00476936 0.00112555
524.92 -0.00430756 1 -0.00482968 0.000522128
525.37 -0.00397869 1 -0.00488889 0.0009102
525.83 -0.0056426 1 -0.0049496 -0.000692996
526.28 -0.0063139 1 -0.00500918 -0.00130472
526.73 -0.00598528 1 -0.00506893 -0.00091635
527.19 -0.00264944 1 -0.00513018 0.00248074
527.64 -0.00332099 1 -0.00519026 0.00186927
528.1 -0.00698533 1 -0.00525185 -0.00173348
528.55 -0.00665706 1 -0.00531226 -0.00134481
529.01 -0.00532159 1 -0.00537416 5.2569e-05
529.46 -0.00599351 1 -0.00543487 -0.000558641
529.91 -0.00566552 1 -0.00549571 -0.000169805
530.37 -0.00533034 1 -0.00555805 0.000227712
530.82 -0.00600254 1 -0.00561917 -0.000383379
531.28 -0.00766757 1 -0.00568177 -0.0019858
531.73 -0.00933998 1 -0.00574313 -0.00359685
532.18 -0.00701249 1 -0.0058046 -0.00120788
532.64 -0.00467783 1 -0.00586756 0.00118973
533.09 -0.00535055 1 -0.00592925 0.000578699
533.54 -0.00802338 1 -0.00599103 -0.00203234
534 -0.00968905 1 -0.00605429 -0.00363476
534.45 -0.0063621 1 -0.00611626 -0.000245845
534.91 -0.003028 1 -0.00617968 0.00315168
535.36 -0.00670128 1 -0.00624181 -0.000459476
535.81 -0.00637468 1 -0.006304 -7.06786e-05
536.27 -0.00804094 1 -0.00636764 -0.0016733
536.72 -0.00571457 1 -0.00642995 0.000715381
537.17 -0.00838833 1 -0.00649232 -0.00189601
537.63 -0.00905496 1 -0.00655612 -0.00249884
538.08 -0.00972896 1 -0.00661857 -0.0031104
538.54 -0.00739585 1 -0.00668244 -0.000713417
538.99 -0.00707011 1 -0.00674494 -0.000325168
539.44 -0.0057445 1 -0.00680747 0.00106297
539.9 -0.00641179 1 -0.0068714 0.000459617
540.35 -0.00808644 1 -0.00693395 -0.00115249
540.8 -0.00776123 1 -0.0069965 -0.000764725
541.26 -0.00842893 1 -0.00706044 -0.00136849
541.71 -0.00910399 1 -0.00712297 -0.00198102
542.16 -0.00777919 1 -0.00718548 -0.000593711
542.62 -0.00844732 1 -0.00724936 -0.00119796
543.07 -0.00612281 1 -0.00731181 0.001189
543.52 -0.00579844 1 -0.00737423 0.00157579
543.98 -0.00646701 1 -0.00743799 0.000970972
544.43 -0.00914294 1 -0.0075003 -0.00164264
544.88 -0.00981902 1 -0.00756256 -0.00225645
545.34 -0.00948805 1 -0.00762613 -0.00186191
545.79 -0.0111644 1 -0.00768825 -0.00347618
546.24 -0.00884096 1 -0.00775029 -0.00109067
546.69 -0.00651765 1 -0.00781224 0.00129459
547.15 -0.0101873 1 -0.00787547 -0.00231185
547.6 -0.00986432 1 -0.00793722 -0.0019271
548.05 -0.00854149 1 -0.00799887 -0.000542622
548.51 -0.0112117 1 -0.00806177 -0.00314989
548.96 -0.00988915 1 -0.00812317 -0.00176598
549.41 -0.00756681 1 -0.00818445 0.00061764
549.86 -0.00824464 1 -0.00824559 9.53381e-07
550.32 -0.00891548 1 -0.00830794 -0.000607538
550.77 -0.00859365 1 -0.00836878 -0.000224864
551.22 -0.00927199 1 -0.00842947 -0.00084252
551.68 -0.00894336 1 -0.00849133 -0.00045203
552.13 -0.00962206 1 -0.00855168 -0.00107038
552.58 -0.0103009 1 -0.00861184 -0.00168908
553.03 -0.00697997 1 -0.00867182 0.00169184
553.49 -0.0106521 1 -0.00873293 -0.00191915
553.94 -0.00933149 1 -0.00879251 -0.000538983
554.39 -0.0110111 1 -0.00885188 -0.00215921
554.84 -0.0106909 1 -0.00891103 -0.00177984
555.3 -0.00936373 1 -0.00897126 -0.000392462
555.75 -0.00904389 1 -0.00902996 -1.39291e-05
556.2 -0.00972424 1 -0.00908841 -0.000635824
556.65 -0.0104048 1 -0.00914662 -0.00125816
557.11 -0.0100784 1 -0.00920586 -0.000872555
557.56 -0.0107594 1 -0.00926355 -0.0014958
558.01 -0.00844048 1 -0.00932098 0.000880497
558.46 -0.00912181 1 -0.00937812 0.000256318
558.92 -0.00979626 1 -0.00943625 -0.000360007
559.37 -0.010478 1 -0.00949282 -0.000985169
559.82 -0.0111599 1 -0.00954909 -0.00161083
560.27 -0.0108421 1 -0.00960506 -0.001237
560.72 -0.0105244 1 -0.00966072 -0.00086369
561.18 -0.0101999 1 -0.00971728 -0.000482626
561.63 -0.0118827 1 -0.00977229 -0.00211039
562.08 -0.0135657 1 -0.00982696 -0.00373869
562.53 -0.0112488 1 -0.00988129 -0.00136755
562.99 -0.00992522 1 -0.00993647 1.12552e-05
563.44 -0.00860885 1 -0.0099901 0.00138125
563.89 -0.0102927 1 -0.0100434 -0.000249334
564.34 -0.00897675 1 -0.0100962 0.00111949
564.79 -0.00966104 1 -0.0101488 0.000487723
565.25 -0.0123385 1 -0.010202 -0.00213649
565.7 -0.0120233 1 -0.0102538 -0.00176949
566.15 -0.0117082 1 -0.0103051 -0.00140312
566.6 -0.0113934 1 -0.010356 -0.00103738
567.05 -0.0100788 1 -0.0104066 0.000327718
567.5 -0.0117645 1 -0.0104567 -0.00130783
567.96 -0.0114434 1 -0.0105074 -0.000935961
568.41 -0.0131295 1 -0.0105567 -0.00257285
568.86 -0.0128159 1 -0.0106055 -0.00221041
569.31 -0.0115025 1 -0.0106538 -0.000848658
569.76 -0.0141893 1 -0.0107017 -0.0034876
570.21 -0.0108764 1 -0.0107491 -0.000127232
570.67 -0.0115567 1 -0.0107971 -0.000759593
571.12 -0.0112443 1 -0.0108436 -0.000400671
571.57 -0.0129321 1 -0.0108896 -0.00204247
572.02 -0.0116202 1 -0.0109352 -0.000685007
572.47 -0.0113085 1 -0.0109802 -0.000328282
572.92 -0.013997 1 -0.0110247 -0.00297231
573.37 -0.0116858 1 -0.0110687 -0.000617087
573.83 -0.012368 1 -0.0111132 -0.00125476
574.28 -0.0110573 1 -0.0111562 9.89009e-05
574.73 -0.0127469 1 -0.0111987 -0.00154821
575.18 -0.0124367 1 -0.0112406 -0.00119612
575.63 -0.0121268 1 -0.011282 -0.000844817
576.08 -0.0138172 1 -0.0113229 -0.00249432
576.53 -0.0115078 1 -0.0113632 -0.000144633
576.98 -0.0111987 1 -0.0114029 0.000204236
577.44 -0.013883 1 -0.011443 -0.00244
577.89 -0.0125744 1 -0.0114816 -0.00109281
578.34 -0.0122661 1 -0.0115197 -0.000746455
578.79 -0.0139581 1 -0.0115571 -0.00240095
579.24 -0.0136503 1 -0.011594 -0.0020563
579.69 -0.0113429 1 -0.0116303 0.000287483
580.14 -0.0140357 1 -0.0116661 -0.0023696
580.59 -0.0127287 1 -0.0117012 -0.00102756
581.04 -0.0114221 1 -0.0117357 0.000313602
581.49 -0.0141157 1 -0.0117696 -0.00234613
581.95 -0.0148028 1 -0.0118036 -0.00299922
582.4 -0.0144971 1 -0.0118363 -0.00266077
582.85 -0.0131916 1 -0.0118683 -0.00132322
583.3 -0.0138863 1 -0.0118997 -0.0019866
583.75 -0.0155814 1 -0.0119305 -0.00365089
584.2 -0.0132768 1 -0.0119607 -0.00131611
584.65 -0.0119724 1 -0.0119902 1.77328e-05
585.1 -0.0126684 1 -0.012019 -0.000649363
585.55 -0.0143646 1 -0.0120472 -0.0023174
586 -0.0130612 1 -0.0120748 -0.000986397
586.45 -0.012758 1 -0.0121017 -0.000656348
586.9 -0.0134552 1 -0.0121279 -0.00132726
587.35 -0.0121526 1 -0.0121535 8.54577e-07
587.8 -0.0128504 1 -0.0121784 -0.000672003
588.25 -0.0125485 1 -0.0122026 -0.00034584
588.71 -0.0102401 1 -0.0122267 0.00198655
589.16 -0.0139388 1 -0.0122495 -0.00168928
589.61 -0.0126378 1 -0.0122717 -0.000366111
590.06 -0.0133371 1 -0.0122932 -0.00104394
590.51 -0.0120368 1 -0.012314 0.000277223
590.96 -0.0137367 1 -0.0123341 -0.00140262
591.41 -0.0134369 1 -0.0123535 -0.00108348
591.86 -0.0111375 1 -0.0123722 0.00123464
592.31 -0.0128384 1 -0.0123902 -0.000448267
592.76 -0.0145396 1 -0.0124074 -0.0021322
593.21 -0.0122412 1 -0.012424 0.000182836
593.66 -0.0119431 1 -0.0124399 0.000496835
594.11 -0.0126453 1 -0.0124551 -0.000190207
594.56 -0.0123478 1 -0.0124695 0.000121707
595.01 -0.0120506 1 -0.0124832 0.000432572
595.46 -0.0127538 1 -0.0124962 -0.000257616
595.91 -0.0114574 1 -0.0125085 0.00105114
596.36 -0.0111612 1 -0.0125201 0.00135884
596.81 -0.0108654 1 -0.0125309 0.00166547
597.26 -0.0125699 1 -0.012541 -2.89584e-05
597.71 -0.0122748 1 -0.0125504 0.000275541
598.16 -0.01298 1 -0.012559 -0.000421032
598.61 -0.0126856 1 -0.0125669 -0.000118681
599.06 -0.0123915 1 -0.0125741 0.000182593
599.51 -0.0100978 1 -0.0125805 0.00248279
599.96 -0.0108044 1 -0.0125863 0.00178189
600.41 -0.0105113 1 -0.0125912 0.00207992
600.86 -0.0122186 1 -0.0125955 0.000376852
601.31 -0.0119263 1 -0.012599 0.000672695
601.76 -0.0126343 1 -0.0126017 -3.25538e-05
602.21 -0.0103427 1 -0.0126038 0.0022611
602.65 -0.0110579 1 -0.012605 0.00154717
603.1 -0.0117669 1 -0.0126056 0.000838656
603.55 -0.0114764 1 -0.0126054 0.00112904
604 -0.0111862 1 -0.0126045 0.00141832
604.45 -0.0118964 1 -0.0126029 0.000706502
604.9 -0.0106069 1 -0.0126005 0.00199358
605.35 -0.0123178 1 -0.0125973 0.000279543
605.8 -0.0110291 1 -0.0125935 0.0015644
606.25 -0.00974073 1 -0.0125889 0.00284816
606.7 -0.0114527 1 -0.0125835 0.0011308
607.15 -0.00916514 1 -0.0125775 0.00341233
607.6 -0.0128779 1 -0.0125707 -0.000307248
608.05 -0.0115911 1 -0.0125631 0.000972062
608.5 -0.0123046 1 -0.0125549 0.000250261
608.95 -0.0130185 1 -0.0125458 -0.000472653
609.39 -0.00973914 1 -0.0125363 0.0027972
609.84 -0.00945381 1 -0.0125259 0.00307209
610.29 -0.0121689 1 -0.0125147 0.000345859
610.74 -0.0118843 1 -0.0125028 0.00061852
611.19 -0.0126001 1 -0.0124902 -0.000109932
611.64 -0.0113164 1 -0.0124769 0.0011605
612.09 -0.012033 1 -0.0124628 0.000429828
612.54 -0.01075 1 -0.012448 0.00169804
612.99 -0.0104674 1 -0.0124325 0.00196514
613.44 -0.0121852 1 -0.0124163 0.000231137
613.88 -0.00890966 1 -0.0123998 0.00349015
614.33 -0.00962825 1 -0.0123822 0.00275395
614.78 -0.0113472 1 -0.0123639 0.00101664
615.23 -0.0110666 1 -0.0123449 0.00127823
615.68 -0.0117865 1 -0.0123252 0.000538711
616.13 -0.00950667 1 -0.0123048 0.00279809
616.58 -0.0112273 1 -0.0122837 0.00105637
617.03 -0.0129483 1 -0.0122619 -0.000686453
617.47 -0.00967596 1 -0.0122399 0.00256395
617.92 -0.0123978 1 -0.0122168 -0.000181045
618.37 -0.0121201 1 -0.0121929 7.28667e-05
618.82 -0.0108428 1 -0.0121684 0.00132569
619.27 -0.0135659 1 -0.0121433 -0.00142259
619.72 -0.0122894 1 -0.0121174 -0.000171947
620.17 -0.0120133 1 -0.0120909 7.7606e-05
620.61 -0.0117438 1 -0.0120644 0.000320565
621.06 -0.0124686 1 -0.0120366 -0.000432024
621.51 -0.0111938 1 -0.0120081 0.000814308
621.96 -0.0139195 1 -0.011979 -0.00194044
622.41 -0.0106455 1 -0.0119493 0.00130374
622.86 -0.010372 1 -0.0119189 0.00154685
623.3 -0.010105 1 -0.0118886 0.00178353
623.75 -0.00883239 1 -0.0118569 0.00302453
624.2 -0.0115602 1 -0.0118247 0.000264468
624.65 -0.0112884 1 -0.0117918 0.000503347
625.1 -0.0100171 1 -0.0117583 0.00174117
625.54 -0.0117522 1 -0.0117249 -2.7309e-05
625.99 -0.00948178 1 -0.0116902 0.00220844
626.44 -0.0112118 1 -0.0116549 0.000443135
626.89 -0.0109422 1 -0.011619 0.000676793
627.34 -0.0106731 1 -0.0115825 0.000909411
627.78 -0.0114104 1 -0.0115463 0.00013586
628.23 -0.0121422 1 -0.0115086 -0.000633564
628.68 -0.00987442 1 -0.0114704 0.00159598
629.13 -0.0116071 1 -0.0114316 -0.00017549
629.58 -0.0113403 1 -0.0113923 5.20154e-05
630.02 -0.0120798 1 -0.0113533 -0.000726516
630.47 -0.0108138 1 -0.0113128 0.000498986
630.92 -0.00954834 1 -0.0112718 0.00172348
631.37 -0.0112833 1 -0.0112303 -5.30265e-05
631.81 -0.00902463 1 -0.0111892 0.00216453
632.26 -0.0107605 1 -0.0111466 0.000386056
632.71 -0.0104969 1 -0.0111035 0.000606589
633.16 -0.0112337 1 -0.0110599 -0.000173864
633.61 -0.00997102 1 -0.0110157 0.0010447
634.05 -0.0127146 1 -0.0109721 -0.00174253
634.5 -0.0104529 1 -0.010927 0.000474111
634.95 -0.00919157 1 -0.0108814 0.00168979
635.4 -0.00993077 1 -0.0108353 0.000904499
635.84 -0.00867622 1 -0.0107897 0.00211352
636.29 -0.0104164 1 -0.0107427 0.000326342
636.74 -0.011157 1 -0.0106952 -0.00046178
637.18 -0.0109038 1 -0.0106483 -0.000255521
637.63 -0.00964542 1 -0.0105999 0.000954499
638.08 -0.0103875 1 -0.0105511 0.000163587
638.53 -0.00913004 1 -0.0105018 0.00137175
638.97 -0.0108788 1 -0.0104532 -0.000425609
639.42 -0.00962233 1 -0.0104031 0.000780734
639.87 -0.00936635 1 -0.0103525 0.000986165
640.32 -0.0111109 1 -0.0103016 -0.00080931
640.76 -0.00886154 1 -0.0102513 0.0013898
641.21 -0.00660704 1 -0.0101996 0.00359255
641.66 -0.00835305 1 -0.0101475 0.0017944
642.1 -0.00810518 1 -0.0100961 0.00199092
642.55 -0.00885217 1 -0.0100432 0.00119103
643 -0.0105997 1 -0.00998995 -0.000609728
643.44 -0.00935328 1 -0.00993752 0.000584243
643.89 -0.00810178 1 -0.00988355 0.00178177
644.34 -0.0078508 1 -0.00982923 0.00197844
644.79 -0.00660032 1 -0.00977458 0.00317425
645.23 -0.00735591 1 -0.00972081 0.0023649
645.68 -0.00910645 1 -0.0096655 0.000559045
646.13 -0.00785751 1 -0.00960987 0.00175236
646.57 -0.0086146 1 -0.00955517 0.000940569
647.02 -0.00936669 1 -0.00949893 0.000132244
647.47 -0.00611929 1 -0.00944239 0.0033231
647.91 -0.0088779 1 -0.00938683 0.000508929
648.36 -0.00763154 1 -0.00932973 0.00169818
648.81 -0.00838571 1 -0.00927234 0.000886633
649.25 -0.0101459 1 -0.00921598 -0.000929874
649.7 -0.00990106 1 -0.00915807 -0.000742992
650.15 -0.00965681 1 -0.00909991 -0.000556896
650.59 -0.00941849 1 -0.00904281 -0.000375689
651.04 -0.0101753 1 -0.00898416 -0.00119113
651.48 -0.00693801 1 -0.0089266 0.00198859
651.93 -0.00769587 1 -0.00886751 0.00117163
652.38 -0.00945427 1 -0.00880819 -0.000646078
652.82 -0.00821856 1 -0.00875 0.000531434
653.27 -0.00797803 1 -0.00869027 0.000712242
653.72 -0.00673805 1 -0.00863036 0.00189231
654.16 -0.00850392 1 -0.00857159 6.7666e-05
654.61 -0.00726501 1 -0.0085113 0.00124629
655.06 -0.00802666 1 -0.00845084 0.000424183
655.5 -0.00979413 1 -0.00839156 -0.00140257
655.95 -0.0105569 1 -0.00833078 -0.00222609
656.39 -0.0133254 1 -0.00827119 -0.00505421
656.84 -0.0100892 1 -0.00821011 -0.00187912
657.29 -0.00585362 1 -0.00814889 0.00229527
657.73 -0.00762378 1 -0.0080889 0.000465122
658.18 -0.00638927 1 -0.00802743 0.00163815
658.62 -0.00616052 1 -0.0079672 0.00180668
659.07 -0.00692713 1 -0.0079055 0.000978376
659.52 -0.0066943 1 -0.0078437 0.0011494
659.96 -0.00646719 1 -0.00778317 0.00131598
660.41 -0.00723548 1 -0.00772118 0.000485696
660.85 -0.00700947 1 -0.00766048 0.000651008
661.3 -0.00677889 1 -0.00759833 0.000819436
661.74 -0.00755399 1 -0.00753749 -1.64998e-05
662.19 -0.00832455 1 -0.00747521 -0.000849338
662.64 -0.00709568 1 -0.00741287 0.000317191
663.08 -0.00687246 1 -0.00735187 0.000479412
663.53 -0.00664473 1 -0.00728944 0.000644705
663.97 -0.00842263 1 -0.00722836 -0.00119427
664.42 -0.00819606 1 -0.00716586 -0.0010302
664.86 -0.00597509 1 -0.00710473 0.00112965
665.31 -0.00474967 1 -0.0070422 0.00229252
665.75 -0.00852984 1 -0.00698104 -0.0015488
666.2 -0.00630559 1 -0.00691849 0.000612905
666.65 -0.00608193 1 -0.00685594 0.000774017
667.09 -0.00686381 1 -0.00679479 -6.9016e-05
667.54 -0.00464132 1 -0.00673227 0.00209095
667.98 -0.00542436 1 -0.00667115 0.0012468
668.43 -0.00620305 1 -0.00660868 0.000405627
668.87 -0.00698724 1 -0.00654762 -0.000439619
669.32 -0.00576712 1 -0.00648521 0.000718097
669.76 -0.00655247 1 -0.00642424 -0.00012823
670.21 -0.00533354 1 -0.00636193 0.00102839
670.65 -0.0101201 1 -0.00630106 -0.003819
671.1 -0.00590234 1 -0.00623887 0.000336537
671.54 -0.00369003 1 -0.00617813 0.0024881
671.99 -0.00647351 1 -0.00611608 -0.000357425
672.43 -0.00826239 1 -0.00605549 -0.0022069
672.88 -0.00504708 1 -0.00599361 0.000946534
673.32 -0.00483714 1 -0.00593319 0.00109605
673.77 -0.00862305 1 -0.0058715 -0.00275155
674.21 -0.00641431 1 -0.00581127 -0.000603041
674.66 -0.00520144 1 -0.00574978 0.000548341
675.1 -0.0079939 1 -0.00568977 -0.00230413
675.55 -0.00678227 1 -0.00562851 -0.00115375
675.99 -0.00457593 1 -0.00556874 0.000992803
676.44 -0.00736553 1 -0.00550773 -0.0018578
676.88 -0.00616042 1 -0.00544821 -0.000712207
677.33 -0.00595126 1 -0.00538747 -0.000563786
677.77 -0.00374736 1 -0.00532823 0.00158087
678.22 -0.00653945 1 -0.00526778 -0.00127167
678.66 -0.00633678 1 -0.00520882 -0.00112795
679.11 -0.00613013 1 -0.00514869 -0.00098144
679.55 -0.00392869 1 -0.00509005 0.00116136
679.99 -0.00572786 1 -0.00503156 -0.000696292
680.44 -0.00452309 1 -0.00497192 0.00044883
680.88 -0.00732351 1 -0.00491378 -0.00240972
681.33 -0.00812002 1 -0.0048545 -0.00326552
681.77 -0.00692167 1 -0.00479671 -0.00212496
682.22 -0.00471946 1 -0.0047378 1.8333e-05
682.66 -0.00452238 1 -0.00468038 0.000158007
683.11 -0.00532145 1 -0.00462186 -0.000699591
683.55 -0.00512562 1 -0.00456484 -0.000560788
683.99 -0.00593042 1 -0.00450801 -0.00142241
684.44 -0.00773143 1 -0.0044501 -0.00328133
684.88 -0.00653749 1 -0.00439368 -0.00214381
685.33 -0.0053398 1 -0.0043362 -0.0010036
685.77 -0.00614714 1 -0.00428021 -0.00186693
686.21 -0.00695512 1 -0.00422444 -0.00273068
686.66 -0.00575938 1 -0.00416763 -0.00159175
687.1 -0.00456864 1 -0.00411231 -0.000456335
687.55 -0.00637422 1 -0.00405596 -0.00231826
687.99 -0.00318477 1 -0.0040011 0.000816325
688.44 -0.00599168 1 -0.00394523 -0.00204645
688.88 -0.00480353 1 -0.00389085 -0.000912681
689.32 -0.00361602 1 -0.0038367 0.000220682
689.77 -0.00542491 1 -0.00378157 -0.00164334
690.21 -0.00623871 1 -0.00372792 -0.00251079
690.65 -0.00505316 1 -0.00367452 -0.00137864
691.1 -0.00486406 1 -0.00362016 -0.0012439
691.54 -0.00567982 1 -0.00356727 -0.00211255
691.99 -0.00449207 1 -0.00351344 -0.000978633
692.43 -0.00730915 1 -0.00346106 -0.00384809
692.87 -0.00612689 1 -0.00340896 -0.00271794
693.32 -0.00594117 1 -0.00335594 -0.00258523
693.76 -0.00376024 1 -0.00330436 -0.000455876
694.2 -0.00357997 1 -0.00325306 -0.00032691
694.65 -0.00339629 1 -0.00320087 -0.000195417
695.09 -0.00421736 1 -0.00315012 -0.00106724
695.53 -0.0050391 1 -0.00309965 -0.00193945
695.98 -0.00385748 1 -0.00304831 -0.000809163
696.42 -0.00168057 1 -0.0029984 0.00131784
696.86 -0.00550432 1 -0.00294878 -0.00255555
697.31 -0.00532477 1 -0.00289832 -0.00242645
697.75 -0.00714989 1 -0.00284926 -0.00430062
698.19 -0.00597568 1 -0.0028005 -0.00317518
698.64 -0.00379821 1 -0.00275093 -0.00104728
699.08 -0.00562537 1 -0.00270275 -0.00292262
699.52 -0.00645321 1 -0.00265487 -0.00379834
699.97 -0.00427784 1 -0.00260621 -0.00167164
700.41 -0.00410706 1 -0.00255892 -0.00154814
700.85 -0.00493696 1 -0.00251193 -0.00242503
701.3 -0.00676371 1 -0.00246419 -0.00429952
701.74 -0.004595 1 -0.0024178 -0.00217719
702.18 -0.00342698 1 -0.00237172 -0.00105525
702.63 -0.00525585 1 -0.00232491 -0.00293094
703.07 -0.00408922 1 -0.00227944 -0.00180978
703.51 -0.00292329 1 -0.00223428 -0.000689014
703.96 -0.0027543 1 -0.0021884 -0.000565901
704.4 -0.00358978 1 -0.00214386 -0.00144592
704.84 -0.00442595 1 -0.00209962 -0.00232633
705.28 -0.00526282 1 -0.0020557 -0.00320712
705.73 -0.00409671 1 -0.00201109 -0.00208562
706.17 -0.002935 1 -0.00196779 -0.000967205
706.61 -0.00377399 1 -0.0019248 -0.00184919
707.06 -0.00461005 1 -0.00188116 -0.00272889
707.5 -0.00345047 1 -0.0018388 -0.00161167
707.94 -0.0062916 1 -0.00179675 -0.00449485
708.38 -0.00413344 1 -0.00175502 -0.00237842
708.83 -0.000972423 1 -0.00171266 0.000740242
709.27 -0.0028157 1 -0.00167157 -0.00114414
709.71 -0.0036597 1 -0.00163078 -0.00202891
710.15 -0.00150441 1 -0.00159031 8.59068e-05
710.6 -0.00234633 1 -0.00154925 -0.00079708
711.04 -0.00319249 1 -0.00150942 -0.00168308
711.48 -0.00203938 1 -0.0014699 -0.000569476
711.92 -0.00288698 1 -0.0014307 -0.00145628
712.37 -0.00473187 1 -0.00139093 -0.00334094
712.81 -0.00158094 1 -0.00135237 -0.000228578
713.25 -0.00243074 1 -0.00131412 -0.00111663
713.69 -0.00428127 1 -0.00127618 -0.00300509
714.13 -0.000132523 1 -0.00123856 0.00110604
714.58 -0.00198116 1 -0.00120041 -0.000780743
715.02 -0.00383389 1 -0.00116343 -0.00267046
715.46 -0.00368736 1 -0.00112676 -0.0025606
715.9 -0.00454157 1 -0.0010904 -0.00345117
716.35 -0.00439323 1 -0.00105355 -0.00333968
716.79 -0.000248927 1 -0.00101782 0.000768896
717.23 -0.00110537 1 -0.000982414 -0.000122954
717.67 -0.00196255 1 -0.000947317 -0.00101523
718.11 0.000179522 1 -0.000912531 0.00109205
718.56 -0.00267595 1 -0.000877277 -0.00179867
719 -0.00353538 1 -0.000843119 -0.00269226
719.44 -0.000395566 1 -0.000809272 0.000413705
719.88 -0.0012565 1 -0.000775733 -0.000480767
720.32 -0.00311819 1 -0.000742503 -0.00237568
720.76 -0.000980623 1 -0.000709581 -0.000271042
721.21 -0.00184071 1 -0.000676227 -0.00116449
721.65 -0.00270468 1 -0.000643925 -0.00206076
722.09 -0.000569402 1 -0.000611927 4.25246e-05
722.53 -0.00143488 1 -0.000580233 -0.000854651
722.97 -0.00230113 1 -0.000548843 -0.00175228
723.41 -0.00116813 1 -0.000517755 -0.000650375
723.86 0.000967098 1 -0.000486273 0.00145337
724.3 9.8548e-05 1 -0.000455793 0.000554341
724.74 0.00122923 1 -0.000425613 0.00165484
725.18 0.000359146 1 -0.000395731 0.000754877
725.62 -0.000511709 1 -0.000366147 -0.000145562
726.06 -0.000383335 1 -0.000336858 -4.64773e-05
726.5 -0.00125573 1 -0.000307864 -0.00094787
726.95 -0.000126033 1 -0.000278514 0.000152481
727.39 0 1 -0.000250112 0.000250112
727.83 -0.000874743 1 -0.000222002 -0.000652741
728.27 0.00124974 1 -0.000194181 0.00144392
728.71 0.00137346 1 -0.000166649 0.00154011
729.15 0.00249642 1 -0.000139404 0.00263582
729.59 0.00161862 1 -0.000112445 0.00173106
730.03 -0.000259936 1 -8.57705e-05 -0.000174166
730.48 -0.0001365 1 -5.87825e-05 -7.77171e-05
730.92 0.000983445 1 -3.2679e-05 0.00101612
731.36 0.000102653 1 -6.85584e-06 0.000109509
731.8 -0.000778869 1 1.86886e-05 -0.000797558
732.24 0.00333888 1 4.39557e-05 0.00329493
732.68 0.00145592 1 6.8947e-05 0.00138697
733.12 -0.00142777 1 9.3664e-05 -0.00152143
733.56 0.000687841 1 0.000118108 0.000569733
734 0.00180274 1 0.000142281 0.00166046
734.44 0.00391695 1 0.000166185 0.00375076
734.89 0.00303303 1 0.000190354 0.00284268
735.33 0.00314583 1 0.000213717 0.00293212
735.77 0.00525796 1 0.000236815 0.00502114
736.21 0.0053694 1 0.000259649 0.00510975
736.65 -0.000519831 1 0.000282223 -0.000802053
737.09 0.00459027 1 0.000304536 0.00428574
737.53 0.00469971 1 0.000326591 0.00437312
737.97 0.00280849 1 0.00034839 0.0024601
738.41 0.00591662 1 0.000369933 0.00554669
738.85 0.0050241 1 0.000391224 0.00463288
739.29 0.00513094 1 0.000412263 0.00471868
739.73 0.00323714 1 0.000433052 0.00280409
740.17 0.00434271 1 0.000453594 0.00388912
740.61 0.00444766 1 0.000473889 0.00397377
741.05 0.00455198 1 0.00049394 0.00405804
741.49 0.00465569 1 0.000513748 0.00414194
741.93 0.00375878 1 0.000533316 0.00322547
742.37 0.00386127 1 0.000552644 0.00330863
742.81 0.00396316 1 0.000571735 0.00339143
743.26 0.00606675 1 0.000591016 0.00547574
743.7 0.00416744 1 0.000609633 0.00355781
744.14 0.00326755 1 0.000628017 0.00263953
744.58 0.00236707 1 0.000646172 0.0017209
745.02 0.00346603 1 0.000664098 0.00280193
745.46 0.00456441 1 0.000681798 0.00388261
745.9 0.00366223 1 0.000699274 0.00296295
746.34 0.00475949 1 0.000716526 0.00404296
746.78 0.00585619 1 0.000733558 0.00512263
747.22 0.00295235 1 0.000750371 0.00220198
747.66 0.00404796 1 0.000766967 0.003281
748.1 0.00314304 1 0.000783347 0.00235969
748.54 0.00423758 1 0.000799514 0.00343807
748.98 0.0033316 1 0.00081547 0.00251613
749.42 0.00142509 1 0.000831215 0.000593877
749.86 0.00451807 1 0.000846753 0.00367131
750.29 0.00360844 1 0.000861738 0.0027467
750.73 0.0037004 1 0.00087687 0.00282353
751.17 0.00379187 1 0.0008918 0.00290007
751.61 0.00188284 1 0.000906529 0.00097631
752.05 0.00297332 1 0.00092106 0.00205226
752.49 0.00306331 1 0.000935393 0.00212792
752.93 0.00115282 1 0.000949532 0.000203288
753.37 0.00224185 1 0.000963477 0.00127838
753.81 0.00133042 1 0.000977231 0.000353188
754.25 0.00241852 1 0.000990796 0.00142772
754.69 0.00250616 1 0.00100417 0.00150198
755.13 0.00159334 1 0.00101736 0.000575975
755.57 0.00368007 1 0.00103037 0.0026497
756.01 0.00176636 1 0.0010432 0.000723164
756.45 0.00285221 1 0.00105584 0.00179637
756.89 0.00293763 1 0.00106831 0.00186932
757.33 0.00302261 1 0.0010806 0.00194201
757.77 0.00210717 1 0.00109271 0.00101446
758.21 0.00419132 1 0.00110466 0.00308666
758.64 -0.000726852 1 0.00111616 -0.00184301
759.08 0.000356478 1 0.00112777 -0.000771288
759.52 0.00443941 1 0.0011392 0.0033002
759.96 0.00452193 1 0.00115048 0.00337146
760.4 0.00260407 1 0.00116158 0.00144249
760.84 0.00268582 1 0.00117253 0.00151329
761.28 0.000767185 1 0.00118331 -0.000416127
761.72 0.000848174 1 0.00119394 -0.000345764
762.16 0.00092879 1 0.00120441 -0.000275616
762.6 0.00300904 1 0.00121472 0.00179432
763.03 0.00108712 1 0.00122465 -0.000137533
763.47 0.00316666 1 0.00123466 0.001932
763.91 0.00124584 1 0.00124452 1.32249e-06
764.35 0.00132469 1 0.00125423 7.04522e-05
764.79 -0.000596813 1 0.0012638 -0.00186061
765.23 -0.000518649 1 0.00127322 -0.00179187
765.67 0.000559186 1 0.0012825 -0.00072331
766.11 -0.000363306 1 0.00129163 -0.00165494
766.54 -0.00228787 1 0.00130042 -0.00358829
766.98 0.000789013 1 0.00130928 -0.000520269
767.42 0.00186558 1 0.001318 0.000547579
767.86 -0.00205815 1 0.00132659 -0.00338474
768.3 0.00201781 1 0.00133504 0.00068277
768.74 0.00409349 1 0.00134337 0.00275012
769.17 0.00116716 1 0.00135137 -0.000184214
769.61 0.00124226 1 0.00135944 -0.000117174
770.05 0.00131709 1 0.00136738 -5.02863e-05
770.49 0.00239164 1 0.00137519 0.00101645
770.93 0.00346592 1 0.00138288 0.00208305
771.37 -0.00146006 1 0.00139044 -0.0028505
771.8 -0.00138797 1 0.00139772 -0.00278568
772.24 -0.00231445 1 0.00140504 -0.0037195
772.68 0.000758814 1 0.00141225 -0.00065344
773.12 -0.000168162 1 0.00141935 -0.00158751
773.56 0.000904624 1 0.00142632 -0.0005217
774 -0.00202282 1 0.00143319 -0.00345601
774.43 -0.00195214 1 0.00143979 -0.00339192
774.87 0.00111997 1 0.00144643 -0.000326459
775.31 0.00219187 1 0.00145297 0.0007389
775.75 -0.000736451 1 0.00145939 -0.00219585
776.19 0.00133502 1 0.00146571 -0.000130691
776.62 -0.00059532 1 0.00147179 -0.00206711
777.06 0.00247576 1 0.0014779 0.000997857
777.5 -0.00245335 1 0.00148392 -0.00393726
777.94 -0.00138264 1 0.00148983 -0.00287247
778.37 0.00268628 1 0.00149551 0.00119077
778.81 0.00175663 1 0.00150123 0.000255409
779.25 -0.000173183 1 0.00150685 -0.00168003
779.69 0.000896835 1 0.00151237 -0.000615534
780.13 0.000966692 1 0.0015178 -0.000551107
780.56 -0.00296519 1 0.00152302 -0.0044882
781 0.000104369 1 0.00152826 -0.00142389
781.44 0.00117378 1 0.00153342 -0.000359639
781.88 0.00424305 1 0.00153849 0.00270457
782.31 0.000310623 1 0.00154336 -0.00123273
782.75 -0.000620364 1 0.00154825 -0.00216862
783.19 0.00144852 1 0.00155306 -0.00010454
783.63 -0.00348271 1 0.00155779 -0.0050405
784.06 -0.000415608 1 0.00156233 -0.00197794
784.5 0.00565294 1 0.0015669 0.00408605
784.94 -0.000278609 1 0.00157138 -0.00184999
785.37 0.000788188 1 0.00157568 -0.000787496
785.81 0.00385645 1 0.00158001 0.00227643
786.25 0.00292462 1 0.00158426 0.00134035
786.69 -0.00200729 1 0.00158844 -0.00359573
787.12 5.91735e-05 1 0.00159245 -0.00153327
787.56 -0.00187289 1 0.00159648 -0.00346936
788 0.000194988 1 0.00160043 -0.00140544
788.43 0.00126126 1 0.00160423 -0.000342969
788.87 -0.00267098 1 0.00160804 -0.00427903
789.31 -0.000603279 1 0.00161179 -0.00221507
789.75 0.000464379 1 0.00161547 -0.00115109
790.18 -0.00046954 1 0.001619 -0.00208854
790.62 -0.00140196 1 0.00162255 -0.0030245
791.06 -0.00133441 1 0.00162603 -0.00296043
791.49 -0.00326842 1 0.00162937 -0.00489778
791.93 -0.00120091 1 0.00163272 -0.00283363
792.37 0.00286658 1 0.00163602 0.00123056
792.8 -0.00206747 1 0.00163917 -0.00370665
793.24 0 1 0.00164235 -0.00164235
793.68 -0.000932525 1 0.00164546 -0.00257799
794.11 0.00013342 1 0.00164845 -0.00151503
794.55 0.00220091 1 0.00165145 0.000549463
794.99 -0.000731584 1 0.00165439 -0.00238597
795.42 -0.00166559 1 0.00165721 -0.00332281
795.86 0.00240196 1 0.00166005 0.000741912
796.3 0.00046954 1 0.00166283 -0.00119329
796.73 0.00153562 1 0.00166549 -0.00012987
797.17 -0.00139672 1 0.00166817 -0.00306489
797.61 -0.00232902 1 0.00167079 -0.00399981
798.04 -0.0042628 1 0.00167331 -0.00593611
798.48 0.000805012 1 0.00167583 -0.00087082
798.91 -0.000128658 1 0.00167825 -0.00180691
799.35 -6.07184e-05 1 0.00168068 -0.0017414
799.79 0.00300729 1 0.00168307 0.00132423
800.22 7.38334e-05 1 0.00168535 -0.00161152
800.66 -0.002858 1 0.00168764 -0.00454564
801.1 0.00221026 1 0.00168989 0.000520373
