500.34 0.0020131 1 -0.00125474 0.00326784
500.8 0.0012996 1 -0.00128752 0.00258712
501.25 0.00257987 1 -0.00132022 0.00390008
501.71 0.000866378 1 -0.00135427 0.00222065
502.17 0.00115289 1 -0.00138898 0.00254187
502.62 0.00343318 1 -0.00142357 0.00485675
503.08 0.000719705 1 -0.00145958 0.00217929
503.53 0 1 -0.00149545 0.00149545
503.99 0.000286524 1 -0.00153278 0.00181931
504.44 -0.000433183 1 -0.00156996 0.00113677
504.9 -0.000146664 1 -0.00160863 0.00146196
505.36 -0.00186015 1 -0.00164798 -0.00021217
505.81 -0.000579869 1 -0.00168714 0.00110727
506.27 -0.000293367 1 -0.00172785 0.00143449
506.72 -1.3102e-05 1 -0.00176835 0.00175525
507.18 -0.00172662 1 -0.00181044 8.38159e-05
507.63 -0.00244638 1 -0.00185228 -0.000594095
508.09 -0.00115992 1 -0.00189575 0.00073583
508.54 -0.0018797 1 -0.00193895 5.92489e-05
509 -0.00259327 1 -0.00198381 -0.000609466
509.45 -0.000313089 1 -0.00202837 0.00171528
509.91 -0.0020267 1 -0.00207463 4.79286e-05
510.36 -0.00374655 1 -0.00212056 -0.00162599
510.82 -0.0024602 1 -0.00216821 -0.000291991
511.27 -0.000180101 1 -0.00221551 0.00203541
511.73 -0.000893799 1 -0.00226456 0.00137076
512.19 -0.00260752 1 -0.00231432 -0.000293202
512.64 -0.0033275 1 -0.00236368 -0.000963817
513.1 -0.00104128 1 -0.00241483 0.00137355
513.55 0.00123869 1 -0.00246556 0.00370424
514.01 -0.00347516 1 -0.0025181 -0.000957061
514.46 -0.00219526 1 -0.00257017 0.000374915
514.92 -0.000909167 1 -0.00262409 0.00171492
515.37 -0.00162933 1 -0.00267751 0.00104817
515.83 -0.00234332 1 -0.00273279 0.000389471
516.28 -0.00406356 1 -0.00278753 -0.00127603
516.73 -0.00278384 1 -0.00284293 5.90872e-05
517.19 -0.00149795 1 -0.00290022 0.00140227
517.64 -0.00421831 1 -0.00295692 -0.00126139
518.1 -0.00293251 1 -0.00301553 8.30226e-05
518.55 -0.00465296 1 -0.00307351 -0.00157946
519.01 -0.00236725 1 -0.00313342 0.000766161
519.46 -0.0060878 1 -0.00319264 -0.00289516
519.92 -0.00380219 1 -0.00325382 -0.000548375
520.37 -0.00552284 1 -0.00331427 -0.00220857
520.83 -0.00323734 1 -0.00337668 0.000139342
521.28 -0.00395809 1 -0.00343832 -0.00051977
521.74 -0.0036727 1 -0.00350193 -0.000170768
522.19 -0.00339357 1 -0.00356473 0.000171164
522.65 -0.00310829 1 -0.0036295 0.00052121
523.1 -0.00582928 1 -0.00369342 -0.00213586
523.55 -0.00355033 1 -0.00375787 0.000207545
524.01 -0.00326524 1 -0.0038243 0.00055906
524.46 -0.00598641 1 -0.0038898 -0.00209661
524.92 -0.00670145 1 -0.00395727 -0.00274418
525.37 -0.00642275 1 -0.00402377 -0.00239898
525.83 -0.00413794 1 -0.00409224 -4.56914e-05
526.28 -0.00385938 1 -0.00415969 0.000300317
526.73 -0.00558089 1 -0.00422759 -0.0013533
527.19 -0.00429628 1 -0.00429745 1.16259e-06
527.64 -0.00201794 1 -0.00436621 0.00234827
528.1 -0.00373349 1 -0.00443691 0.000703425
528.55 -0.0054553 1 -0.00450648 -0.000948822
529.01 -0.00517101 1 -0.00457797 -0.000593035
529.46 -0.00789297 1 -0.00464827 -0.0032447
529.91 -0.00461502 1 -0.00471891 0.00010389
530.37 -0.00533097 1 -0.00479145 -0.000539522
530.82 -0.00605318 1 -0.00486272 -0.00119046
531.28 -0.00576931 1 -0.00493587 -0.000833439
531.73 -0.00649169 1 -0.0050077 -0.00148399
532.18 -0.00421416 1 -0.00507978 0.000865617
532.64 -0.00493056 1 -0.0051537 0.00022314
533.09 -0.00665321 1 -0.00522622 -0.00142699
533.54 -0.00737595 1 -0.00529893 -0.00207702
534 -0.00809262 1 -0.00537343 -0.00271919
534.45 -0.00281555 1 -0.00544646 0.00263091
534.91 -0.00453242 1 -0.00552124 0.000988821
535.36 -0.00525555 1 -0.00559451 0.000338961
535.81 -0.00797877 1 -0.00566785 -0.00231091
536.27 -0.00669594 1 -0.00574289 -0.000953047
536.72 -0.00541936 1 -0.00581634 0.000396976
537.17 -0.00514289 1 -0.0058898 0.000746912
537.63 -0.00886038 1 -0.00596489 -0.00289549
538.08 -0.00758412 1 -0.00603831 -0.00154581
538.54 -0.00530182 1 -0.00611331 0.000811482
538.99 -0.00702578 1 -0.00618659 -0.000839186
539.44 -0.00574984 1 -0.00625977 0.000509933
539.9 -0.00646789 1 -0.00633445 -0.000133436
540.35 -0.00819217 1 -0.00640735 -0.00178483
540.8 -0.00891657 1 -0.00648007 -0.00243651
541.26 -0.00563497 1 -0.00655419 0.000919223
541.71 -0.00735961 1 -0.00662648 -0.000733128
542.16 -0.00708436 1 -0.00669851 -0.00038585
542.62 -0.00780312 1 -0.00677185 -0.00103127
543.07 -0.00552811 1 -0.00684329 0.00131518
543.52 -0.00625323 1 -0.0069144 0.000661168
543.98 -0.00597236 1 -0.00698671 0.00101435
544.43 -0.00769773 1 -0.00705707 -0.000640657
544.88 -0.00842322 1 -0.00712702 -0.0012962
545.34 -0.00614275 1 -0.00719807 0.00105533
545.79 -0.0068685 1 -0.00726711 0.000398616
546.24 -0.00859438 1 -0.00733567 -0.00125871
546.69 -0.00432039 1 -0.0074037 0.00308331
547.15 -0.0100405 1 -0.00747269 -0.00256776
547.6 -0.00776674 1 -0.00753961 -0.000227134
548.05 -0.00749316 1 -0.00760593 0.000112768
548.51 -0.0102136 1 -0.00767308 -0.00254056
548.96 -0.00794034 1 -0.00773812 -0.00020222
549.41 -0.00866718 1 -0.00780248 -0.000864692
549.86 -0.00939416 1 -0.00786615 -0.001528
550.32 -0.00511521 1 -0.00793048 0.00281527
550.77 -0.00784248 1 -0.00799266 0.000150176
551.22 -0.0075699 1 -0.00805406 0.000484161
551.68 -0.0102914 1 -0.00811599 -0.00217541
552.13 -0.00601912 1 -0.00817575 0.00215663
552.58 -0.011747 1 -0.00823465 -0.00351234
553.03 -0.009475 1 -0.00829267 -0.00118233
553.49 -0.00619713 1 -0.00835105 0.00215393
553.94 -0.00692545 1 -0.00840723 0.00148178
554.39 -0.00865393 1 -0.00846245 -0.000191474
554.84 -0.00738256 1 -0.00851671 0.00113414
555.3 -0.00710533 1 -0.00857113 0.0014658
555.75 -0.00783429 1 -0.00862335 0.000789058
556.2 -0.00856341 1 -0.00867452 0.00011111
556.65 -0.00929269 1 -0.00872462 -0.000568065
557.11 -0.00901612 1 -0.00877472 -0.000241404
557.56 -0.00874573 1 -0.0088226 7.68677e-05
558.01 -0.00647551 1 -0.00886935 0.00239384
558.46 -0.00620546 1 -0.00891495 0.0027095
558.92 -0.00992958 1 -0.00896036 -0.000969216
559.37 -0.00865987 1 -0.00900357 0.000343707
559.82 -0.00739033 1 -0.00904557 0.00165525
560.27 -0.00812096 1 -0.00908635 0.000965385
560.72 -0.00885177 1 -0.00912587 0.0002741
561.18 -0.00857678 1 -0.00916497 0.000588184
561.63 -0.00830795 1 -0.00920191 0.000893963
562.08 -0.0100393 1 -0.00923756 -0.000801738
562.53 -0.00777082 1 -0.00927189 0.00150106
562.99 -0.00749657 1 -0.0093056 0.00180903
563.44 -0.00622847 1 -0.00933722 0.00310875
563.89 -0.00896055 1 -0.00936748 0.000406931
564.34 -0.00769281 1 -0.00939636 0.00170355
564.79 -0.00742527 1 -0.00942385 0.00199858
565.25 -0.00915197 1 -0.0094505 0.000298532
565.7 -0.00988481 1 -0.00947514 -0.000409661
566.15 -0.00961783 1 -0.00949836 -0.000119472
566.6 -0.0103511 1 -0.00952014 -0.000830913
567.05 -0.00908447 1 -0.00954047 0.000456004
567.5 -0.00681808 1 -0.00955935 0.00274127
567.96 -0.010546 1 -0.00957713 -0.000968844
568.41 -0.00927998 1 -0.00959303 0.000313051
568.86 -0.00901419 1 -0.00960746 0.000593264
569.31 -0.0127486 1 -0.00962039 -0.00312821
569.76 -0.00948322 1 -0.00963184 0.000148616
570.21 -0.00821804 1 -0.00964178 0.00142374
570.67 -0.00894718 1 -0.00965039 0.000703213
571.12 -0.00868241 1 -0.00965729 0.000974875
571.57 -0.0104179 1 -0.00966267 -0.000755182
572.02 -0.0101535 1 -0.00966654 -0.000486962
572.47 -0.00988937 1 -0.0096689 -0.000220468
572.92 -0.00762544 1 -0.00966974 0.0020443
573.37 -0.00836173 1 -0.00966906 0.00130733
573.83 -0.0100924 1 -0.0096668 -0.000425581
574.28 -0.00882911 1 -0.00966306 0.00083395
574.73 -0.00956606 1 -0.0096578 9.17494e-05
575.18 -0.00930322 1 -0.00965104 0.000347818
575.63 -0.0080406 1 -0.00964276 0.00160216
576.08 -0.0107782 1 -0.00963298 -0.00114523
576.53 -0.00951604 1 -0.0096217 0.000105661
576.98 -0.00925409 1 -0.00960892 0.000354832
577.44 -0.00898656 1 -0.00959433 0.000607767
577.89 -0.00972507 1 -0.00957855 -0.000146524
578.34 -0.0114638 1 -0.00956129 -0.00190252
578.79 -0.0102028 1 -0.00954258 -0.00066021
579.24 -0.010942 1 -0.0095224 -0.00141959
579.69 -0.0106814 1 -0.00950077 -0.00118065
580.14 -0.0114211 1 -0.00947771 -0.00194339
580.59 -0.011161 1 -0.00945322 -0.00170778
581.04 -0.0109012 1 -0.00942732 -0.00147383
581.49 -0.0116415 1 -0.00940001 -0.00224153
581.95 -0.0103764 1 -0.00937065 -0.00100574
582.4 -0.0111173 1 -0.00934054 -0.00177672
582.85 -0.00985838 1 -0.00930907 -0.000549312
583.3 -0.0115997 1 -0.00927625 -0.00232349
583.75 -0.0123413 1 -0.00924209 -0.00309925
584.2 -0.0100832 1 -0.00920662 -0.00087658
584.65 -0.0098253 1 -0.00916984 -0.000655458
585.1 -0.00956764 1 -0.00913177 -0.000435871
585.55 -0.00931025 1 -0.00909244 -0.000217805
586 -0.0080531 1 -0.00905186 0.000998758
586.45 -0.00979621 1 -0.00901004 -0.000786165
586.9 -0.00853957 1 -0.00896701 0.000427442
587.35 -0.00828319 1 -0.00892279 0.000639598
587.8 -0.0100271 1 -0.00887739 -0.00114968
588.25 -0.0107712 1 -0.00883083 -0.00194037
588.71 -0.00850992 1 -0.00878207 0.000272149
589.16 -0.00925459 1 -0.00873325 -0.000521342
589.61 -0.00999952 1 -0.00868333 -0.00131619
590.06 -0.00974471 1 -0.00863234 -0.00111237
590.51 -0.00749017 1 -0.00858031 0.00109014
590.96 -0.0082359 1 -0.00852725 0.000291351
591.41 -0.0099819 1 -0.0084732 -0.00150871
591.86 -0.00772817 1 -0.00841816 0.000689988
592.31 -0.00947471 1 -0.00836217 -0.00111254
592.76 -0.00922153 1 -0.00830525 -0.000916281
593.21 -0.00696862 1 -0.00824742 0.0012788
593.66 -0.00771598 1 -0.00818871 0.000472725
594.11 -0.00746363 1 -0.00812914 0.000665514
594.56 -0.00921155 1 -0.00806874 -0.00114281
595.01 -0.00795975 1 -0.00800753 4.77797e-05
595.46 -0.00770823 1 -0.00794554 0.000237304
595.91 -0.007457 1 -0.00788279 0.000425789
596.36 -0.00820605 1 -0.00781931 -0.000386742
596.81 -0.00595539 1 -0.00775513 0.00179974
597.26 -0.00670502 1 -0.00769026 0.000985245
597.71 -0.00745493 1 -0.00762474 0.000169813
598.16 -0.00720513 1 -0.0075586 0.000353463
598.61 -0.00595563 1 -0.00749185 0.00153622
599.06 -0.00670642 1 -0.00742453 0.000718108
599.51 -0.0064575 1 -0.00735665 0.000899153
599.96 -0.00520888 1 -0.00728826 0.00207938
600.41 -0.00596055 1 -0.00721937 0.00125881
600.86 -0.00571253 1 -0.00715 0.00143747
601.31 -0.0064648 1 -0.00708019 0.000615393
601.76 -0.00721738 1 -0.00700997 -0.000207407
602.21 -0.00597025 1 -0.00693935 0.000969097
602.65 -0.00672891 1 -0.00686995 0.000141031
603.1 -0.00448239 1 -0.00679863 0.00231623
603.55 -0.00723618 1 -0.006727 -0.000509185
604 -0.00599027 1 -0.00665507 0.000664799
604.45 -0.00774468 1 -0.00658289 -0.00116179
604.9 -0.00449939 1 -0.00651046 0.00201107
605.35 -0.00625442 1 -0.00643782 0.000183404
605.8 -0.00400976 1 -0.006365 0.00235524
606.25 -0.00476541 1 -0.00629201 0.00152659
606.7 -0.00652139 1 -0.00621888 -0.000302508
607.15 -0.00527767 1 -0.00614563 0.000867959
607.6 -0.00803428 1 -0.0060723 -0.00196198
608.05 -0.00679121 1 -0.0059989 -0.000792313
608.5 -0.00654846 1 -0.00592546 -0.000623007
608.95 -0.00530604 1 -0.00585199 0.000545957
609.39 -0.00406931 1 -0.00578017 0.00171086
609.84 -0.00582753 1 -0.00570673 -0.000120796
610.29 -0.00558607 1 -0.00563335 4.72747e-05
610.74 -0.00434495 1 -0.00556004 0.00121509
611.19 -0.00610415 1 -0.00548681 -0.000617339
611.64 -0.00386369 1 -0.00541371 0.00155002
612.09 -0.00462356 1 -0.00534073 0.000717175
612.54 -0.00438376 1 -0.00526791 0.000884154
612.99 -0.0031443 1 -0.00519527 0.00205097
613.44 -0.00490517 1 -0.00512282 0.00021765
613.88 -0.00367169 1 -0.0050522 0.0013805
614.33 -0.00443324 1 -0.00498019 0.000546953
614.78 -0.00619513 1 -0.00490844 -0.00128669
615.23 -0.00595736 1 -0.00483696 -0.0011204
615.68 -0.00471993 1 -0.00476576 4.58298e-05
616.13 -0.00448285 1 -0.00469487 0.000212018
616.58 -0.00424612 1 -0.0046243 0.000378179
617.03 -0.00300973 1 -0.00455406 0.00154433
617.47 -0.00377894 1 -0.00448572 0.000706783
617.92 -0.00554325 1 -0.00441619 -0.00112705
618.37 -0.00530791 1 -0.00434704 -0.000960868
618.82 -0.00407292 1 -0.00427827 0.000205355
619.27 -0.00583829 1 -0.00420991 -0.00162838
619.72 -0.00460401 1 -0.00414196 -0.000462052
620.17 -0.0073701 1 -0.00407443 -0.00329566
620.61 -0.00614173 1 -0.00400882 -0.0021329
621.06 -0.00590852 1 -0.00394215 -0.00196637
621.51 -0.00467568 1 -0.00387592 -0.000799755
621.96 -0.0034432 1 -0.00381014 0.000366944
622.41 -0.00121108 1 -0.00374481 0.00253373
622.86 -0.00397933 1 -0.00367993 -0.000299403
623.3 -0.00375309 1 -0.00361693 -0.000136162
623.75 -0.00252207 1 -0.00355294 0.00103087
624.2 -0.00529142 1 -0.00348939 -0.00180203
624.65 -0.00506114 1 -0.00342627 -0.00163487
625.1 -0.00283123 1 -0.00336358 0.000532343
625.54 -0.0036068 1 -0.00330268 -0.000304123
625.99 -0.00337764 1 -0.00324078 -0.000136853
626.44 -0.00414885 1 -0.00317926 -0.000969585
626.89 -0.00392044 1 -0.0031181 -0.000802344
627.34 -0.00169241 1 -0.00305726 0.00136484
627.78 -0.00446982 1 -0.00299805 -0.00147177
628.23 -0.00424255 1 -0.00293775 -0.0013048
628.68 -0.00401566 1 -0.00287767 -0.00113799
629.13 -0.00578916 1 -0.00281776 -0.00297139
629.58 -0.00356304 1 -0.00275797 -0.000805066
630.02 -0.00334232 1 -0.00269957 -0.000642751
630.47 -0.00311698 1 -0.00263984 -0.000477134
630.92 -0.00389202 1 -0.00258004 -0.00131198
631.37 -0.00466746 1 -0.0025201 -0.00214736
631.81 -0.00344826 1 -0.00246126 -0.000987007
632.26 -0.00322448 1 -0.00240076 -0.000823717
632.71 -0.00100109 1 -0.00233985 0.00133876
633.16 -0.0027781 1 -0.00227842 -0.000499688
633.61 -0.00355551 1 -0.00221634 -0.00133917
634.05 -0.00433826 1 -0.00215491 -0.00218335
634.5 -0.00211646 1 -0.00209121 -2.52537e-05
634.95 -0.00189507 1 -0.00202648 0.000131412
635.4 -0.00167408 1 -0.00196058 0.000286504
635.84 0.0015416 1 -0.00189488 0.00343648
636.29 -0.00223821 1 -0.00182622 -0.000411995
636.74 -0.00101844 1 -0.00175592 0.000737479
637.18 -0.000803943 1 -0.00168543 0.000881483
637.63 -0.00158498 1 -0.00161137 2.63903e-05
638.08 -0.00136643 1 -0.00153515 0.00016872
638.53 -0.0011483 1 -0.00145658 0.000308286
638.97 -0.000935412 1 -0.00137731 0.000441899
639.42 -0.0017181 1 -0.00129355 -0.000424553
639.87 0.000498792 1 -0.00120688 0.00170567
640.32 -0.00128474 1 -0.00111712 -0.000167613
640.76 0.000926519 1 -0.0010262 0.00195272
641.21 -0.000857843 1 -0.0009298 7.19565e-05
641.66 0.00135737 1 -0.000829789 0.00218716
642.1 0.000567391 1 -0.000728354 0.00129574
642.55 -0.00121824 1 -0.000620738 -0.0005975
643 -4.29517e-06 1 -0.00050907 0.000504775
643.44 -0.000795522 1 -0.00039585 -0.000399672
643.89 0.00141757 1 -0.000275833 0.0016934
644.34 -0.00036977 1 -0.000151464 -0.000218306
644.79 0.000842456 1 -2.26856e-05 0.000865142
645.23 -0.000950454 1 0.000107526 -0.00105798
645.68 0.00326091 1 0.000245095 0.00301581
646.13 0.00147184 1 0.000387089 0.00108475
646.57 0.00267765 1 0.000530151 0.0021475
647.02 0.000887707 1 0.000680699 0.000207009
647.47 0.00409732 1 0.000835405 0.00326192
647.91 0.00130185 1 0.000990541 0.000311309
648.36 0.00251059 1 0.00115296 0.00135762
648.81 0.00171888 1 0.00131896 0.000399918
649.25 0.00192211 1 0.00148445 0.000437654
649.7 0.00112951 1 0.00165666 -0.000527147
650.15 0.000336464 1 0.0018315 -0.00149503
650.59 0.00253838 1 0.00200462 0.000533763
651.04 0.00174444 1 0.00218347 -0.000439031
651.48 0.00394548 1 0.00235966 0.00158582
651.93 0.00215064 1 0.00254071 -0.000390066
652.38 0.00135534 1 0.00272208 -0.00136673
652.82 0.00355506 1 0.00289919 0.000655861
653.27 0.00375885 1 0.00307952 0.000679327
653.72 0.00396218 1 0.00325842 0.000703765
654.16 0.00216055 1 0.00343134 -0.00127079
654.61 0.00536297 1 0.00360551 0.00175746
655.06 0.00256492 1 0.00377631 -0.00121139
655.5 0.00176193 1 0.00393941 -0.00217748
655.95 0.00296296 1 0.00410156 -0.0011386
656.39 -0.00184093 1 0.00425492 -0.00609585
656.84 0.00235916 1 0.0044058 -0.00204663
657.29 0.00655879 1 0.00455001 0.00200878
657.73 0.00575352 1 0.00468396 0.00106956
658.18 0.00295221 1 0.00481314 -0.00186093
658.62 0.00314602 1 0.00493126 -0.00178524
659.07 0.00334376 1 0.00504315 -0.00169939
659.52 0.00554103 1 0.00514553 0.000395494
659.96 0.00573345 1 0.005236 0.000497444
660.41 0.00692976 1 0.00531826 0.0016115
660.85 0.00512124 1 0.0053883 -0.000267059
661.3 0.0053166 1 0.00544901 -0.000132414
661.74 0.00550715 1 0.00549745 9.6905e-06
662.19 0.00470154 1 0.00553564 -0.0008341
662.64 0.00789544 1 0.00556221 0.00233323
663.08 0.00508457 1 0.0055769 -0.000492328
663.53 0.0042775 1 0.00558036 -0.00130286
663.97 0.00546567 1 0.00557251 -0.000106834
664.42 0.00565763 1 0.0055531 0.000104531
664.86 0.00584485 1 0.00552318 0.000321665
665.31 0.00603582 1 0.00548163 0.000554197
665.75 0.00522208 1 0.00543058 -0.0002085
666.2 0.00541207 1 0.00536806 4.40068e-05
666.65 0.00560156 1 0.00529553 0.000306025
667.09 0.00478635 1 0.00521538 -0.000429026
667.54 0.00697485 1 0.00512445 0.0018504
667.98 0.00515866 1 0.0050273 0.000131361
668.43 0.00434616 1 0.0049201 -0.00057394
668.87 0.00452899 1 0.00480818 -0.000279186
669.32 0.00471548 1 0.00468709 2.83951e-05
669.76 0.00389733 1 0.00456283 -0.000665495
670.21 0.00508281 1 0.00443041 0.000652398
670.65 0.00326367 1 0.00429638 -0.00103271
671.1 0.00444813 1 0.0041553 0.000292832
671.54 0.00562799 1 0.00401411 0.00161389
671.99 0.00381143 1 0.00386704 -5.56099e-05
672.43 0.00399029 1 0.00372129 0.000269006
672.88 0.00517271 1 0.00357086 0.00160185
673.32 0.00535056 1 0.00342304 0.00192752
673.77 0.00253194 1 0.00327172 -0.000739788
674.21 0.00270878 1 0.00312419 -0.000415415
674.66 0.00388912 1 0.00297429 0.000914831
675.1 0.00306494 1 0.00282917 0.000235771
675.55 0.00324424 1 0.00268273 0.000561508
675.99 0.00441904 1 0.00254191 0.00187713
676.44 0.00459728 1 0.00240072 0.00219657
676.88 0.00477106 1 0.00226579 0.00250527
677.33 0.00194825 1 0.00213133 -0.00018308
677.77 0.00412099 1 0.0020036 0.00211739
678.22 0.00229712 1 0.00187705 0.000420071
678.66 0.000468816 1 0.00175751 -0.0012887
679.11 0.00164388 1 0.00163975 4.13434e-06
679.55 0.00181454 1 0.00152912 0.000285413
679.99 0.00198467 1 0.00142308 0.000561595
680.44 0.00415814 1 0.00131943 0.0028387
680.88 0.00232722 1 0.00122284 0.00110438
681.33 0.000499606 1 0.00112893 -0.000629325
681.77 -0.000332369 1 0.00104186 -0.00137423
682.22 0.000838933 1 0.000957632 -0.0001187
682.66 5.8955e-06 1 0.000879934 -0.000874039
683.11 0.00117611 1 0.00080515 0.000370957
683.55 0.000342001 1 0.000736506 -0.000394505
683.99 -0.00249263 1 0.000672176 -0.00316481
684.44 -0.00232406 1 0.000610715 -0.00293478
684.88 -0.00215977 1 0.000554713 -0.00271449
685.33 -0.0019923 1 0.00050147 -0.00249377
685.77 0.000170903 1 0.000453194 -0.000282291
686.21 -0.00466643 1 0.000408496 -0.00507492
686.66 -0.00250062 1 0.00036631 -0.00286693
687.1 -0.00133904 1 0.000328339 -0.00166737
687.55 -0.00217434 1 0.000292678 -0.00246702
687.99 -0.00101386 1 0.000260739 -0.00127459
688.44 0.000149716 1 0.000230893 -8.11772e-05
688.88 -0.0016909 1 0.000204296 -0.00189519
689.32 -0.000532058 1 0.000180092 -0.00071215
689.77 -0.00337017 1 0.000157645 -0.00352782
690.21 -0.00221244 1 0.000137798 -0.00235024
690.65 -0.00205526 1 0.000119875 -0.00217513
691.1 -0.00189507 1 0.000103388 -0.00199846
691.54 -0.00473901 1 8.89287e-05 -0.00482794
691.99 -0.00257997 1 7.57025e-05 -0.00265567
692.43 -0.00342502 1 6.41712e-05 -0.00348919
692.87 -0.00327063 1 5.39069e-05 -0.00332454
693.32 -0.00111331 1 4.46049e-05 -0.00115791
693.76 -0.000960048 1 3.65729e-05 -0.000996621
694.2 0.000192652 1 2.94949e-05 0.000163157
694.65 -0.00265176 1 2.31487e-05 -0.00267491
695.09 -0.00250019 1 1.77309e-05 -0.00251793
695.53 -0.0043492 1 1.30136e-05 -0.00436221
695.98 -0.00519535 1 8.83908e-06 -0.00520419
696.42 -0.00204549 1 5.32583e-06 -0.00205082
696.86 -0.00289621 1 2.31392e-06 -0.00289852
697.31 -0.00574412 1 -3.05328e-07 -0.00574381
697.75 -0.00459598 1 -2.46669e-06 -0.00459352
698.19 -0.00644842 1 -4.27884e-06 -0.00644414
698.64 -0.0032981 1 -5.81405e-06 -0.00329229
699.08 -0.0031517 1 -7.04212e-06 -0.00314466
699.52 -0.00400587 1 -8.03411e-06 -0.00399784
699.97 -0.00385733 1 -8.83588e-06 -0.0038485
700.41 -0.00271268 1 -9.43933e-06 -0.00270324
700.85 -0.0025686 1 -9.88859e-06 -0.00255871
701.3 -0.00542185 1 -1.02109e-05 -0.00541164
701.74 -0.00427895 1 -1.04114e-05 -0.00426854
702.18 -0.00313663 1 -1.05153e-05 -0.00312612
702.63 -0.00499169 1 -1.05373e-05 -0.00498115
703.07 -0.00385055 1 -1.04897e-05 -0.00384006
703.51 -0.000710009 1 -1.03851e-05 -0.000699624
703.96 -0.00256688 1 -1.02297e-05 -0.00255665
704.4 -0.00442753 1 -1.00392e-05 -0.00441749
704.84 -0.00328877 1 -9.81813e-06 -0.00327895
705.28 -0.0051506 1 -9.57298e-06 -0.00514103
705.73 -0.00300991 1 -9.30318e-06 -0.0030006
706.17 -0.00287294 1 -9.02557e-06 -0.00286392
706.61 -0.00473657 1 -8.73843e-06 -0.00472783
707.06 -0.00559772 1 -8.43848e-06 -0.00558929
707.5 -0.00546257 1 -8.14202e-06 -0.00545442
707.94 -0.00532801 1 -7.84486e-06 -0.00532016
708.38 -0.00419405 1 -7.54903e-06 -0.00418651
708.83 -0.00205768 1 -7.24958e-06 -0.00205043
709.27 -0.00192495 1 -6.9612e-06 -0.00191799
709.71 -0.00179282 1 -6.67828e-06 -0.00178614
710.15 -0.0026613 1 -6.4017e-06 -0.0026549
710.6 -0.00552742 1 -6.12607e-06 -0.00552129
711.04 -0.00339713 1 -5.86417e-06 -0.00339127
711.48 -0.00226745 1 -5.61015e-06 -0.00226184
711.92 -0.00213839 1 -5.36425e-06 -0.00213302
712.37 -0.00400702 1 -5.12134e-06 -0.0040019
712.81 -0.0018792 1 -4.89227e-06 -0.00187431
713.25 -0.00275199 1 -4.67156e-06 -0.00274732
713.69 -0.00362541 1 -4.45914e-06 -0.00362095
714.13 -0.00149944 1 -4.25493e-06 -0.00149518
714.58 -0.00137124 1 -4.05441e-06 -0.00136719
715.02 -0.00324653 1 -3.86633e-06 -0.00324266
715.46 -0.00412244 1 -3.68597e-06 -0.00411875
715.9 -0.00399897 1 -3.51312e-06 -0.00399546
716.35 -0.00487334 1 -3.34388e-06 -0.00487
716.79 -0.00175114 1 -3.18554e-06 -0.00174796
717.23 -0.00262957 1 -3.03404e-06 -0.00262653
717.67 -0.00350862 1 -2.88914e-06 -0.00350573
718.11 0.00161169 1 -2.75061e-06 0.00161444
718.56 -0.00126592 1 -2.61528e-06 -0.0012633
719 -0.000146882 1 -2.48893e-06 -0.000144393
719.44 -2.84818e-05 1 -2.36825e-06 -2.61136e-05
719.88 -0.00191072 1 -2.25303e-06 -0.00190846
720.32 -0.00179359 1 -2.14304e-06 -0.00179145
720.76 -0.000677102 1 -2.03808e-06 -0.000675064
721.21 -0.00155863 1 -1.93572e-06 -0.00155669
721.65 -0.00344343 1 -1.8403e-06 -0.00344159
722.09 -0.000328883 1 -1.7493e-06 -0.000327134
722.53 -0.00221498 1 -1.66253e-06 -0.00221331
722.97 0.000898288 1 -1.57982e-06 0.000899867
723.41 1.09042e-05 1 -1.50099e-06 1.24052e-05
723.86 0.00112541 1 -1.42421e-06 0.00112683
724.3 0.00123672 1 -1.35271e-06 0.00123807
724.74 0.00134737 1 -1.28461e-06 0.00134866
725.18 0.000457376 1 -1.21976e-06 0.000458596
725.62 -0.00143327 1 -1.158e-06 -0.00143211
726.06 -0.000324574 1 -1.0992e-06 -0.000323475
726.5 -0.00221653 1 -1.04322e-06 -0.00221549
726.95 -0.000106713 1 -9.88769e-07 -0.000105724
727.39 0 1 -9.38132e-07 9.38132e-07
727.83 0.000106055 1 -8.89953e-07 0.000106945
728.27 0.00121145 1 -8.44121e-07 0.0012123
728.71 0.000316205 1 -8.00529e-07 0.000317005
729.15 0.00242031 1 -7.59074e-07 0.00242107
729.59 0.00152377 1 -7.19658e-07 0.00152449
730.03 -0.000373404 1 -6.82185e-07 -0.000372722
730.48 0.0027311 1 -6.45778e-07 0.00273175
730.92 0.000832653 1 -6.11967e-07 0.000833265
731.36 0.00193358 1 -5.79838e-07 0.00193416
731.8 0.00103389 1 -5.49314e-07 0.00103444
732.24 0.00213358 1 -5.20319e-07 0.0021341
732.68 -0.00176734 1 -4.9278e-07 -0.00176685
733.12 -0.000668867 1 -4.66628e-07 -0.0006684
733.56 0.00242901 1 -4.41799e-07 0.00242945
734 0.00252628 1 -4.18227e-07 0.0025267
734.44 0.00162296 1 -3.95854e-07 0.00162336
734.89 0.00472123 1 -3.74152e-07 0.00472161
735.33 0.00381673 1 -3.54029e-07 0.00381709
735.77 0.00691165 1 -3.34938e-07 0.00691198
736.21 0.00400599 1 -3.1683e-07 0.00400631
736.65 0.00209976 1 -2.99655e-07 0.00210006
737.09 0.00419296 1 -2.83369e-07 0.00419325
737.53 0.00428561 1 -2.67927e-07 0.00428587
737.97 0.00537769 1 -2.53289e-07 0.00537794
738.41 0.00346922 1 -2.39415e-07 0.00346946
738.85 0.0065602 1 -2.26267e-07 0.00656043
739.29 0.00465064 1 -2.13809e-07 0.00465086
739.73 0.00374054 1 -2.02007e-07 0.00374074
740.17 0.0058299 1 -1.90827e-07 0.00583009
740.61 0.00391873 1 -1.80239e-07 0.00391891
741.05 0.00500704 1 -1.70214e-07 0.00500721
741.49 0.00509482 1 -1.60721e-07 0.00509498
741.93 0.00518208 1 -1.51735e-07 0.00518223
742.37 0.00526883 1 -1.43231e-07 0.00526898
742.81 0.00435507 1 -1.35182e-07 0.00435521
743.26 0.00344275 1 -1.27399e-07 0.00344288
743.7 0.00252798 1 -1.20203e-07 0.0025281
744.14 0.00361271 1 -1.13397e-07 0.00361282
744.58 0.00369694 1 -1.06961e-07 0.00369705
745.02 0.00478069 1 -1.00874e-07 0.00478079
745.46 0.00486396 1 -9.512e-08 0.00486405
745.9 0.00294675 1 -8.96805e-08 0.00294684
746.34 0.00602906 1 -8.45394e-08 0.00602915
746.78 0.00511091 1 -7.9681e-08 0.00511099
747.22 0.00519229 1 -7.50906e-08 0.00519236
747.66 0.00327321 1 -7.0754e-08 0.00327328
748.1 0.00335367 1 -6.66579e-08 0.00335374
748.54 0.00443368 1 -6.27894e-08 0.00443375
748.98 0.00351325 1 -5.91366e-08 0.00351331
749.42 0.00359237 1 -5.5688e-08 0.00359243
749.86 0.00567105 1 -5.24326e-08 0.0056711
750.29 0.00274753 1 -4.9428e-08 0.00274758
750.73 0.00282535 1 -4.65247e-08 0.0028254
751.17 0.00190276 1 -4.37854e-08 0.0019028
751.61 0.00297974 1 -4.12012e-08 0.00297978
752.05 0.0060563 1 -3.87638e-08 0.00605634
752.49 0.00313246 1 -3.6465e-08 0.00313249
752.93 0.0042082 1 -3.42974e-08 0.00420824
753.37 0.00328354 1 -3.22539e-08 0.00328357
753.81 0.00135848 1 -3.03275e-08 0.00135851
754.25 0.00243303 1 -2.85119e-08 0.00243306
754.69 0.000507188 1 -2.6801e-08 0.000507215
755.13 0.00258096 1 -2.5189e-08 0.00258098
755.57 0.00365435 1 -2.36704e-08 0.00365437
756.01 0.00372736 1 -2.224e-08 0.00372738
756.45 0.0048 1 -2.08929e-08 0.00480002
756.89 0.00487227 1 -1.96245e-08 0.00487229
757.33 0.00394418 1 -1.84303e-08 0.0039442
757.77 0.00401573 1 -1.73061e-08 0.00401575
758.21 0.00508692 1 -1.62481e-08 0.00508694
758.64 0.000156158 1 -1.52745e-08 0.000156174
759.08 0.000226662 1 -1.43365e-08 0.000226677
759.52 0.00329682 1 -1.3454e-08 0.00329684
759.96 0.00536665 1 -1.2624e-08 0.00536666
760.4 0.00343614 1 -1.18434e-08 0.00343615
760.84 0.0025053 1 -1.11094e-08 0.00250531
761.28 0.00157414 1 -1.04193e-08 0.00157415
761.72 0.00164266 1 -9.77062e-09 0.00164267
762.16 0.00371086 1 -9.16096e-09 0.00371087
762.6 0.00377876 1 -8.58805e-09 0.00377876
763.03 0.00284481 1 -8.06163e-09 0.00284482
763.47 0.000912097 1 -7.55523e-09 0.000912105
763.91 0.000979089 1 -7.07957e-09 0.000979096
764.35 0.00104579 1 -6.63287e-09 0.00104579
764.79 0.0011122 1 -6.21342e-09 0.0011122
765.23 0.00217832 1 -5.81963e-09 0.00217833
765.67 0.00124416 1 -5.44997e-09 0.00124417
766.11 0.000309731 1 -5.10303e-09 0.000309737
766.54 -0.000626453 1 -4.78463e-09 -0.000626449
766.98 0.00343858 1 -4.47872e-09 0.00343859
767.42 -0.000496646 1 -4.19173e-09 -0.000496642
767.86 -0.000432133 1 -3.92255e-09 -0.000432129
768.3 0.00363213 1 -3.6701e-09 0.00363213
768.74 0.00469614 1 -3.43339e-09 0.00469614
769.17 0.00375846 1 -3.21634e-09 0.00375846
769.61 0.00382198 1 -3.008e-09 0.00382199
770.05 0.00488528 1 -2.81273e-09 0.00488528
770.49 0.00294834 1 -2.62975e-09 0.00294834
770.93 0.00501117 1 -2.4583e-09 0.00501117
771.37 7.37805e-05 1 -2.29768e-09 7.37828e-05
771.8 -0.000865244 1 -2.15055e-09 -0.000865242
772.24 0.00119694 1 -2.00944e-09 0.00119694
772.68 0.00125891 1 -1.87731e-09 0.00125891
773.12 0.00132067 1 -1.75361e-09 0.00132067
773.56 0.00138224 1 -1.63781e-09 0.00138224
774 -0.000556398 1 -1.52943e-09 -0.000556396
774.43 0.000503388 1 -1.43024e-09 0.00050339
774.87 0.00356438 1 -1.3352e-09 0.00356438
775.31 0.000625184 1 -1.24628e-09 0.000625185
775.75 0.00168581 1 -1.16312e-09 0.00168581
776.19 0.000746262 1 -1.08534e-09 0.000746264
776.62 0.00280518 1 -1.01421e-09 0.00280518
777.06 0.00486529 1 -9.46106e-10 0.00486529
777.5 0.00092525 1 -8.82445e-10 0.000925251
777.94 0.00198505 1 -8.22943e-10 0.00198505
778.37 0.00204334 1 -7.68561e-10 0.00204334
778.81 0.00310284 1 -7.16526e-10 0.00310284
779.25 0.0031622 1 -6.67914e-10 0.0031622
779.69 0.00422141 1 -6.22507e-10 0.00422141
780.13 0.00328049 1 -5.80099e-10 0.00328049
780.56 -0.000661897 1 -5.4137e-10 -0.000661896
781 0.000396928 1 -5.0434e-10 0.000396928
781.44 0.00245563 1 -4.69773e-10 0.00245563
781.88 0.00151421 1 -4.37509e-10 0.00151421
782.31 0.00157136 1 -4.08061e-10 0.00157136
782.75 -0.000370279 1 -3.79923e-10 -0.000370279
783.19 0.00268798 1 -3.53672e-10 0.00268798
783.63 0.00174614 1 -3.29186e-10 0.00174614
784.06 -0.00219712 1 -3.0685e-10 -0.00219712
784.5 0.000860853 1 -2.85521e-10 0.000860853
784.94 0.00391874 1 -2.65634e-10 0.00391874
785.37 0.000975227 1 -2.47502e-10 0.000975227
785.81 0.00303295 1 -2.30196e-10 0.00303295
786.25 0.0020906 1 -2.14067e-10 0.0020906
786.69 0.000148182 1 -1.99038e-10 0.000148182
787.12 0.00220439 1 -1.85344e-10 0.00220439
787.56 0.000261845 1 -1.72281e-10 0.000261845
788 0.00231924 1 -1.60114e-10 0.00231924
788.43 0.00437529 1 -1.49033e-10 0.00437529
788.87 -0.000567416 1 -1.38467e-10 -0.000567416
789.31 -0.00251016 1 -1.28631e-10 -0.00251016
789.75 0.00154705 1 -1.19476e-10 0.00154705
790.18 -0.00139706 1 -1.11143e-10 -0.00139706
790.62 0.000660086 1 -1.03201e-10 0.000660086
791.06 0.00171721 1 -9.58132e-11 0.00171721
791.49 -0.000226984 1 -8.90914e-11 -0.000226984
791.93 -0.000169899 1 -8.26888e-11 -0.000169899
792.37 0.00288717 1 -7.67349e-11 0.00288717
792.8 -5.70594e-05 1 -7.13204e-11 -5.70594e-05
793.24 0 1 -6.61654e-11 6.61654e-11
793.68 0.00205706 1 -6.13738e-11 0.00205706
794.11 -0.000887174 1 -5.70183e-11 -0.000887174
794.55 0.0011699 1 -5.28735e-11 0.0011699
794.99 0.000226984 1 -4.90226e-11 0.000226984
795.42 0.00128279 1 -4.55237e-11 0.00128279
795.86 0.00333991 1 -4.21956e-11 0.00333991
796.3 0.00139706 1 -3.91049e-11 0.00139706
796.73 0.000452946 1 -3.62981e-11 0.000452946
797.17 0.000510161 1 -3.36294e-11 0.000510161
797.61 0.000567416 1 -3.11522e-11 0.000567416
798.04 0.00162341 1 -2.89036e-11 0.00162341
798.48 -0.00231924 1 -2.67666e-11 -0.00231924
798.91 -0.00026315 1 -2.48273e-11 -0.00026315
799.35 -0.0012057 1 -2.29849e-11 -0.0012057
799.79 0.00285182 1 -2.1276e-11 0.00285182
800.22 0.00290809 1 -1.97259e-11 0.00290809
800.66 -0.00103426 1 -1.82539e-11 -0.00103426
801.1 -0.000976539 1 -1.68892e-11 -0.000976539
