500.34 -0.00132689 1 -0.00216818 0.000841287
500.8 0.00300863 1 -0.00221215 0.00522078
501.25 0.00133686 1 -0.00225581 0.00359267
501.71 -0.000327602 1 -0.00230109 0.00197349
502.17 0.00300794 1 -0.00234704 0.00535498
502.62 0.00333619 1 -0.00239264 0.00572883
503.08 0.000671743 1 -0.00243992 0.00311167
503.53 0 1 -0.00248683 0.00248683
503.99 0.00133555 1 -0.00253546 0.00387101
504.44 0.00166381 1 -0.00258369 0.0042475
504.9 0.000999354 1 -0.00263368 0.00363303
505.36 -0.0036651 1 -0.00268436 -0.000980747
505.81 -0.000336862 1 -0.0027346 0.00239774
506.27 0.00199867 1 -0.00278665 0.00478532
506.72 0.00132689 1 -0.00283825 0.00416514
507.18 0.000662397 1 -0.00289169 0.00355408
507.63 -0.0010094 1 -0.00294464 0.00193524
508.09 0.00132608 1 -0.00299947 0.00432555
508.54 -0.00234575 1 -0.00305379 0.000708037
509 -1.03049e-05 1 -0.00311002 0.00309971
509.45 -0.00168217 1 -0.00316571 0.00148354
509.91 0.000653237 1 -0.00322334 0.00387658
510.36 -0.00101867 1 -0.00328041 0.00226174
510.82 -0.00068331 1 -0.00333945 0.00265614
511.27 -0.00135527 1 -0.0033979 0.00204263
511.73 -0.00301996 1 -0.00345835 0.000438392
512.19 -0.00068468 1 -0.00351952 0.00283484
512.64 -0.00435672 1 -0.00358004 -0.000776678
513.1 -0.0040215 1 -0.00364262 -0.000378885
513.55 -0.00269361 1 -0.00370452 0.00101092
514.01 -0.00235846 1 -0.00376851 0.00141005
514.46 -0.00603063 1 -0.00383179 -0.00219884
514.92 -0.00569556 1 -0.00389718 -0.00179838
515.37 -0.00536781 1 -0.00396184 -0.00140598
515.83 -0.00203282 1 -0.00402863 0.00199581
516.28 -0.00370515 1 -0.00409465 0.000389493
516.73 -0.00537753 1 -0.00416134 -0.00121619
517.19 -0.00404267 1 -0.00423021 0.000187533
517.64 -0.00471514 1 -0.00429825 -0.000416891
518.1 -0.00438038 1 -0.00436849 -1.1887e-05
518.55 -0.00805295 1 -0.00443788 -0.00361507
519.01 -0.00271829 1 -0.00450949 0.0017912
519.46 -0.00739096 1 -0.0045802 -0.00281076
519.92 -0.00605642 1 -0.00465316 -0.00140326
520.37 -0.0077292 1 -0.00472519 -0.00300401
520.83 -0.00539477 1 -0.00479948 -0.000595294
521.28 -0.00706767 1 -0.0048728 -0.00219487
521.74 -0.00673336 1 -0.0049484 -0.00178496
522.19 -0.00440638 1 -0.005023 0.000616612
522.65 -0.00607221 1 -0.00509989 -0.000972312
523.1 -0.00474536 1 -0.00517574 0.000430385
523.55 -0.00541858 1 -0.0052522 -0.000166373
524.01 -0.0040846 1 -0.00533099 0.00124638
524.46 -0.00475796 1 -0.00540866 0.000650704
524.92 -0.00942413 1 -0.00548868 -0.00393545
525.37 -0.00709763 1 -0.00556755 -0.00153009
525.83 -0.00776396 1 -0.00564876 -0.0021152
526.28 -0.00643761 1 -0.00572879 -0.000708823
526.73 -0.00811134 1 -0.00580938 -0.00230197
527.19 -0.0037779 1 -0.00589233 0.00211442
527.64 -0.00645179 1 -0.00597403 -0.000477766
528.1 -0.00711852 1 -0.0060581 -0.00106043
528.55 -0.00679258 1 -0.00614087 -0.000651707
529.01 -0.00645948 1 -0.00622602 -0.000233459
529.46 -0.00713371 1 -0.00630984 -0.000823876
529.91 -0.00780803 1 -0.00639415 -0.00141388
530.37 -0.0104752 1 -0.00648085 -0.00399436
530.82 -0.00714971 1 -0.00656614 -0.000583573
531.28 -0.00881707 1 -0.00665381 -0.00216327
531.73 -0.00949176 1 -0.00674003 -0.00275173
532.18 -0.00616655 1 -0.00682671 0.000660157
532.64 -0.00783421 1 -0.00691575 -0.000918456
533.09 -0.00850919 1 -0.00700329 -0.0015059
533.54 -0.00718428 1 -0.00709124 -9.30374e-05
534 -0.0108522 1 -0.00718155 -0.00367069
534.45 -0.00652754 1 -0.00727029 0.000742756
534.91 -0.0101957 1 -0.00736139 -0.00283433
535.36 -0.00587122 1 -0.00745087 0.00157964
535.81 -0.00754684 1 -0.00754069 -6.14489e-06
536.27 -0.0102154 1 -0.00763285 -0.0025825
536.72 -0.00889119 1 -0.00772334 -0.00116785
537.17 -0.00856714 1 -0.00781412 -0.000753014
537.63 -0.007236 1 -0.00790722 0.000671223
538.08 -0.00991218 1 -0.00799858 -0.0019136
538.54 -0.00558129 1 -0.00809223 0.00251095
538.99 -0.0072577 1 -0.0081841 0.000926393
539.44 -0.00693424 1 -0.00827619 0.00134195
539.9 -0.00860372 1 -0.00837055 -0.00023317
540.35 -0.0102805 1 -0.00846306 -0.00181745
540.8 -0.00895742 1 -0.00855574 -0.000401672
541.26 -0.0106273 1 -0.00865066 -0.00197662
541.71 -0.0113044 1 -0.00874367 -0.00256078
542.16 -0.00798174 1 -0.0088368 0.000855055
542.62 -0.00965201 1 -0.00893212 -0.000719886
543.07 -0.00932957 1 -0.00902547 -0.000304104
543.52 -0.0120073 1 -0.00911889 -0.00288838
543.98 -0.00967794 1 -0.00921445 -0.000463489
544.43 -0.00935592 1 -0.00930798 -4.79334e-05
544.88 -0.013034 1 -0.00940154 -0.00363249
545.34 -0.00770513 1 -0.00949718 0.00179205
545.79 -0.0113835 1 -0.00959073 -0.0017928
546.24 -0.0120621 1 -0.00968425 -0.00237783
546.69 -0.00874076 1 -0.00977772 0.00103696
547.15 -0.00841245 1 -0.00987319 0.00146074
547.6 -0.0120914 1 -0.0099665 -0.00212493
548.05 -0.00977057 1 -0.0100597 0.000289139
548.51 -0.0114427 1 -0.0101549 -0.00128787
548.96 -0.0121222 1 -0.0102478 -0.00187438
549.41 -0.00880176 1 -0.0103405 0.00153879
549.86 -0.0114815 1 -0.0104331 -0.00104838
550.32 -0.0101543 1 -0.0105275 0.000373248
550.77 -0.0128344 1 -0.0106197 -0.00221468
551.22 -0.0085146 1 -0.0107116 0.00219699
551.68 -0.0131879 1 -0.0108053 -0.00238263
552.13 -0.0128684 1 -0.0108966 -0.00197185
552.58 -0.0115492 1 -0.0109876 -0.000561538
553.03 -0.00923005 1 -0.0110783 0.00184828
553.49 -0.011904 1 -0.0111707 -0.000733327
553.94 -0.0105852 1 -0.0112607 0.000675426
554.39 -0.0112666 1 -0.0113503 8.36192e-05
554.84 -0.0119482 1 -0.0114394 -0.000508769
555.3 -0.00962289 1 -0.0115302 0.00190728
555.75 -0.0123048 1 -0.0116185 -0.000686357
556.2 -0.0109869 1 -0.0117063 0.000719361
556.65 -0.0106692 1 -0.0117936 0.00112441
557.11 -0.0133446 1 -0.0118823 -0.00146226
557.56 -0.0140272 1 -0.0119686 -0.00205864
558.01 -0.0107101 1 -0.0120543 0.00134425
558.46 -0.0103931 1 -0.0121395 0.00174637
558.92 -0.0130693 1 -0.0122259 -0.000843372
559.37 -0.0117526 1 -0.0123098 0.00055715
559.82 -0.0124362 1 -0.0123931 -4.31548e-05
560.27 -0.01112 1 -0.0124757 0.00135569
560.72 -0.010804 1 -0.0125576 0.00175367
561.18 -0.0124811 1 -0.0126407 0.00015957
561.63 -0.0131655 1 -0.0127212 -0.000444277
562.08 -0.01485 1 -0.012801 -0.00204906
562.53 -0.0105348 1 -0.01288 0.0023452
562.99 -0.0122127 1 -0.0129599 0.000747214
563.44 -0.0138979 1 -0.0130374 -0.000860523
563.89 -0.0135832 1 -0.013114 -0.00046928
564.34 -0.0112688 1 -0.0131897 0.00192092
564.79 -0.0109546 1 -0.0132646 0.00231006
565.25 -0.0136336 1 -0.0133403 -0.000293265
565.7 -0.0153198 1 -0.0134135 -0.00190633
566.15 -0.0140062 1 -0.0134857 -0.000520521
566.6 -0.0126928 1 -0.013557 0.000864148
567.05 -0.0113796 1 -0.0136273 0.00224765
567.5 -0.0130667 1 -0.0136967 0.000629981
567.96 -0.015747 1 -0.0137666 -0.00198044
568.41 -0.0124345 1 -0.0138339 0.00139944
568.86 -0.0141222 1 -0.0139003 -0.000221916
569.31 -0.0148101 1 -0.0139656 -0.00084453
569.76 -0.0144983 1 -0.0140299 -0.000468419
570.21 -0.0141866 1 -0.014093 -9.35998e-05
570.67 -0.0148683 1 -0.0141565 -0.000711805
571.12 -0.0135572 1 -0.0142175 0.000660348
571.57 -0.0142462 1 -0.0142774 3.11571e-05
572.02 -0.0129355 1 -0.0143361 0.00140061
572.47 -0.014625 1 -0.0143937 -0.000231322
572.92 -0.0143148 1 -0.0144502 0.000135357
573.37 -0.0140048 1 -0.0145054 0.000500629
573.83 -0.0146882 1 -0.0145607 -0.000127453
574.28 -0.0133786 1 -0.0146136 0.00123493
574.73 -0.0150693 1 -0.0146652 -0.000404148
575.18 -0.0137603 1 -0.0147156 0.000955312
575.63 -0.0144515 1 -0.0147648 0.000313292
576.08 -0.0141429 1 -0.0148127 0.000669779
576.53 -0.0138346 1 -0.0148594 0.00102476
576.98 -0.0135266 1 -0.0149048 0.00137822
577.44 -0.0152119 1 -0.0149499 -0.000262041
577.89 -0.0149044 1 -0.0149927 8.83156e-05
578.34 -0.0165971 1 -0.0150342 -0.00156288
578.79 -0.01529 1 -0.0150744 -0.000215639
579.24 -0.0149832 1 -0.0151132 0.000130029
579.69 -0.0136767 1 -0.0151508 0.00147411
580.14 -0.0163704 1 -0.015187 -0.00118339
580.59 -0.0170644 1 -0.0152219 -0.0018425
581.04 -0.0177586 1 -0.0152554 -0.00250321
581.49 -0.0154531 1 -0.0152875 -0.000165546
581.95 -0.0161411 1 -0.015319 -0.000822052
582.4 -0.0168361 1 -0.0153484 -0.00148767
582.85 -0.0175314 1 -0.0153765 -0.00215493
583.3 -0.018227 1 -0.0154032 -0.00282383
583.75 -0.0169228 1 -0.0154285 -0.00149437
584.2 -0.016619 1 -0.0154524 -0.00116657
584.65 -0.0163153 1 -0.0154749 -0.00084042
585.1 -0.016012 1 -0.0154961 -0.000515929
585.55 -0.0157089 1 -0.0155158 -0.000193099
586 -0.0164062 1 -0.0155342 -0.000871933
586.45 -0.0141037 1 -0.0155512 0.00144757
586.9 -0.0148014 1 -0.0155668 0.000765405
587.35 -0.0154995 1 -0.0155811 8.1574e-05
587.8 -0.0161979 1 -0.0155939 -0.000603923
588.25 -0.0158965 1 -0.0156054 -0.000291087
588.71 -0.0135887 1 -0.0156157 0.00202698
589.16 -0.0162879 1 -0.0156244 -0.000663547
589.61 -0.0139874 1 -0.0156317 0.00164426
590.06 -0.0156872 1 -0.0156376 -4.95819e-05
590.51 -0.0143873 1 -0.0156422 0.00125492
590.96 -0.0130877 1 -0.0156455 0.00255777
591.41 -0.0167884 1 -0.0156474 -0.00114103
591.86 -0.0154894 1 -0.0156479 0.000158537
592.31 -0.0141906 1 -0.0156471 0.00145647
592.76 -0.0158922 1 -0.015645 -0.000247229
593.21 -0.0155941 1 -0.0156415 4.74537e-05
593.66 -0.0162963 1 -0.0156368 -0.000659476
594.11 -0.0139988 1 -0.0156308 0.00163199
594.56 -0.0157016 1 -0.0156234 -7.81406e-05
595.01 -0.0154047 1 -0.0156148 0.000210143
595.46 -0.0151081 1 -0.0156049 0.000496851
595.91 -0.0138118 1 -0.0155938 0.00178199
596.36 -0.0155159 1 -0.0155814 6.55808e-05
596.81 -0.0152202 1 -0.0155678 0.000347626
597.26 -0.0149249 1 -0.015553 0.000628141
597.71 -0.0146299 1 -0.015537 0.000907138
598.16 -0.0153352 1 -0.0155198 0.000184631
598.61 -0.0170408 1 -0.0155014 -0.00153937
599.06 -0.0147468 1 -0.0154819 0.000735162
599.51 -0.011453 1 -0.0154613 0.00400823
599.96 -0.0131596 1 -0.0154395 0.00227985
600.41 -0.0138666 1 -0.0154166 0.00155005
600.86 -0.0135738 1 -0.0153926 0.00181883
601.31 -0.0142814 1 -0.0153676 0.00108621
601.76 -0.0149893 1 -0.0153415 0.000352223
602.21 -0.0136976 1 -0.0153144 0.00161687
602.65 -0.0144126 1 -0.015287 0.000874346
603.1 -0.0141215 1 -0.0152579 0.00113636
603.55 -0.0148308 1 -0.0152279 0.000397079
604 -0.0135404 1 -0.0151969 0.00165651
604.45 -0.0132503 1 -0.015165 0.00191468
604.9 -0.0149606 1 -0.0151322 0.000171614
605.35 -0.0146712 1 -0.0150985 0.000427325
605.8 -0.0113822 1 -0.015064 0.00368184
606.25 -0.0140935 1 -0.0150287 0.000935175
606.7 -0.0138051 1 -0.0149925 0.00118736
607.15 -0.0145171 1 -0.0149555 0.000438413
607.6 -0.0142295 1 -0.0149179 0.000688359
608.05 -0.0149422 1 -0.0148794 -6.27791e-05
608.5 -0.0136553 1 -0.0148403 0.00118502
608.95 -0.0143687 1 -0.0148005 0.000431789
609.39 -0.0130888 1 -0.0147609 0.00167209
609.84 -0.013803 1 -0.0147198 0.000916884
610.29 -0.0155174 1 -0.0146781 -0.000839289
610.74 -0.0132323 1 -0.0146359 0.0014036
611.19 -0.0149475 1 -0.0145931 -0.000354421
611.64 -0.0146631 1 -0.0145498 -0.00011333
612.09 -0.014379 1 -0.0145059 0.000126901
612.54 -0.0140953 1 -0.0144616 0.000366297
612.99 -0.011812 1 -0.0144169 0.00260488
613.44 -0.0135291 1 -0.0143718 0.000842689
613.88 -0.0122528 1 -0.0143273 0.00207448
614.33 -0.0139706 1 -0.0142814 0.000310811
614.78 -0.0146887 1 -0.0142352 -0.00045356
615.23 -0.0144073 1 -0.0141887 -0.000218608
615.68 -0.0131262 1 -0.0141419 0.00101569
616.13 -0.0138455 1 -0.0140949 0.000249366
616.58 -0.0135652 1 -0.0140476 0.000482441
617.03 -0.0152853 1 -0.0140002 -0.00128506
617.47 -0.0150119 1 -0.0139537 -0.00105825
617.92 -0.0137328 1 -0.013906 0.000173199
618.37 -0.014454 1 -0.0138581 -0.000595849
618.82 -0.0141756 1 -0.0138102 -0.000365366
619.27 -0.0138976 1 -0.0137622 -0.000135326
619.72 -0.01562 1 -0.0137143 -0.0019057
620.17 -0.0173428 1 -0.0136663 -0.00367648
620.61 -0.0130721 1 -0.0136194 0.000547303
621.06 -0.0137956 1 -0.0135715 -0.000224172
621.51 -0.0145196 1 -0.0135236 -0.000995967
621.96 -0.015244 1 -0.0134759 -0.00176806
622.41 -0.0129687 1 -0.0134283 0.000459583
622.86 -0.0136939 1 -0.0133809 -0.000313027
623.3 -0.0134256 1 -0.0133347 -9.09066e-05
623.75 -0.0151516 1 -0.0132876 -0.00186394
624.2 -0.0148779 1 -0.0132408 -0.00163715
624.65 -0.0156047 1 -0.0131942 -0.00241052
625.1 -0.0143319 1 -0.0131479 -0.00118404
625.54 -0.0140656 1 -0.0131029 -0.000962692
625.99 -0.0157936 1 -0.0130572 -0.00273642
626.44 -0.013522 1 -0.0130118 -0.000510216
626.89 -0.0122509 1 -0.0129668 0.000715925
627.34 -0.0139801 1 -0.0129222 -0.00105797
627.78 -0.0147158 1 -0.0128789 -0.00183692
628.23 -0.0124459 1 -0.0128351 0.000389151
628.68 -0.0151764 1 -0.0127917 -0.00238477
629.13 -0.0149074 1 -0.0127487 -0.00215866
629.58 -0.0126388 1 -0.0127063 6.7496e-05
630.02 -0.0133765 1 -0.0126652 -0.000711324
630.47 -0.0131087 1 -0.0126237 -0.000485047
630.92 -0.0118414 1 -0.0125827 0.000741312
631.37 -0.0135745 1 -0.0125422 -0.00103223
631.81 -0.0133139 1 -0.0125032 -0.00081071
632.26 -0.0130478 1 -0.0124638 -0.000584035
632.71 -0.0117822 1 -0.012425 0.000642766
633.16 -0.012517 1 -0.0123867 -0.000130298
633.61 -0.0132523 1 -0.012349 -0.000903218
634.05 -0.0159938 1 -0.0123128 -0.00368104
634.5 -0.0127299 1 -0.0122763 -0.000453655
634.95 -0.0144665 1 -0.0122404 -0.00222611
635.4 -0.0122035 1 -0.0122051 1.6047e-06
635.84 -0.0109468 1 -0.0121712 0.00122442
636.29 -0.0116847 1 -0.0121372 0.000452476
636.74 -0.0124231 1 -0.0121038 -0.000319296
637.18 -0.0111677 1 -0.0120717 0.000904031
637.63 -0.0109069 1 -0.0120395 0.00113261
638.08 -0.0126466 1 -0.012008 -0.00063864
638.53 -0.0143868 1 -0.011977 -0.00240972
638.97 -0.0131331 1 -0.0119474 -0.00118571
639.42 -0.0108742 1 -0.0119177 0.00104354
639.87 -0.0106157 1 -0.0118887 0.00127296
640.32 -0.0143577 1 -0.0118602 -0.00249746
640.76 -0.0121059 1 -0.011833 -0.000272844
641.21 -0.0118488 1 -0.0118058 -4.29814e-05
641.66 -0.0125921 1 -0.0117791 -0.000812985
642.1 -0.0123416 1 -0.0117537 -0.000587981
642.55 -0.0140859 1 -0.0117282 -0.00235775
643 -0.0128307 1 -0.0117033 -0.00112742
643.44 -0.0115816 1 -0.0116795 9.78835e-05
643.89 -0.0103273 1 -0.0116557 0.00132838
644.34 -0.0120735 1 -0.0116324 -0.000441059
644.79 -0.0138201 1 -0.0116097 -0.00221045
645.23 -0.0115729 1 -0.011588 1.50631e-05
645.68 -0.0113205 1 -0.0115662 0.000245718
646.13 -0.0110686 1 -0.011545 0.00047637
646.57 -0.00982274 1 -0.0115246 0.00170188
647.02 -0.0135718 1 -0.0115043 -0.00206753
647.47 -0.00932131 1 -0.0114843 0.002163
647.91 -0.0120769 1 -0.0114652 -0.000611661
648.36 -0.0138274 1 -0.0114461 -0.00238131
648.81 -0.0115784 1 -0.0114273 -0.000151076
649.25 -0.0113354 1 -0.0114093 7.38972e-05
649.7 -0.0140873 1 -0.0113911 -0.00269618
650.15 -0.0128398 1 -0.0113733 -0.00146646
650.59 -0.0115982 1 -0.0113562 -0.000242054
651.04 -0.0123517 1 -0.0113389 -0.00101279
651.48 -0.00911108 1 -0.0113222 0.00221112
651.93 -0.0118655 1 -0.0113053 -0.000560175
652.38 -0.0116204 1 -0.0112887 -0.000331794
652.82 -0.0103813 1 -0.0112725 0.000891171
653.27 -0.0101373 1 -0.0112561 0.00111883
653.72 -0.0118937 1 -0.0112398 -0.000653922
654.16 -0.011656 1 -0.0112239 -0.000432146
654.61 -0.0104135 1 -0.0112077 0.000794209
655.06 -0.0121715 1 -0.0111915 -0.000979932
655.5 -0.0129353 1 -0.0111757 -0.0017596
655.95 -0.0146943 1 -0.0111595 -0.00353481
656.39 -0.0164591 1 -0.0111435 -0.00531558
656.84 -0.0132191 1 -0.0111271 -0.00209199
657.29 -0.00897965 1 -0.0111106 0.00213096
657.73 -0.009746 1 -0.0110943 0.0013483
658.18 -0.0105076 1 -0.0110774 0.00056988
658.62 -0.00927492 1 -0.0110607 0.00178582
659.07 -0.0100375 1 -0.0110434 0.0010059
659.52 -0.00980063 1 -0.0110258 0.00122517
659.96 -0.0105695 1 -0.0110083 0.00043877
660.41 -0.0093337 1 -0.0109901 0.00165637
660.85 -0.0101036 1 -0.0109719 0.00086826
661.3 -0.0128688 1 -0.0109529 -0.00191595
661.74 -0.0106398 1 -0.0109339 0.000294125
662.19 -0.0104061 1 -0.0109141 0.000507994
662.64 -0.0091729 1 -0.0108938 0.00172085
663.08 -0.0109454 1 -0.0108734 -7.20437e-05
663.53 -0.00871331 1 -0.010852 0.00213871
663.97 -0.00848688 1 -0.0108306 0.00234371
664.42 -0.00925585 1 -0.0108081 0.00155224
664.86 -0.00703047 1 -0.0107855 0.00375502
665.31 -0.00980051 1 -0.0107617 0.000961235
665.75 -0.0105762 1 -0.0107379 0.000161687
666.2 -0.00734732 1 -0.0107128 0.00336546
666.65 -0.010119 1 -0.010687 0.000567973
667.09 -0.00889629 1 -0.010661 0.00176473
667.54 -0.00766906 1 -0.0106337 0.00296465
667.98 -0.00944742 1 -0.0106063 0.00115883
668.43 -0.0112213 1 -0.0105774 -0.000643926
668.87 -0.0100007 1 -0.0105483 0.000547588
669.32 -0.0107757 1 -0.0105178 -0.000257941
669.76 -0.00955625 1 -0.0104871 0.000930822
670.21 -0.00833234 1 -0.0104548 0.00212244
670.65 -0.012114 1 -0.0104223 -0.00169163
671.1 -0.00889117 1 -0.0103882 0.00149706
671.54 -0.00867389 1 -0.010354 0.00168009
671.99 -0.0104522 1 -0.010318 -0.000134227
672.43 -0.010236 1 -0.0102819 4.58381e-05
672.88 -0.00901551 1 -0.010244 0.00122846
673.32 -0.00780044 1 -0.0102059 0.0024055
673.77 -0.00958104 1 -0.010166 0.000584993
674.21 -0.0103671 1 -0.010126 -0.000241043
674.66 -0.00814883 1 -0.0100841 0.00193528
675.1 -0.011936 1 -0.0100421 -0.00189387
675.55 -0.0107189 1 -0.00999814 -0.000720753
675.99 -0.00750718 1 -0.00995411 0.00244694
676.44 -0.0102912 1 -0.00990804 -0.000383187
676.88 -0.00908065 1 -0.00986197 0.00078132
677.33 -0.00886586 1 -0.00981379 0.00094793
677.77 -0.00865642 1 -0.00976565 0.00110924
678.22 -0.0104428 1 -0.00971536 -0.000727436
678.66 -0.0092345 1 -0.00966515 0.000430656
679.11 -0.010022 1 -0.00961274 -0.000409304
679.55 -0.0088149 1 -0.00956047 0.000745572
679.99 -0.0106083 1 -0.00950717 -0.00110114
680.44 -0.00839763 1 -0.00945162 0.00105399
680.88 -0.00719221 1 -0.00939628 0.00220407
681.33 -0.00798271 1 -0.00933864 0.00135593
681.77 -0.00777845 1 -0.00928127 0.00150282
682.22 -0.00957015 1 -0.00922158 -0.000348574
682.66 -0.0103671 1 -0.00916222 -0.00120485
683.11 -0.00915996 1 -0.0091005 -5.94587e-05
683.55 -0.010958 1 -0.00903918 -0.00191886
683.99 -0.00875672 1 -0.00897692 0.000220199
684.44 -0.00955142 1 -0.00891226 -0.000639153
684.88 -0.00935127 1 -0.00884811 -0.00050316
685.33 -0.00914718 1 -0.00878156 -0.000365626
685.77 -0.00994823 1 -0.00871558 -0.00123265
686.21 -0.00674986 1 -0.00864872 0.00189885
686.66 -0.0075476 1 -0.00857945 0.00103184
687.1 -0.00835044 1 -0.00851086 0.000160419
687.55 -0.00914941 1 -0.00843985 -0.000709554
687.99 -0.00595345 1 -0.00836961 0.00241616
688.44 -0.00675365 1 -0.00829695 0.0015433
688.88 -0.0075589 1 -0.00822513 0.000666229
689.32 -0.00736475 1 -0.00815256 0.000787809
689.77 -0.00816681 1 -0.00807759 -8.92223e-05
690.21 -0.00997388 1 -0.00800357 -0.00197031
690.65 -0.00678156 1 -0.00792887 0.00114732
691.1 -0.00658549 1 -0.0078518 0.00126631
691.54 -0.00839439 1 -0.00777579 -0.000618595
691.99 -0.00719958 1 -0.00769743 0.000497854
692.43 -0.00800972 1 -0.00762022 -0.000389493
692.87 -0.00982047 1 -0.00754245 -0.00227801
693.32 -0.00762755 1 -0.00746237 -0.000165181
693.76 -0.00443954 1 -0.00738355 0.00294401
694.2 -0.00625215 1 -0.00730425 0.0010521
694.65 -0.00706113 1 -0.00722268 0.000161545
695.09 -0.00787499 1 -0.00714249 -0.0007325
695.53 -0.00868947 1 -0.00706191 -0.00162756
695.98 -0.00650038 1 -0.00697912 0.000478734
696.42 -0.00731612 1 -0.00689781 -0.000418307
696.86 -0.00713249 1 -0.0068162 -0.000316286
697.31 -0.00994533 1 -0.00673244 -0.00321289
697.75 -0.00976296 1 -0.00665028 -0.00311268
698.19 -0.00858122 1 -0.00656789 -0.00201333
698.64 -0.00539601 1 -0.00648343 0.00108742
699.08 -0.00721555 1 -0.00640067 -0.000814876
699.52 -0.00803572 1 -0.00631778 -0.00171795
699.97 -0.00585247 1 -0.00623288 0.000380414
700.41 -0.00767393 1 -0.00614979 -0.00152414
700.85 -0.00549603 1 -0.00606664 0.000570617
701.3 -0.00831474 1 -0.00598158 -0.00233316
701.74 -0.00813814 1 -0.00589842 -0.00223972
702.18 -0.00696217 1 -0.00581528 -0.00114689
702.63 -0.00778288 1 -0.00573032 -0.00205255
703.07 -0.00660821 1 -0.00564734 -0.000960876
703.51 -0.0054342 1 -0.00556447 0.000130271
703.96 -0.0072569 1 -0.00547987 -0.00177703
704.4 -0.0060842 1 -0.00539732 -0.000686879
704.84 -0.00591215 1 -0.00531497 -0.000597179
705.28 -0.00674075 1 -0.00523284 -0.00150791
705.73 -0.00656613 1 -0.00514911 -0.00141702
706.17 -0.00539606 1 -0.00506752 -0.000328541
706.61 -0.00522664 1 -0.00498623 -0.000240414
707.06 -0.00805405 1 -0.00490343 -0.00315063
707.5 -0.00488597 1 -0.00482282 -6.31457e-05
707.94 -0.00571855 1 -0.0047426 -0.00097595
708.38 -0.00755178 1 -0.00466277 -0.00288902
708.83 -0.00438192 1 -0.00458156 0.000199643
709.27 -0.0052165 1 -0.00450261 -0.00071389
709.71 -0.00605175 1 -0.00442413 -0.00162762
710.15 -0.00488767 1 -0.00434614 -0.000541533
710.6 -0.00572055 1 -0.0042669 -0.00145365
711.04 -0.00555782 1 -0.00418996 -0.00136787
711.48 -0.00539577 1 -0.00411357 -0.0012822
711.92 -0.00323439 1 -0.00403775 0.00080336
712.37 -0.00707004 1 -0.00396082 -0.00310922
712.81 -0.00191003 1 -0.00388621 0.00197618
713.25 -0.00575069 1 -0.00381222 -0.00193847
713.69 -0.00459204 1 -0.00373888 -0.000853155
714.13 -0.00343406 1 -0.0036662 0.000232135
714.58 -0.0042732 1 -0.00359256 -0.000680645
715.02 -0.00611661 1 -0.00352126 -0.00259536
715.46 -0.00596071 1 -0.00345065 -0.00251005
715.9 -0.00680549 1 -0.00338077 -0.00342472
716.35 -0.00464745 1 -0.00331005 -0.0013374
716.79 -0.00449362 1 -0.00324166 -0.00125196
717.23 -0.00334049 1 -0.00317402 -0.000166468
717.67 -0.00318805 1 -0.00310715 -8.0897e-05
718.11 -0.0040363 1 -0.00304106 -0.000995243
718.56 -0.00488182 1 -0.00297427 -0.00190755
719 -0.00173148 1 -0.00290978 0.0011783
719.44 -0.00458184 1 -0.00284609 -0.00173575
719.88 -0.00343289 1 -0.00278321 -0.00064968
720.32 -0.00528465 1 -0.00272116 -0.00256349
720.76 -0.00513711 1 -0.00265993 -0.00247718
721.21 -0.00398695 1 -0.00259817 -0.00138878
721.65 -0.00284084 1 -0.00253864 -0.000302198
722.09 -0.00369543 1 -0.00247995 -0.00121548
722.53 -0.00355073 1 -0.0024221 -0.00112863
722.97 -0.00140674 1 -0.00236511 0.00095837
723.41 -0.00226346 1 -0.00230898 4.55121e-05
723.86 -0.00211767 1 -0.00225245 0.000134785
724.3 -0.00197583 1 -0.00219806 0.000222223
724.74 -0.000834713 1 -0.00214452 0.00130981
725.18 0.000305689 1 -0.00209185 0.00239754
725.62 -0.00355463 1 -0.00204004 -0.00151459
726.06 -0.000415662 1 -0.00198909 0.00157343
726.5 -0.00327742 1 -0.00193901 -0.00133841
726.95 -0.00413678 1 -0.00188868 -0.0022481
727.39 0 1 -0.00184033 0.00184033
727.83 -0.000863944 1 -0.00179285 0.000928904
728.27 -0.00272861 1 -0.00174622 -0.00098239
728.71 -0.00159399 1 -0.00170044 0.000106453
729.15 -0.00146008 1 -0.00165551 0.000195434
729.59 -0.00132688 1 -0.00161143 0.000284554
730.03 -0.00219438 1 -0.00156819 -0.000626186
730.48 -0.00105958 1 -0.00152483 0.000465248
730.92 -0.000928486 1 -0.00148328 0.000554791
731.36 0.000201926 1 -0.00144255 0.00164447
731.8 -0.000668345 1 -0.00140264 0.000734295
732.24 -0.000539292 1 -0.00136355 0.000824254
732.68 -0.000410911 1 -0.00132526 0.000914348
733.12 -0.000283198 1 -0.00128777 0.00100458
733.56 -0.00115615 1 -0.00125108 9.49365e-05
734 -2.97525e-05 1 -0.00121518 0.00118543
734.44 0.00109599 1 -0.00118005 0.00227604
734.89 0.00122392 1 -0.00114493 0.00236884
735.33 0.00334835 1 -0.00111135 0.00445971
735.77 0.00347215 1 -0.00107854 0.00455069
736.21 0.00259532 1 -0.00104646 0.00364178
736.65 0.000717852 1 -0.00101513 0.00173298
737.09 0.00183977 1 -0.000984522 0.00282429
737.53 0.00396106 1 -0.000954634 0.00491569
737.97 0.00208174 1 -0.000925457 0.0030072
738.41 0.00220181 1 -0.000896981 0.00309879
738.85 0.00332128 1 -0.000869195 0.00419048
739.29 0.00344015 1 -0.000842091 0.00428224
739.73 0.00155842 1 -0.000815657 0.00237408
740.17 0.00467611 1 -0.000789886 0.00546599
740.61 0.00379321 1 -0.000764765 0.00455797
741.05 0.00390973 1 -0.000740285 0.00465001
741.49 0.00102567 1 -0.000716437 0.00174211
741.93 0.000141048 1 -0.000693209 0.000834257
742.37 -0.000744142 1 -0.000670591 -7.35509e-05
742.81 -0.000629892 1 -0.000648573 1.86803e-05
743.26 0.00148638 1 -0.000626663 0.00211304
743.7 0.00159951 1 -0.000605826 0.00220534
744.14 0.000712095 1 -0.000585558 0.00129765
744.58 0.000824139 1 -0.000565846 0.00138999
745.02 0.00293565 1 -0.000546682 0.00348233
745.46 0.00404662 1 -0.000528055 0.00457468
745.9 0.00415707 1 -0.000509953 0.00466703
746.34 0.003267 1 -0.000492368 0.00375937
746.78 0.00337641 1 -0.000475287 0.0038517
747.22 0.00248532 1 -0.000458702 0.00294402
747.66 0.00259371 1 -0.000442601 0.00303631
748.1 0.0037016 1 -0.000426975 0.00412857
748.54 0.000808993 1 -0.000411813 0.00122081
748.98 0.00191589 1 -0.000397105 0.002313
749.42 0.00202231 1 -0.000382841 0.00240515
749.86 0.00212824 1 -0.000369011 0.00249725
750.29 0.0032313 1 -0.000355906 0.00358721
750.73 0.000336292 1 -0.000342905 0.000679197
751.17 0.000440815 1 -0.000330309 0.000771124
751.61 0.00154487 1 -0.000318109 0.00186298
752.05 0.00364847 1 -0.000306294 0.00395477
752.49 -0.000248379 1 -0.000294856 4.64767e-05
752.93 -0.00114568 1 -0.000283785 -0.000861897
753.37 0.000956572 1 -0.000273072 0.00122964
753.81 0.00105839 1 -0.000262708 0.00132109
754.25 0.00115977 1 -0.000252684 0.00141245
754.69 -0.000739284 1 -0.000242991 -0.000496293
755.13 0.000361242 1 -0.000233621 0.000594863
755.57 0.00246135 1 -0.000224564 0.00268591
756.01 0.00156104 1 -0.000215814 0.00177685
756.45 0.00166032 1 -0.000207361 0.00186768
756.89 0.000759195 1 -0.000199197 0.000958392
757.33 0.00185767 1 -0.000191314 0.00204898
757.77 0.000955749 1 -0.000183705 0.00113945
758.21 5.34379e-05 1 -0.000176361 0.000229799
758.64 0.000148533 1 -0.000169434 0.000317967
759.08 -0.000754536 1 -0.000162594 -0.000591943
759.52 0.00334202 1 -0.000155997 0.00349801
759.96 0.0024382 1 -0.000149636 0.00258784
760.4 0.00153402 1 -0.000143505 0.00167752
760.84 -0.00037053 1 -0.000137597 -0.000232934
761.28 0.000724567 1 -0.000131904 0.000856471
761.72 0.00181931 1 -0.000126421 0.00194573
762.16 0.00291371 1 -0.00012114 0.00303485
762.6 7.76443e-06 1 -0.000116056 0.00012382
763.03 0.00209936 1 -0.000111271 0.00221063
763.47 -0.000807252 1 -0.000106558 -0.000700694
763.91 0.00128581 1 -0.000102023 0.00138784
764.35 0.000378554 1 -9.76607e-05 0.000476215
764.79 -0.00152902 1 -9.34659e-05 -0.00143556
765.23 -0.00243691 1 -8.94328e-05 -0.00234748
765.67 -0.00134511 1 -8.55562e-05 -0.00125956
766.11 -0.00225361 1 -8.18308e-05 -0.00217178
766.54 -0.00116448 1 -7.83314e-05 -0.00108615
766.98 0.00192643 1 -7.48903e-05 0.00200132
767.42 0.00301705 1 -7.15858e-05 0.00308863
767.86 -0.00189261 1 -6.84131e-05 -0.0018242
768.3 0.00119744 1 -6.53678e-05 0.00126281
768.74 0.00328723 1 -6.24453e-05 0.00334967
769.17 0.00337471 1 -5.97038e-05 0.00343441
769.61 0.000463962 1 -5.70117e-05 0.000520974
770.05 0.00155296 1 -5.44301e-05 0.00160739
770.49 0.000641694 1 -5.19548e-05 0.000693649
770.93 0.00373018 1 -4.95822e-05 0.00377976
771.37 -0.00218158 1 -4.73084e-05 -0.00213427
771.8 -0.00209557 1 -4.51783e-05 -0.0020504
772.24 -0.0030078 1 -4.30894e-05 -0.00296471
772.68 -0.00392026 1 -4.10889e-05 -0.00387918
773.12 0.000167048 1 -3.91735e-05 0.000206221
773.56 0.00125414 1 -3.73399e-05 0.00129148
774 0.000341012 1 -3.55852e-05 0.000376597
774.43 -0.00157429 1 -3.39435e-05 -0.00154035
774.87 -0.000487834 1 -3.23358e-05 -0.000455498
775.31 0.000598423 1 -3.07981e-05 0.000629221
775.75 -0.000315518 1 -2.93278e-05 -0.00028619
776.19 -0.00122965 1 -2.79223e-05 -0.00120173
776.62 -0.00314592 1 -2.66088e-05 -0.00311931
777.06 -6.04171e-05 1 -2.53238e-05 -3.50933e-05
777.5 -0.000975095 1 -2.40962e-05 -0.000950999
777.94 -0.00288995 1 -2.29237e-05 -0.00286702
778.37 -0.0028069 1 -2.18289e-05 -0.00278507
778.81 -0.00272208 1 -2.07588e-05 -0.00270132
779.25 -0.00163742 1 -1.97375e-05 -0.00161768
779.69 -0.000552909 1 -1.87628e-05 -0.000534147
780.13 0.00153145 1 -1.78328e-05 0.00154928
780.56 -0.00238625 1 -1.69654e-05 -0.00236929
781 -0.00230217 1 -1.61185e-05 -0.00228606
781.44 -0.000218233 1 -1.53111e-05 -0.000202922
781.88 0.00186558 1 -1.45413e-05 0.00188012
782.31 -0.00205264 1 -1.3824e-05 -0.00203881
782.75 -0.00296907 1 -1.31242e-05 -0.00295594
783.19 0.00111439 1 -1.24575e-05 0.00112684
783.63 0.000197729 1 -1.18225e-05 0.000209552
784.06 -0.00172092 1 -1.12312e-05 -0.00170969
784.5 -0.000637786 1 -1.06549e-05 -0.000627132
784.94 -0.000554745 1 -1.01063e-05 -0.000544638
785.37 -0.00147368 1 -9.5958e-06 -0.00146408
785.81 0.000609187 1 -9.09851e-06 0.000618285
786.25 0.000691971 1 -8.62544e-06 0.000700596
786.69 -0.000225323 1 -8.17553e-06 -0.000217147
787.12 -0.000144566 1 -7.75719e-06 -0.000136808
787.56 -0.001062 1 -7.35e-06 -0.00105465
788 2.05093e-05 1 -6.96297e-06 2.74723e-05
788.43 0.00110108 1 -6.60333e-06 0.00110769
788.87 0.000183481 1 -6.25348e-06 0.000189735
789.31 -0.00073417 1 -5.92115e-06 -0.000728249
789.75 0.000348135 1 -5.60552e-06 0.000353741
790.18 -0.00157147 1 -5.31246e-06 -0.00156616
790.62 -0.00248923 1 -5.02761e-06 -0.00248421
791.06 -0.00240703 1 -4.75723e-06 -0.00240227
791.49 -0.00132672 1 -4.50633e-06 -0.00132221
791.93 -0.00324455 1 -4.2626e-06 -0.00324029
792.37 -0.00116241 1 -4.03139e-06 -0.00115837
792.8 -0.00408213 1 -3.81697e-06 -0.00407832
793.24 0 1 -3.60878e-06 3.60878e-06
793.68 -0.00291787 1 -3.4114e-06 -0.00291446
794.11 -0.000837595 1 -3.22846e-06 -0.000834366
794.55 0.000244553 1 -3.05093e-06 0.000247604
794.99 0.000326715 1 -2.88273e-06 0.000329598
795.42 0.000407029 1 -2.7269e-06 0.000409755
795.86 0.00348923 1 -2.57578e-06 0.00349181
796.3 -0.00142853 1 -2.43266e-06 -0.0014261
796.73 -0.000348135 1 -2.30016e-06 -0.000345835
797.17 -0.00326583 1 -2.17172e-06 -0.00326366
797.61 0.000816519 1 -2.05016e-06 0.000818569
798.04 -0.000102958 1 -1.93766e-06 -0.00010102
798.48 -2.05093e-05 1 -1.82868e-06 -1.86807e-05
798.91 -0.00393988 1 -1.72786e-06 -0.00393815
799.35 -0.00385731 1 -1.63023e-06 -0.00385568
799.79 0.00122532 1 -1.5379e-06 0.00122686
800.22 0.000306149 1 -1.45253e-06 0.000307601
800.66 -0.00361107 1 -1.3699e-06 -0.0036097
801.1 0.00147179 1 -1.2918e-06 0.00147309
