500.34 0.000289663 1 -0.000848185 0.00113785
500.8 0.00253628 1 -0.000872654 0.00340893
501.25 0.00377754 1 -0.000897145 0.00467469
501.71 0.00402417 1 -0.000922755 0.00494693
502.17 0.000270805 1 -0.000948955 0.00121976
502.62 0.00351208 1 -0.000975163 0.00448724
503.08 0.00275872 1 -0.00100255 0.00376128
503.53 0 1 -0.00102995 0.00102995
503.99 0.000246641 1 -0.00105856 0.00130521
504.44 -0.000512081 1 -0.00108717 0.000575091
504.9 0.000734557 1 -0.00111705 0.00185161
505.36 -0.00201881 1 -0.00114758 -0.000871233
505.81 0.00222246 1 -0.00117808 0.00340054
506.27 -0.000530918 1 -0.00120991 0.000678995
506.72 0.00171034 1 -0.00124171 0.00295205
507.18 0.000956945 1 -0.00127489 0.00223183
507.63 0.000198183 1 -0.00130801 0.0015062
508.09 0.00144477 1 -0.00134256 0.00278733
508.54 -0.00131401 1 -0.00137705 6.30331e-05
509 -6.74496e-05 1 -0.001413 0.00134555
509.45 0.00017374 1 -0.00144887 0.00162261
509.91 -0.000579726 1 -0.00148626 0.000906534
510.36 0.000661433 1 -0.00152355 0.00218498
510.82 -9.20674e-05 1 -0.0015624 0.00147033
511.27 -0.00185094 1 -0.00160113 -0.000249818
511.73 -0.00160448 1 -0.00164146 3.69816e-05
512.19 -0.00235804 1 -0.00168257 -0.000675477
512.64 -0.000116983 1 -0.00172352 0.00160653
513.1 -0.00287059 1 -0.00176615 -0.00110444
513.55 0.000370425 1 -0.0018086 0.00217903
514.01 -0.00138323 1 -0.00185278 0.00046955
514.46 -0.00314227 1 -0.00189677 -0.0012455
514.92 -0.00289598 1 -0.00194252 -0.000953465
515.37 -0.000655075 1 -0.00198805 0.00133297
515.83 0.000591153 1 -0.00203539 0.00262654
516.28 -0.002168 1 -0.00208249 -8.55122e-05
516.73 -0.00192719 1 -0.00213037 0.00020318
517.19 -0.000681059 1 -0.00218012 0.00149906
517.64 -0.00444031 1 -0.00222959 -0.00221072
518.1 -0.00319426 1 -0.00228098 -0.000913278
518.55 -0.00395358 1 -0.00233205 -0.00162153
519.01 -0.0037076 1 -0.00238508 -0.00132252
519.46 -0.003467 1 -0.00243776 -0.00102924
519.92 -0.0012211 1 -0.00249245 0.00127134
520.37 -0.00498059 1 -0.00254675 -0.00243384
520.83 -0.00173477 1 -0.00260309 0.00086832
521.28 -0.00449434 1 -0.00265902 -0.00183532
521.74 -0.000248619 1 -0.00271703 0.00246841
522.19 -0.00200828 1 -0.00277459 0.000766307
522.65 -0.00376265 1 -0.00283426 -0.000928392
523.1 -0.00352241 1 -0.00289344 -0.000628963
523.55 -0.00228221 1 -0.00295344 0.000671221
524.01 -3.6735e-05 1 -0.00301559 0.00297885
524.46 -0.00279664 1 -0.0030772 0.000280555
524.92 -0.00455127 1 -0.003141 -0.00141027
525.37 -0.00431129 1 -0.00320423 -0.00110706
525.83 -0.00606602 1 -0.00326967 -0.00279635
526.28 -0.00582615 1 -0.00333449 -0.00249166
526.73 -0.00458633 1 -0.0034001 -0.00118623
527.19 -0.00234125 1 -0.00346797 0.00112673
527.64 -0.00310155 1 -0.00353516 0.000433605
528.1 -0.00485659 1 -0.00360463 -0.00125196
528.55 -0.00461701 1 -0.00367336 -0.000943649
529.01 -0.000372176 1 -0.00374441 0.00337223
529.46 -0.00613273 1 -0.00381467 -0.00231806
529.91 -0.00389334 1 -0.00388568 -7.66351e-06
530.37 -0.00464871 1 -0.00395903 -0.000689679
530.82 -0.00440946 1 -0.00403152 -0.000377938
531.28 -0.00516496 1 -0.00410637 -0.0010586
531.73 -0.00592585 1 -0.00418031 -0.00174554
532.18 -0.00468681 1 -0.00425495 -0.000431862
532.64 -0.00244253 1 -0.00433197 0.00188943
533.09 -0.00620364 1 -0.004408 -0.00179564
533.54 -0.00696482 1 -0.0044847 -0.00248012
534 -0.00772077 1 -0.00456378 -0.00315699
534.45 -0.0034821 1 -0.0046418 0.0011597
534.91 -0.00623821 1 -0.00472221 -0.001516
535.36 -0.0049997 1 -0.00480149 -0.000198201
535.81 -0.00376126 1 -0.00488139 0.00112012
536.27 -0.00751762 1 -0.00496367 -0.00255395
536.72 -0.00427935 1 -0.00504474 0.000765393
537.17 -0.00604116 1 -0.00512638 -0.000914785
537.63 -0.00679777 1 -0.00521039 -0.00158738
538.08 -0.00655976 1 -0.00529312 -0.00126664
538.54 -0.00431654 1 -0.00537821 0.00106167
538.99 -0.0070787 1 -0.00546195 -0.00161675
539.44 -0.00384095 1 -0.00554617 0.00170522
539.9 -0.00559801 1 -0.00563274 3.47305e-05
540.35 -0.00636044 1 -0.00571787 -0.000642571
540.8 -0.00712297 1 -0.00580342 -0.00131954
541.26 -0.00788031 1 -0.00589129 -0.00198902
541.71 -0.00764302 1 -0.00597763 -0.00166539
542.16 -0.00640583 1 -0.00606433 -0.000341499
542.62 -0.00516347 1 -0.00615331 0.000989841
543.07 -0.00692647 1 -0.00624067 -0.000685801
543.52 -0.00768957 1 -0.00632833 -0.00136125
543.98 -0.00744751 1 -0.00641821 -0.0010293
544.43 -0.00721082 1 -0.00650639 -0.000704427
544.88 -0.00597423 1 -0.0065948 0.000620573
545.34 -0.00673248 1 -0.00668538 -4.7105e-05
545.79 -0.0064961 1 -0.00677417 0.000278066
546.24 -0.0102598 1 -0.00686311 -0.00339672
546.69 -0.00602365 1 -0.00695217 0.000928519
547.15 -0.00978234 1 -0.00704332 -0.00273902
547.6 -0.00854639 1 -0.00713256 -0.00141383
548.05 -0.00731055 1 -0.00722186 -8.86946e-05
548.51 -0.0100696 1 -0.00731315 -0.00275643
548.96 -0.00883396 1 -0.00740246 -0.0014315
549.41 -0.00459846 1 -0.00749174 0.00289328
549.86 -0.00736307 1 -0.00758095 0.000217881
550.32 -0.00712257 1 -0.00767206 0.00054949
550.77 -0.00588742 1 -0.00776107 0.00187365
551.22 -0.00865238 1 -0.00784994 -0.000802445
551.68 -0.00941225 1 -0.0079406 -0.00147165
552.13 -0.0101775 1 -0.00802909 -0.00214837
552.58 -0.00994278 1 -0.00811734 -0.00182544
553.03 -0.00870823 1 -0.00820534 -0.00050289
553.49 -0.00746859 1 -0.00829499 0.000826397
553.94 -0.00923429 1 -0.00838237 -0.000851922
554.39 -0.00800012 1 -0.0084694 0.000469284
554.84 -0.00776607 1 -0.00855606 0.000789985
555.3 -0.00752695 1 -0.00864421 0.00111726
555.75 -0.00929317 1 -0.00873001 -0.000563156
556.2 -0.00805951 1 -0.00881534 0.000755831
556.65 -0.010826 1 -0.00890017 -0.00192581
557.11 -0.00958741 1 -0.00898634 -0.000601062
557.56 -0.0103541 1 -0.00907008 -0.00128407
558.01 -0.00812103 1 -0.00915322 0.0010322
558.46 -0.00988804 1 -0.00923575 -0.000652289
558.92 -0.01065 1 -0.00931944 -0.00133057
559.37 -0.00741731 1 -0.00940063 0.00198332
559.82 -0.00818474 1 -0.00948112 0.00129637
560.27 -0.00995231 1 -0.00956086 -0.000391451
560.72 -0.00972003 1 -0.00963984 -8.01831e-05
561.18 -0.0104827 1 -0.00971976 -0.000762966
561.63 -0.00925073 1 -0.0097971 0.000546377
562.08 -0.0120189 1 -0.0098736 -0.00214528
562.53 -0.00778717 1 -0.00994921 0.00216204
562.99 -0.00855047 1 -0.0100256 0.0014751
563.44 -0.0103191 1 -0.0100993 -0.000219738
563.89 -0.0100878 1 -0.0101721 8.43076e-05
564.34 -0.00785669 1 -0.0102439 0.00238721
564.79 -0.00762574 1 -0.0103147 0.00268895
565.25 -0.00938981 1 -0.010386 0.000996157
565.7 -0.00915916 1 -0.0104546 0.00129545
566.15 -0.00992867 1 -0.0105222 0.000593493
566.6 -0.0116983 1 -0.0105886 -0.00110974
567.05 -0.0104682 1 -0.0106539 0.00018573
567.5 -0.00823814 1 -0.010718 0.00247987
567.96 -0.0110032 1 -0.0107823 -0.000220842
568.41 -0.0107735 1 -0.010844 7.05483e-05
568.86 -0.00954395 1 -0.0109045 0.00136054
569.31 -0.0113146 1 -0.0109637 -0.000350885
569.76 -0.0120854 1 -0.0110216 -0.00106375
570.21 -0.00985633 1 -0.0110782 0.00122192
570.67 -0.0106224 1 -0.0111348 0.000512401
571.12 -0.0103937 1 -0.0111887 0.00079505
571.57 -0.0121651 1 -0.0112413 -0.000923825
572.02 -0.0119368 1 -0.0112925 -0.000644241
572.47 -0.0117086 1 -0.0113424 -0.000366217
572.92 -0.0104805 1 -0.0113908 0.00091023
573.37 -0.0102527 1 -0.0114378 0.00118508
573.83 -0.01302 1 -0.0114843 -0.00153562
574.28 -0.00979247 1 -0.0115284 0.00173597
574.73 -0.0115652 1 -0.0115711 5.91576e-06
575.18 -0.010338 1 -0.0116122 0.00127421
575.63 -0.00911104 1 -0.0116519 0.00254085
576.08 -0.0118843 1 -0.0116901 -0.000194195
576.53 -0.0106577 1 -0.0117267 0.00106908
576.98 -0.00943124 1 -0.0117619 0.00233066
577.44 -0.0142 1 -0.0117963 -0.00240371
577.89 -0.0119739 1 -0.0118283 -0.000145586
578.34 -0.0137481 1 -0.0118589 -0.00188918
578.79 -0.0125224 1 -0.0118879 -0.000634497
579.24 -0.0122969 1 -0.0119154 -0.000381544
579.69 -0.0120716 1 -0.0119413 -0.000130326
580.14 -0.0138465 1 -0.0119656 -0.00188085
580.59 -0.0136216 1 -0.0119885 -0.0016331
581.04 -0.0133968 1 -0.0120097 -0.0013871
581.49 -0.0121723 1 -0.0120295 -0.000142846
581.95 -0.011943 1 -0.012048 0.000105041
582.4 -0.0127188 1 -0.0120646 -0.00065422
582.85 -0.0124949 1 -0.0120797 -0.000415217
583.3 -0.0142712 1 -0.0120932 -0.00217795
583.75 -0.0120476 1 -0.0121052 5.75906e-05
584.2 -0.0118243 1 -0.0121157 0.000291406
584.65 -0.0126011 1 -0.0121246 -0.000476496
585.1 -0.0123782 1 -0.0121321 -0.000246109
585.55 -0.0111554 1 -0.012138 0.000982576
586 -0.0129329 1 -0.0121425 -0.000790432
586.45 -0.0107106 1 -0.0121455 0.00143488
586.9 -0.0114885 1 -0.012147 0.000658513
587.35 -0.0112665 1 -0.012147 0.000880489
587.8 -0.0130448 1 -0.0121457 -0.000899183
588.25 -0.0118233 1 -0.0121429 0.000319512
588.71 -0.0115971 1 -0.0121385 0.000541393
589.16 -0.0123761 1 -0.0121329 -0.000243172
589.61 -0.0121552 1 -0.0121259 -2.93235e-05
590.06 -0.0129346 1 -0.0121175 -0.000817045
590.51 -0.0107142 1 -0.0121078 0.00139368
590.96 -0.012494 1 -0.0120968 -0.000397127
591.41 -0.012274 1 -0.0120845 -0.000189448
591.86 -0.0120542 1 -0.0120709 1.67374e-05
592.31 -0.0118347 1 -0.0120561 0.00022145
592.76 -0.0116153 1 -0.01204 0.000424713
593.21 -0.0113962 1 -0.0120228 0.000626548
593.66 -0.0101773 1 -0.0120043 0.00182698
594.11 -0.0109587 1 -0.0119847 0.00102603
594.56 -0.0117403 1 -0.011964 0.000223723
595.01 -0.00952206 1 -0.0119421 0.00242009
595.46 -0.0133041 1 -0.0119192 -0.00138485
595.91 -0.0110863 1 -0.0118953 0.000808929
596.36 -0.0108688 1 -0.0118703 0.00100146
596.81 -0.0106515 1 -0.0118443 0.00119277
597.26 -0.00943449 1 -0.0118174 0.00238288
597.71 -0.0112177 1 -0.0117895 0.000571826
598.16 -0.0120011 1 -0.0117607 -0.000240365
598.61 -0.0127848 1 -0.0117311 -0.00105366
599.06 -0.0105686 1 -0.0117006 0.00113196
599.51 -0.00935277 1 -0.0116693 0.00231654
599.96 -0.0101371 1 -0.0116372 0.0015001
600.41 -0.0119218 1 -0.0116044 -0.000317331
600.86 -0.0117066 1 -0.0115709 -0.000135711
601.31 -0.0094917 1 -0.0115367 0.00204499
601.76 -0.010277 1 -0.0115018 0.00122479
602.21 -0.0100626 1 -0.0114664 0.00140374
602.65 -0.0108532 1 -0.0114311 0.000577909
603.1 -0.00963927 1 -0.0113945 0.00175525
603.55 -0.0104256 1 -0.0113574 0.000931834
604 -0.0102122 1 -0.0113198 0.00110768
604.45 -0.010999 1 -0.0112818 0.000282838
604.9 -0.0117861 1 -0.0112434 -0.000542674
605.35 -0.0115734 1 -0.0112046 -0.000368818
605.8 -0.011361 1 -0.0111654 -0.000195562
606.25 -0.0101488 1 -0.0111259 0.000977127
606.7 -0.0109369 1 -0.0110862 0.000149281
607.15 -0.0117252 1 -0.0110462 -0.000679068
607.6 -0.0125138 1 -0.0110059 -0.00150789
608.05 -0.0113027 1 -0.0109655 -0.000337146
608.5 -0.0100918 1 -0.010925 0.000833188
608.95 -0.0128812 1 -0.0108843 -0.00199685
609.39 -0.00967552 1 -0.0108445 0.00116899
609.84 -0.0124654 1 -0.0108037 -0.0016617
610.29 -0.0092556 1 -0.0107629 0.00150732
610.74 -0.010046 1 -0.0107221 0.000676087
611.19 -0.0118368 1 -0.0106814 -0.00115537
611.64 -0.00962773 1 -0.0106407 0.00101298
612.09 -0.011419 1 -0.0106001 -0.000818846
612.54 -0.0102105 1 -0.0105597 0.000349194
612.99 -0.0100023 1 -0.0105194 0.000517123
613.44 -0.0107943 1 -0.0104793 -0.000315033
613.88 -0.00859128 1 -0.0104403 0.00184903
614.33 -0.0103839 1 -0.0104007 1.67822e-05
614.78 -0.0121768 1 -0.0103613 -0.00181547
615.23 -0.00996992 1 -0.0103222 0.000352298
615.68 -0.00976336 1 -0.0102835 0.000520106
616.13 -0.0115571 1 -0.0102451 -0.00131202
616.58 -0.0123511 1 -0.010207 -0.00214406
617.03 -0.0101453 1 -0.0101694 2.40129e-05
617.47 -0.00794447 1 -0.0101329 0.00218848
617.92 -0.0107393 1 -0.0100961 -0.000643175
618.37 -0.0105344 1 -0.0100598 -0.000474655
618.82 -0.0103298 1 -0.0100239 -0.000305946
619.27 -0.0101255 1 -0.00998852 -0.00013703
619.72 -0.0109215 1 -0.00995365 -0.000967889
620.17 -0.0127178 1 -0.0099193 -0.00279851
620.61 -0.0105189 1 -0.00988625 -0.000632644
621.06 -0.0113158 1 -0.00985301 -0.00146274
621.51 -0.0101129 1 -0.00982034 -0.000292558
621.96 -0.0119103 1 -0.00978826 -0.00212208
622.41 -0.00970808 1 -0.00975679 4.87128e-05
622.86 -0.00950611 1 -0.00972593 0.000219822
623.3 -0.0123089 1 -0.00969636 -0.00261255
623.75 -0.0101075 1 -0.00966676 -0.000440784
624.2 -0.00990646 1 -0.00963779 -0.000268669
624.65 -0.00970569 1 -0.00960949 -9.61999e-05
625.1 -0.00950521 1 -0.00958184 7.66288e-05
625.54 -0.0103095 1 -0.00955546 -0.00075403
625.99 -0.0111096 1 -0.00952914 -0.00158048
626.44 -0.01091 1 -0.0095035 -0.00140655
626.89 -0.0107108 1 -0.00947854 -0.00123224
627.34 -0.00751183 1 -0.00945426 0.00194244
627.78 -0.00831759 1 -0.00943119 0.0011136
628.23 -0.0111193 1 -0.00940828 -0.00171098
628.68 -0.00992122 1 -0.00938605 -0.000535175
629.13 -0.0107235 1 -0.0093645 -0.001359
629.58 -0.0105261 1 -0.00934364 -0.00118245
630.02 -0.00933338 1 -0.0093239 -9.47842e-06
630.47 -0.0101366 1 -0.00930438 -0.000832214
630.92 -0.0109401 1 -0.00928554 -0.00165459
631.37 -0.010744 1 -0.00926736 -0.00147662
631.81 -0.0095525 1 -0.00925022 -0.00030228
632.26 -0.010357 1 -0.00923334 -0.00112364
632.71 -0.0121618 1 -0.0092171 -0.00294469
633.16 -0.0109669 1 -0.0092015 -0.00176541
633.61 -0.00977237 1 -0.00918653 -0.000585838
634.05 -0.0115825 1 -0.00917248 -0.00240997
634.5 -0.0103885 1 -0.00915871 -0.00122984
634.95 -0.010195 1 -0.00914553 -0.00104943
635.4 -0.0110017 1 -0.00913293 -0.00186878
635.84 -0.00981307 1 -0.00912115 -0.000691915
636.29 -0.00862047 1 -0.00910966 0.000489189
636.74 -0.0084282 1 -0.00909869 0.000670497
637.18 -0.00824052 1 -0.00908848 0.000847957
637.63 -0.00804891 1 -0.00907853 0.00102962
638.08 -0.00985763 1 -0.00906906 -0.000788568
638.53 -0.0106667 1 -0.00906007 -0.00160662
638.97 -0.0104803 1 -0.00905171 -0.00142861
639.42 -0.01029 1 -0.00904358 -0.00124646
639.87 -0.0091001 1 -0.00903587 -6.42316e-05
640.32 -0.00891051 1 -0.00902855 0.000118046
640.76 -0.00872545 1 -0.00902176 0.000296302
641.21 -0.00953653 1 -0.00901515 -0.000521381
641.66 -0.00834796 1 -0.00900888 0.000660923
642.1 -0.0081639 1 -0.00900304 0.000839141
642.55 -0.00897601 1 -0.00899736 2.13507e-05
643 -0.00878846 1 -0.00899194 0.000203478
643.44 -0.00960542 1 -0.00898687 -0.000618545
643.89 -0.00741856 1 -0.00898191 0.00156335
644.34 -0.010232 1 -0.00897714 -0.00125491
644.79 -0.0110459 1 -0.00897254 -0.00207335
645.23 -0.00886421 1 -0.00896818 0.000103972
645.68 -0.00967875 1 -0.00896385 -0.000714898
646.13 -0.00949365 1 -0.00895962 -0.000534023
646.57 -0.008313 1 -0.00895556 0.000642561
647.02 -0.0101286 1 -0.00895145 -0.00117714
647.47 -0.00594455 1 -0.00894738 0.00300282
647.91 -0.00676495 1 -0.00894339 0.00217844
648.36 -0.00858162 1 -0.00893929 0.000357675
648.81 -0.00639865 1 -0.00893515 0.0025365
649.25 -0.00922009 1 -0.00893102 -0.000289069
649.7 -0.0100378 1 -0.00892671 -0.00111113
650.15 -0.00685595 1 -0.00892228 0.00206633
650.59 -0.00867846 1 -0.00891781 0.000239348
651.04 -0.0084973 1 -0.00891306 0.000415769
651.48 -0.00632051 1 -0.00890824 0.00258773
651.93 -0.00814008 1 -0.00890309 0.000763014
652.38 -0.00996001 1 -0.0088977 -0.00106231
652.82 -0.00678431 1 -0.00889218 0.00210787
653.27 -0.00760498 1 -0.00888624 0.00128127
653.72 -0.00842602 1 -0.00888 0.000453976
654.16 -0.0092514 1 -0.00887357 -0.000377835
654.61 -0.00707319 1 -0.00886664 0.00179345
655.06 -0.00789535 1 -0.00885934 0.000963986
655.5 -0.00972183 1 -0.00885181 -0.000870022
655.95 -0.00954474 1 -0.0088437 -0.000701048
656.39 -0.013372 1 -0.00883533 -0.00453662
656.84 -0.0101956 1 -0.00882633 -0.0013693
657.29 -0.00601967 1 -0.00881683 0.00279717
657.73 -0.008848 1 -0.00880707 -4.09269e-05
658.18 -0.0096728 1 -0.00879657 -0.000876235
658.62 -0.00750187 1 -0.00878577 0.0012839
659.07 -0.00832744 1 -0.00877419 0.000446744
659.52 -0.0071534 1 -0.00876202 0.00160862
659.96 -0.0069836 1 -0.00874956 0.00176596
660.41 -0.00581033 1 -0.00873621 0.00292588
660.85 -0.00764129 1 -0.00872255 0.00108126
661.3 -0.00846879 1 -0.00870794 0.000239153
661.74 -0.00730051 1 -0.00869303 0.00139252
662.19 -0.00812879 1 -0.00867712 0.000548327
662.64 -0.00695747 1 -0.00866052 0.00170305
663.08 -0.00679034 1 -0.00864362 0.00185328
663.53 -0.0086198 1 -0.00862563 5.83217e-06
663.97 -0.00545344 1 -0.00860735 0.00315391
664.42 -0.0062837 1 -0.00858793 0.00230423
664.86 -0.00611811 1 -0.00856822 0.00245011
665.31 -0.00794916 1 -0.00854732 0.000598163
665.75 -0.00978435 1 -0.00852615 -0.0012582
666.2 -0.0056162 1 -0.00850374 0.00288754
666.65 -0.00644846 1 -0.00848055 0.0020321
667.09 -0.00628483 1 -0.00845712 0.00217229
667.54 -0.00511789 1 -0.00843237 0.00331448
667.98 -0.00795506 1 -0.00840741 0.000452349
668.43 -0.00678893 1 -0.00838108 0.00159215
668.87 -0.00862689 1 -0.00835456 -0.000272329
669.32 -0.00746157 1 -0.00832663 0.000865062
669.76 -0.00730033 1 -0.00829854 0.000998214
670.21 -0.00613583 1 -0.00826901 0.00213318
670.65 -0.00897539 1 -0.00823934 -0.000736054
671.1 -0.00581172 1 -0.00820819 0.00239647
671.54 -0.00565209 1 -0.00817694 0.00252485
671.99 -0.00748924 1 -0.00814417 0.000654925
672.43 -0.00833042 1 -0.00811133 -0.000219086
672.88 -0.00816841 1 -0.00807695 -9.14568e-05
673.32 -0.0060104 1 -0.00804254 0.00203214
673.77 -0.00784923 1 -0.00800655 0.000157329
674.21 -0.00769204 1 -0.00797058 0.000278544
674.66 -0.0075317 1 -0.007933 0.000401298
675.1 -0.00837534 1 -0.00789548 -0.000479859
675.55 -0.0102159 1 -0.00785633 -0.00235952
675.99 -0.00706032 1 -0.00781729 0.000756965
676.44 -0.00790168 1 -0.00777658 -0.000125097
676.88 -0.00674698 1 -0.00773603 0.000989056
677.33 -0.00658919 1 -0.00769381 0.00110462
677.77 -0.00743533 1 -0.00765179 0.000216462
678.22 -0.0062784 1 -0.00760808 0.00132968
678.66 -0.00812538 1 -0.00756462 -0.000560758
679.11 -0.00796931 1 -0.00751946 -0.000449856
679.55 -0.00481714 1 -0.0074746 0.00265746
679.99 -0.00766538 1 -0.00742907 -0.000236315
680.44 -0.00451061 1 -0.00738181 0.0028712
680.88 -0.00835971 1 -0.00733494 -0.00102477
681.33 -0.00720582 1 -0.00728634 8.0527e-05
681.77 -0.00905577 1 -0.00723819 -0.00181758
682.22 -0.00690275 1 -0.00718829 0.000285541
682.66 -0.00475357 1 -0.0071389 0.00238533
683.11 -0.00760143 1 -0.00708777 -0.000513664
683.55 -0.00745311 1 -0.00703719 -0.000415923
683.99 -0.00830522 1 -0.00698605 -0.00131918
684.44 -0.00815441 1 -0.00693317 -0.00122124
684.88 -0.00700739 1 -0.00688093 -0.000126468
685.33 -0.00785748 1 -0.00682696 -0.00103052
685.77 -0.00771134 1 -0.00677367 -0.000937661
686.21 -0.00756563 1 -0.0067199 -0.000845723
686.66 -0.00641706 1 -0.00666442 0.000247362
687.1 -0.00627223 1 -0.0066097 0.000337473
687.55 -0.00812456 1 -0.00655328 -0.00157128
687.99 -0.00598062 1 -0.00649769 0.000517068
688.44 -0.00483386 1 -0.00644041 0.00160654
688.88 -0.00669081 1 -0.006384 -0.000306812
689.32 -0.00454821 1 -0.00632722 0.00177901
689.77 -0.00740281 1 -0.00626877 -0.00113404
690.21 -0.0052611 1 -0.00621128 0.00095018
690.65 -0.00811984 1 -0.00615347 -0.00196637
691.1 -0.00697582 1 -0.00609402 -0.000881802
691.54 -0.00783546 1 -0.0060356 -0.00179986
691.99 -0.00769237 1 -0.00597557 -0.0017168
692.43 -0.00855292 1 -0.00591662 -0.0026363
692.87 -0.00941391 1 -0.00585743 -0.00355648
693.32 -0.00727222 1 -0.00579667 -0.00147555
693.76 -0.00713413 1 -0.00573705 -0.00139707
694.2 -0.00599649 1 -0.00567726 -0.000319236
694.65 -0.0078562 1 -0.00561592 -0.00224027
695.09 -0.00471948 1 -0.00555581 0.000836325
695.53 -0.00958322 1 -0.00549556 -0.00408767
695.98 -0.00744434 1 -0.00543382 -0.00201052
696.42 -0.00630901 1 -0.00537336 -0.00093565
696.86 -0.00717414 1 -0.00531282 -0.00186132
697.31 -0.00903668 1 -0.00525084 -0.00378584
697.75 -0.00690274 1 -0.00519019 -0.00171255
698.19 -0.00676927 1 -0.00512952 -0.00163975
698.64 -0.00663324 1 -0.00506745 -0.00156579
699.08 -0.0065007 1 -0.00500677 -0.00149393
699.52 -0.00736863 1 -0.00494611 -0.00242252
699.97 -0.00423405 1 -0.00488412 0.000650073
700.41 -0.00510292 1 -0.00482356 -0.000279365
700.85 -0.00597227 1 -0.00476307 -0.0012092
701.3 -0.00783914 1 -0.0047013 -0.00313784
701.74 -0.00670944 1 -0.004641 -0.00206843
702.18 -0.00758021 1 -0.00458083 -0.00299938
702.63 -0.00744853 1 -0.00451942 -0.00292911
703.07 -0.00432027 1 -0.00445953 0.000139268
703.51 -0.00519247 1 -0.00439981 -0.000792663
703.96 -0.00406227 1 -0.00433891 0.000276644
704.4 -0.00493544 1 -0.00427957 -0.000655877
704.84 -0.0048091 1 -0.00422043 -0.000588669
705.28 -0.00568323 1 -0.00416151 -0.00152172
705.73 -0.005555 1 -0.00410149 -0.0014535
706.17 -0.0064301 1 -0.00404306 -0.00238704
706.61 -0.00630569 1 -0.0039849 -0.0023208
707.06 -0.00717896 1 -0.00392569 -0.00325327
707.5 -0.00605553 1 -0.00386809 -0.00218744
707.94 -0.00493258 1 -0.00381079 -0.0011218
708.38 -0.00581013 1 -0.0037538 -0.00205633
708.83 -0.00468539 1 -0.00369584 -0.000989549
709.27 -0.00456393 1 -0.00363952 -0.000924409
709.71 -0.00544295 1 -0.00358353 -0.00185942
710.15 -0.00132246 1 -0.00352791 0.00220544
710.6 -0.00519975 1 -0.00347139 -0.00172836
711.04 -0.00708026 1 -0.00341652 -0.00366375
711.48 -0.00296127 1 -0.00336202 0.000400753
711.92 -0.00484277 1 -0.00330793 -0.00153485
712.37 -0.0067221 1 -0.00325302 -0.00346908
712.81 -0.00660461 1 -0.00319975 -0.00340486
713.25 -0.00648762 1 -0.0031469 -0.00334072
713.69 -0.00737113 1 -0.00309448 -0.00427664
714.13 -0.00225514 1 -0.0030425 0.000787365
714.58 -0.00313703 1 -0.0029898 -0.00014723
715.02 -0.00402206 1 -0.00293873 -0.00108333
715.46 -0.00490759 1 -0.00288811 -0.00201948
715.9 -0.00579362 1 -0.00283796 -0.00295566
716.35 -0.00467759 1 -0.00278716 -0.00189043
716.79 -0.00256466 1 -0.00273797 0.000173318
717.23 -0.00145223 1 -0.00268927 0.00123704
717.67 -0.00234031 1 -0.00264105 0.000300748
718.11 -0.0022289 1 -0.00259333 0.000364436
718.56 -0.00311548 1 -0.00254504 -0.000570442
719 -0.00300511 1 -0.00249833 -0.000506777
719.44 -0.00189525 1 -0.00245213 0.000556882
719.88 -0.00178591 1 -0.00240644 0.000620537
720.32 -0.00367708 1 -0.00236127 -0.00131581
720.76 -0.00256876 1 -0.00231661 -0.000252155
721.21 -0.00445853 1 -0.00227148 -0.00218705
721.65 -0.00435126 1 -0.00222787 -0.00212339
722.09 -0.00224452 1 -0.0021848 -5.97213e-05
722.53 -0.0031383 1 -0.00214225 -0.000996047
722.97 -0.0010326 1 -0.00210023 0.00106764
723.41 -0.00492742 1 -0.00205875 -0.00286867
723.86 -0.000820397 1 -0.00201687 0.00119647
724.3 -0.00171628 1 -0.00197646 0.000260179
724.74 -0.000612694 1 -0.00193659 0.00132389
725.18 -0.000509632 1 -0.00189725 0.00138762
725.62 -0.0014071 1 -0.00185845 0.000451346
726.06 -0.000305097 1 -0.00182018 0.00151508
726.5 -0.00420362 1 -0.00178245 -0.00242118
726.95 -0.0031004 1 -0.00174441 -0.00135599
727.39 0 1 -0.00170776 0.00170776
727.83 -0.00390014 1 -0.00167164 -0.0022285
728.27 -0.0018008 1 -0.00163606 -0.000164748
728.71 -0.001702 1 -0.001601 -0.000100995
729.15 0.000396284 1 -0.00156648 0.00196276
729.59 0.00149405 1 -0.00153248 0.00302653
730.03 -0.0034087 1 -0.00149901 -0.00190969
730.48 -0.000309777 1 -0.00146532 0.00115555
730.92 -0.00121356 1 -0.00143291 0.000219349
731.36 0.000882147 1 -0.00140102 0.00228317
731.8 -0.00102265 1 -0.00136964 0.000346998
732.24 0.00207206 1 -0.00133878 0.00341085
732.68 0.00016628 1 -0.00130843 0.00147471
733.12 -0.000739995 1 -0.00127859 0.000538593
733.56 0.000353242 1 -0.00124925 0.00160249
734 0.000445995 1 -0.00122041 0.00166641
734.44 -0.000461732 1 -0.00119208 0.000730345
734.89 -0.000367854 1 -0.00116361 0.000795753
735.33 0.00172346 1 -0.00113627 0.00285972
735.77 0.0038143 1 -0.00110941 0.00492371
736.21 0.00190468 1 -0.00108304 0.00298772
736.65 -5.40582e-06 1 -0.00105715 0.00105174
737.09 0.00408405 1 -0.00103173 0.00511578
737.53 0.00317305 1 -0.00100678 0.00417983
737.97 0.0052616 1 -0.0009823 0.0062439
738.41 0.0013497 1 -0.000958279 0.00230798
738.85 0.00443736 1 -0.000934716 0.00537208
739.29 0.00352458 1 -0.000911604 0.00443618
739.73 0.00361136 1 -0.00088894 0.0045003
740.17 0.0036977 1 -0.000866719 0.00456442
740.61 0.00378362 1 -0.000844935 0.00462855
741.05 0.0058691 1 -0.000823584 0.00669269
741.49 0.00395417 1 -0.00080266 0.00475683
741.93 0.00403882 1 -0.00078216 0.00482098
742.37 0.00312305 1 -0.000762077 0.00388512
742.81 0.00220686 1 -0.000742406 0.00294927
743.26 0.00229216 1 -0.00072271 0.00301487
743.7 0.00237516 1 -0.000703858 0.00307902
744.14 0.00445775 1 -0.000685403 0.00514315
744.58 0.00353994 1 -0.000667339 0.00420728
745.02 0.00262174 1 -0.00064966 0.00327141
745.46 0.00470315 1 -0.000632363 0.00533552
745.9 0.00278418 1 -0.000615441 0.00339962
746.34 0.00186481 1 -0.000598889 0.0024637
746.78 0.00294507 1 -0.000582701 0.00352777
747.22 0.00402495 1 -0.000566873 0.00459183
747.66 0.00410446 1 -0.000551399 0.00465586
748.1 0.0031836 1 -0.000536272 0.00371987
748.54 0.00426238 1 -0.000521489 0.00478386
748.98 0.000340787 1 -0.000507043 0.00084783
749.42 0.00341884 1 -0.00049293 0.00391177
749.86 0.00449654 1 -0.000479143 0.00497568
750.29 0.000572127 1 -0.000465981 0.00103811
750.73 0.00164913 1 -0.000452825 0.00210196
751.17 0.00272579 1 -0.000439979 0.00316577
751.61 -0.000197888 1 -0.00042744 0.000229551
752.05 0.00387809 1 -0.0004152 0.00429329
752.49 0.00195374 1 -0.000403256 0.002357
752.93 0.00102906 1 -0.000391602 0.00142066
753.37 0.00210405 1 -0.000380232 0.00248428
753.81 0.00217872 1 -0.000369142 0.00254786
754.25 0.000253066 1 -0.000358326 0.000611392
754.69 0.000327098 1 -0.000347779 0.000674878
755.13 0.000400818 1 -0.000337497 0.000738315
755.57 0.00347423 1 -0.000327474 0.0038017
756.01 0.00454733 1 -0.000317705 0.00486504
756.45 0.00362014 1 -0.000308185 0.00392832
756.89 0.00469264 1 -0.00029891 0.00499155
757.33 0.00376485 1 -0.000289874 0.00405473
757.77 0.00183677 1 -0.000281073 0.00211785
758.21 0.000908405 1 -0.000272503 0.00118091
758.64 0.000978134 1 -0.000264344 0.00124248
759.08 -0.00195079 1 -0.000256214 -0.00169458
759.52 0.00412001 1 -0.000248301 0.00436831
759.96 0.00519053 1 -0.000240599 0.00543113
760.4 0.00126078 1 -0.000233104 0.00149389
760.84 -0.000669229 1 -0.000225812 -0.000443417
761.28 0.0014005 1 -0.000218719 0.00161921
761.72 0.00446996 1 -0.000211819 0.00468178
762.16 0.00153917 1 -0.000205109 0.00174428
762.6 0.000608131 1 -0.000198585 0.000806717
763.03 0.000675283 1 -0.000192385 0.000867667
763.47 -0.000256246 1 -0.000186215 -7.00309e-05
763.91 0.00381198 1 -0.000180219 0.0039922
764.35 0.000879975 1 -0.000174393 0.00105437
764.79 -0.00105227 1 -0.000168732 -0.000883535
765.23 1.52601e-05 1 -0.000163233 0.000178493
765.67 0.00208256 1 -0.000157891 0.00224045
766.11 -0.00285036 1 -0.000152704 -0.00269766
766.54 -0.000785024 1 -0.00014778 -0.000637244
766.98 0.000281621 1 -0.000142887 0.000424508
767.42 0.00134805 1 -0.000138137 0.00148619
767.86 0.000414277 1 -0.000133527 0.000547804
768.3 0.00248029 1 -0.000129053 0.00260935
768.74 0.00454611 1 -0.000124713 0.00467082
769.17 0.00361024 1 -0.000120596 0.00373083
769.61 0.00367566 1 -0.000116509 0.00379217
770.05 -0.000259103 1 -0.000112546 -0.000146558
770.49 0.000805943 1 -0.000108702 0.000914645
770.93 0.0028708 1 -0.000104976 0.00297578
771.37 -0.00206451 1 -0.000101364 -0.00196315
771.8 -1.47429e-06 1 -9.79409e-05 9.64666e-05
772.24 -0.00093714 1 -9.45456e-05 -0.000842595
772.68 -0.000872977 1 -9.12558e-05 -0.000781721
773.12 -0.000808979 1 -8.80686e-05 -0.000720911
773.56 0.00125485 1 -8.49814e-05 0.00133984
774 -0.000681471 1 -8.19914e-05 -0.00059948
774.43 0.00138061 1 -7.91607e-05 0.00145977
774.87 0.00244398 1 -7.63553e-05 0.00252033
775.31 -0.000492804 1 -7.36394e-05 -0.000419165
775.75 -0.000429729 1 -7.10106e-05 -0.000358718
776.19 -0.000366796 1 -6.84665e-05 -0.000298329
776.62 0.000694574 1 -6.60598e-05 0.000760634
777.06 0.00175724 1 -6.36762e-05 0.00182091
777.5 0.00381977 1 -6.13705e-05 0.00388114
777.94 0.00188218 1 -5.91403e-05 0.00194132
778.37 -0.00105696 1 -5.70318e-05 -0.000999926
778.81 0.00100521 1 -5.49448e-05 0.00106015
779.25 0.00106725 1 -5.29272e-05 0.00112018
779.69 0.00212918 1 -5.09768e-05 0.00218016
780.13 0.00219101 1 -4.90917e-05 0.0022401
780.56 0.00125132 1 -4.73108e-05 0.00129863
781 0.00131294 1 -4.55493e-05 0.00135849
781.44 0.000374455 1 -4.38476e-05 0.000418303
781.88 0.000435877 1 -4.22038e-05 0.000478081
782.31 -0.00150419 1 -4.06518e-05 -0.00146354
782.75 -0.00144294 1 -3.91175e-05 -0.00140383
783.19 0.00161821 1 -3.76362e-05 0.00165585
783.63 -0.00232071 1 -3.62061e-05 -0.0022845
784.06 -0.0012611 1 -3.48566e-05 -0.00122624
784.5 0.00379983 1 -3.35234e-05 0.00383335
784.94 -0.00113932 1 -3.22369e-05 -0.00110708
785.37 0.00092009 1 -3.10233e-05 0.000951113
785.81 0.00298082 1 -2.9825e-05 0.00301064
786.25 0.00104148 1 -2.86691e-05 0.00107015
786.69 -0.00189791 1 -2.75543e-05 -0.00187036
787.12 0.00116127 1 -2.65034e-05 0.00118777
787.56 -0.000778225 1 -2.54662e-05 -0.000752759
788 0.00328224 1 -2.44663e-05 0.0033067
788.43 0.00334128 1 -2.35242e-05 0.00336481
788.87 0.00240166 1 -2.25946e-05 0.00242426
789.31 -0.000537994 1 -2.1699e-05 -0.000516295
789.75 -0.000477681 1 -2.08361e-05 -0.000456845
790.18 -0.00141877 1 -2.00234e-05 -0.00139874
790.62 0.00164149 1 -1.92221e-05 0.00166072
791.06 -0.000298267 1 -1.84505e-05 -0.000279816
791.49 -0.000239413 1 -1.77241e-05 -0.000221689
791.93 -0.00117921 1 -1.70081e-05 -0.0011622
792.37 0.00388099 1 -1.63189e-05 0.00389731
792.8 0.000939813 1 -1.56704e-05 0.000955484
793.24 0 1 -1.50315e-05 1.50315e-05
793.68 0.00406019 1 -1.44168e-05 0.0040746
794.11 0.000119009 1 -1.38386e-05 0.000132847
794.55 0.00317921 1 -1.32692e-05 0.00319247
794.99 0.00323941 1 -1.27215e-05 0.00325214
795.42 0.00329827 1 -1.22066e-05 0.00331047
795.86 0.00435851 1 -1.16998e-05 0.00437021
796.3 0.00141877 1 -1.12125e-05 0.00142998
796.73 0.00147768 1 -1.07546e-05 0.00148844
797.17 0.00253799 1 -1.0304e-05 0.0025483
797.61 -0.000401661 1 -9.87104e-06 -0.00039179
798.04 -0.00334265 1 -9.46427e-06 -0.00333319
798.48 0.000717764 1 -9.06422e-06 0.000726829
798.91 0.000776851 1 -8.6885e-06 0.000785539
799.35 -0.000162644 1 -8.31909e-06 -0.000154325
799.79 0.00489791 1 -7.96434e-06 0.00490588
800.22 -4.28582e-05 1 -7.6313e-06 -3.52269e-05
800.66 -0.00198219 1 -7.30399e-06 -0.00197489
801.1 7.85293e-05 1 -6.9898e-06 8.55191e-05
