500.34 0.00323956 1 -0.00180224 0.00504179
500.8 0.00463759 1 -0.0018412 0.00647879
501.25 0.00402698 1 -0.0018799 0.00590688
501.71 0.00042503 1 -0.00192005 0.00234508
502.17 0.00182309 1 -0.0019608 0.00378389
502.62 0.00221251 1 -0.00200125 0.00421375
503.08 0.00161058 1 -0.00204319 0.00365377
503.53 0 1 -0.00208481 0.00208481
503.99 -0.000601926 1 -0.00212796 0.00152604
504.44 0.000787493 1 -0.00217076 0.00295825
504.9 0.00118556 1 -0.00221511 0.00340068
505.36 -0.00241638 1 -0.00226008 -0.000156298
505.81 0.000973023 1 -0.00230466 0.00327768
506.27 0.00237107 1 -0.00235083 0.0047219
506.72 0.00276044 1 -0.00239659 0.00515704
507.18 0.00215846 1 -0.00244398 0.00460244
507.63 0.00154781 1 -0.00249092 0.00403873
508.09 0.000945788 1 -0.00253952 0.0034853
508.54 -0.0016649 1 -0.00258764 0.00092274
509 0.000733034 1 -0.00263744 0.00337047
509.45 -0.000877704 1 -0.00268674 0.00180904
509.91 -0.00147982 1 -0.00273774 0.00125792
510.36 0.000909388 1 -0.00278821 0.0036976
510.82 -0.00269279 1 -0.0028404 0.000147615
511.27 -0.00330364 1 -0.00289204 -0.000411607
511.73 -0.00190589 1 -0.00294541 0.00103952
512.19 -0.000508167 1 -0.00299937 0.0024912
512.64 -0.00211913 1 -0.00305273 0.000933597
513.1 -0.0017215 1 -0.00310786 0.00138636
513.55 -0.00133255 1 -0.00316235 0.0018298
514.01 -0.002935 1 -0.00321862 0.000283625
514.46 -0.00354614 1 -0.00327423 -0.00027191
514.92 -0.00214869 1 -0.00333163 0.00118294
515.37 -0.00175993 1 -0.00338833 0.0016284
515.83 -0.00236258 1 -0.00344684 0.00108426
516.28 -0.00297393 1 -0.00350462 0.000530689
516.73 -0.00358533 1 -0.00356292 -2.24166e-05
517.19 -0.00418816 1 -0.00362305 -0.000565118
517.64 -0.00679969 1 -0.00368238 -0.0031173
518.1 -0.00540264 1 -0.00374356 -0.00165908
518.55 -0.00601429 1 -0.00380391 -0.00221039
519.01 -0.00661738 1 -0.0038661 -0.00275128
519.46 -0.00422917 1 -0.00392743 -0.00030174
519.92 -0.00183241 1 -0.00399062 0.00215821
520.37 -0.00544434 1 -0.0040529 -0.00139144
520.83 -0.00604772 1 -0.00411703 -0.00193069
521.28 -0.00565981 1 -0.00418023 -0.00147958
521.74 -0.00526335 1 -0.00424529 -0.00101807
522.19 -0.0038756 1 -0.00430936 0.000433765
522.65 -0.00647931 1 -0.0043753 -0.00210401
523.1 -0.00309172 1 -0.00444021 0.00134849
523.55 -0.00670422 1 -0.00450552 -0.0021987
524.01 -0.0033082 1 -0.00457269 0.00126449
524.46 -0.00692088 1 -0.00463878 -0.0022821
524.92 -0.00652505 1 -0.00470672 -0.00181833
525.37 -0.00713792 1 -0.00477354 -0.00236438
525.83 -0.00774228 1 -0.0048422 -0.00290008
526.28 -0.00835535 1 -0.0049097 -0.00344565
526.73 -0.00396852 1 -0.00497752 0.00100901
527.19 -0.00357319 1 -0.00504717 0.00147397
527.64 -0.00518657 1 -0.00511559 -7.09754e-05
528.1 -0.00479146 1 -0.00518582 0.000394366
528.55 -0.00840505 1 -0.0052548 -0.00315025
529.01 -0.00601017 1 -0.00532557 -0.0006846
529.46 -0.00762399 1 -0.00539504 -0.00222895
529.91 -0.00723792 1 -0.00546473 -0.00177319
530.37 -0.00584339 1 -0.00553619 -0.000307201
530.82 -0.00745756 1 -0.00560629 -0.00185127
531.28 -0.00706328 1 -0.00567813 -0.00138515
531.73 -0.0106777 1 -0.00574857 -0.00492912
532.18 -0.00829223 1 -0.00581916 -0.00247307
532.64 -0.00489834 1 -0.00589145 0.000993115
533.09 -0.00751313 1 -0.00596229 -0.00155085
533.54 -0.00712806 1 -0.00603322 -0.00109484
534 -0.00873457 1 -0.00610581 -0.00262876
534.45 -0.00634976 1 -0.00617689 -0.000172875
534.91 -0.00695655 1 -0.00624959 -0.000706957
535.36 -0.00457202 1 -0.00632074 0.00174872
535.81 -0.00618764 1 -0.00639191 0.00020427
536.27 -0.00979486 1 -0.00646464 -0.00333021
536.72 -0.00441076 1 -0.00653577 0.00212501
537.17 -0.00902681 1 -0.00660686 -0.00241995
537.63 -0.00963449 1 -0.00667946 -0.00295502
538.08 -0.00825084 1 -0.00675041 -0.00150043
538.54 -0.00485882 1 -0.00682282 0.001964
538.99 -0.00947549 1 -0.00689354 -0.00258194
539.44 -0.00709231 1 -0.00696413 -0.000128178
539.9 -0.00870077 1 -0.00703612 -0.00166466
540.35 -0.00731792 1 -0.00710636 -0.000211552
540.8 -0.00693522 1 -0.00717642 0.000241194
541.26 -0.00754419 1 -0.0072478 -0.000296392
541.71 -0.00916183 1 -0.00731739 -0.00184444
542.16 -0.0107796 1 -0.00738673 -0.00339291
542.62 -0.00838913 1 -0.00745733 -0.000931802
543.07 -0.00900728 1 -0.00752609 -0.00148119
543.52 -0.00762561 1 -0.00759453 -3.10776e-05
543.98 -0.00623564 1 -0.00766415 0.00142851
544.43 -0.00985433 1 -0.0077319 -0.00212243
544.88 -0.0104732 1 -0.00779927 -0.00267393
545.34 -0.00708378 1 -0.00786772 0.000783942
545.79 -0.00870302 1 -0.00793427 -0.000768751
546.24 -0.0103224 1 -0.00800038 -0.00232207
546.69 -0.00794206 1 -0.00806603 0.00012397
547.15 -0.0105534 1 -0.00813264 -0.00242077
547.6 -0.0111734 1 -0.0081973 -0.00297611
548.05 -0.0107936 1 -0.00826145 -0.00253216
548.51 -0.0104056 1 -0.00832646 -0.00207911
548.96 -0.00802616 1 -0.00838949 0.000363332
549.41 -0.00664695 1 -0.00845194 0.00180499
549.86 -0.00626795 1 -0.0085138 0.00224585
550.32 -0.00688073 1 -0.00857638 0.00169565
550.77 -0.00950214 1 -0.00863696 -0.000865184
551.22 -0.00912376 1 -0.00869688 -0.000426885
551.68 -0.0107372 1 -0.00875743 -0.00197976
552.13 -0.00835924 1 -0.00881595 0.000456713
552.58 -0.0109815 1 -0.00887376 -0.00210774
553.03 -0.00760398 1 -0.00893083 0.00132685
553.49 -0.00721829 1 -0.00898839 0.00177009
553.94 -0.0108412 1 -0.0090439 -0.00179731
554.39 -0.0104644 1 -0.00909863 -0.00136573
554.84 -0.00808773 1 -0.00915254 0.00106481
555.3 -0.00470296 1 -0.00920679 0.00450383
555.75 -0.00932679 1 -0.009259 -6.77916e-05
556.2 -0.00995085 1 -0.00931034 -0.000640508
556.65 -0.00757514 1 -0.00936079 0.00178566
557.11 -0.00819132 1 -0.00941144 0.00122012
557.56 -0.00981609 1 -0.00946005 -0.000356039
558.01 -0.00744109 1 -0.00950772 0.00206663
558.46 -0.00806634 1 -0.00955444 0.0014881
558.92 -0.00968351 1 -0.00960119 -8.23114e-05
559.37 -0.00930924 1 -0.00964593 0.00033669
559.82 -0.00793523 1 -0.00968967 0.00175444
560.27 -0.00856146 1 -0.00973238 0.00117093
560.72 -0.00818794 1 -0.00977407 0.00158613
561.18 -0.00980638 1 -0.00981559 9.20944e-06
561.63 -0.00843337 1 -0.00985514 0.00142176
562.08 -0.0100606 1 -0.00989361 -0.00016702
562.53 -0.00668813 1 -0.00993098 0.00324285
562.99 -0.00830763 1 -0.00996805 0.00166041
563.44 -0.00893567 1 -0.0100032 0.0010675
563.89 -0.00856397 1 -0.0100372 0.0014732
564.34 -0.00719254 1 -0.01007 0.00287749
564.79 -0.00882137 1 -0.0101017 0.00128035
565.25 -0.0104422 1 -0.0101329 -0.000309325
565.7 -0.00907162 1 -0.0101622 0.00109062
566.15 -0.0107013 1 -0.0101904 -0.000510906
566.6 -0.0103312 1 -0.0102173 -0.000113905
567.05 -0.0119614 1 -0.010243 -0.00171839
567.5 -0.00759192 1 -0.0102675 0.00267562
567.96 -0.0102145 1 -0.0102913 7.68309e-05
568.41 -0.00984556 1 -0.0103133 0.00046778
568.86 -0.0104769 1 -0.0103341 -0.000142803
569.31 -0.0111086 1 -0.0103536 -0.000754927
569.76 -0.0117405 1 -0.0103719 -0.0013686
570.21 -0.0093727 1 -0.0103889 0.00101617
570.67 -0.0109971 1 -0.0104049 -0.000592138
571.12 -0.00962987 1 -0.0104193 0.000789451
571.57 -0.010263 1 -0.0104324 0.000169457
572.02 -0.0108964 1 -0.0104443 -0.000452126
572.47 -0.0105301 1 -0.0104548 -7.53061e-05
572.92 -0.0101641 1 -0.0104641 0.000299912
573.37 -0.00979848 1 -0.010472 0.000673523
573.83 -0.011425 1 -0.0104788 -0.00094623
574.28 -0.00905995 1 -0.0104841 0.00142412
574.73 -0.00969522 1 -0.0104881 0.00079284
575.18 -0.0093308 1 -0.0104907 0.00115994
575.63 -0.00996669 1 -0.0104921 0.000525413
576.08 -0.0116029 1 -0.0104922 -0.00111074
576.53 -0.0102394 1 -0.0104909 0.000251466
576.98 -0.0088763 1 -0.0104883 0.00161204
577.44 -0.0125054 1 -0.0104844 -0.00202106
577.89 -0.00914293 1 -0.0104791 0.00133622
578.34 -0.0107808 1 -0.0104726 -0.000308147
578.79 -0.0124189 1 -0.0104648 -0.00195415
579.24 -0.0110574 1 -0.0104557 -0.000601777
579.69 -0.00969628 1 -0.0104452 0.000748959
580.14 -0.0123355 1 -0.0104335 -0.00190193
580.59 -0.010975 1 -0.0104205 -0.000554457
581.04 -0.0126148 1 -0.0104062 -0.0022086
581.49 -0.011255 1 -0.0103906 -0.000864372
581.95 -0.0118876 1 -0.0103734 -0.00151416
582.4 -0.0115285 1 -0.0103553 -0.0011732
582.85 -0.0111697 1 -0.0103358 -0.000833844
583.3 -0.0128113 1 -0.0103152 -0.00249609
583.75 -0.0124532 1 -0.0102933 -0.00215994
584.2 -0.0110955 1 -0.0102701 -0.000825375
584.65 -0.0117382 1 -0.0102458 -0.0014924
585.1 -0.0103812 1 -0.0102202 -0.000160998
585.55 -0.0110245 1 -0.0101934 -0.000831169
586 -0.0126683 1 -0.0101654 -0.0025029
586.45 -0.00931235 1 -0.0101362 0.00082381
586.9 -0.00995681 1 -0.0101058 0.000148976
587.35 -0.00860164 1 -0.0100742 0.00147261
587.8 -0.0112468 1 -0.0100415 -0.00120529
588.25 -0.0108924 1 -0.0100077 -0.000884706
588.71 -0.0115305 1 -0.00997192 -0.00155855
589.16 -0.0101768 1 -0.0099358 -0.000241003
589.61 -0.0098235 1 -0.00989856 7.50617e-05
590.06 -0.0104706 1 -0.00986024 -0.000610346
590.51 -0.010118 1 -0.00982083 -0.000297216
590.96 -0.00876589 1 -0.00978036 0.00101447
591.41 -0.00841413 1 -0.00973884 0.00132471
591.86 -0.0110627 1 -0.00969628 -0.00136647
592.31 -0.00871176 1 -0.0096527 0.000940941
592.76 -0.00836116 1 -0.00960811 0.00124695
593.21 -0.012011 1 -0.00956254 -0.00244842
593.66 -0.00866114 1 -0.00951599 0.000854843
594.11 -0.00931173 1 -0.00946848 0.000156748
594.56 -0.00896272 1 -0.00942003 0.000457312
595.01 -0.00861411 1 -0.00937066 0.000756551
595.46 -0.0092659 1 -0.00932038 5.44802e-05
595.91 -0.0069181 1 -0.00926922 0.00235111
596.36 -0.0105707 1 -0.00921718 -0.00135353
596.81 -0.00822372 1 -0.00916428 0.00094056
597.26 -0.00687715 1 -0.00911055 0.0022334
597.71 -0.00853099 1 -0.00905601 0.000525018
598.16 -0.00918524 1 -0.00900066 -0.000184583
598.61 -0.00883992 1 -0.00894453 0.000104618
599.06 -0.00749501 1 -0.00888765 0.00139264
599.51 -0.00715052 1 -0.00883002 0.0016795
599.96 -0.00780646 1 -0.00877166 0.000965205
600.41 -0.00746282 1 -0.00871261 0.00124979
600.86 -0.00711961 1 -0.00865286 0.00153325
601.31 -0.00777683 1 -0.00859246 0.00081563
601.76 -0.00743448 1 -0.00853141 0.00109693
602.21 -0.00409256 1 -0.00846973 0.00437717
602.65 -0.00475866 1 -0.00840884 0.00365017
603.1 -0.00841761 1 -0.00834598 -7.16274e-05
603.55 -0.00807699 1 -0.00828256 0.000205566
604 -0.00573682 1 -0.00821859 0.00248177
604.45 -0.00739709 1 -0.0081541 0.000757011
604.9 -0.0070578 1 -0.0080891 0.0010313
605.35 -0.00671896 1 -0.00802362 0.00130465
605.8 -0.00538057 1 -0.00795767 0.00257709
606.25 -0.00704264 1 -0.00789128 0.000848639
606.7 -0.00570515 1 -0.00782446 0.00211931
607.15 -0.00836812 1 -0.00775723 -0.000610886
607.6 -0.00703155 1 -0.00768963 0.000658081
608.05 -0.00969543 1 -0.00762166 -0.00207378
608.5 -0.00935978 1 -0.00755334 -0.00180644
608.95 -0.00802459 1 -0.00748471 -0.000539884
609.39 -0.0056973 1 -0.0074173 0.00172
609.84 -0.00636303 1 -0.00734808 0.000985052
610.29 -0.00802923 1 -0.0072786 -0.000750632
610.74 -0.0076959 1 -0.00720887 -0.000487031
611.19 -0.00736304 1 -0.00713892 -0.000224127
611.64 -0.00603066 1 -0.00706876 0.0010381
612.09 -0.00769876 1 -0.00699842 -0.000700343
612.54 -0.00536733 1 -0.00692791 0.00156057
612.99 -0.00603639 1 -0.00685725 0.000820861
613.44 -0.00770593 1 -0.00678646 -0.000919462
613.88 -0.00438328 1 -0.00671715 0.00233387
614.33 -0.00605377 1 -0.00664616 0.000592388
614.78 -0.00772476 1 -0.00657511 -0.00114965
615.23 -0.00739624 1 -0.006504 -0.000892241
615.68 -0.00606821 1 -0.00643285 0.000364644
616.13 -0.00674068 1 -0.00636169 -0.000378983
616.58 -0.00641364 1 -0.00629053 -0.000123106
617.03 -0.0070871 1 -0.00621939 -0.000867709
617.47 -0.0077683 1 -0.00614986 -0.00161844
617.92 -0.00644275 1 -0.0060788 -0.000363947
618.37 -0.00711771 1 -0.00600782 -0.00110989
618.82 -0.00379317 1 -0.00593692 0.00214375
619.27 -0.00446914 1 -0.00586612 0.00139698
619.72 -0.00614563 1 -0.00579544 -0.000350184
620.17 -0.00682262 1 -0.0057249 -0.00109772
620.61 -0.00650729 1 -0.00565607 -0.000851223
621.06 -0.00518531 1 -0.00558584 0.000400533
621.51 -0.00786384 1 -0.00551579 -0.00234805
621.96 -0.00754289 1 -0.00544594 -0.00209696
622.41 -0.00522247 1 -0.00537629 0.000153826
622.86 -0.00490257 1 -0.00530688 0.000404308
623.3 -0.00659029 1 -0.00523923 -0.00135105
623.75 -0.00627143 1 -0.0051703 -0.00110113
624.2 -0.0059531 1 -0.00510163 -0.000851473
624.65 -0.00563531 1 -0.00503323 -0.000602071
625.1 -0.00531805 1 -0.00496513 -0.000352914
625.54 -0.00400835 1 -0.00489883 0.000890477
625.99 -0.00569215 1 -0.00483133 -0.000860824
626.44 -0.0053765 1 -0.00476415 -0.000612345
626.89 -0.00506138 1 -0.0046973 -0.000364078
627.34 -0.00274681 1 -0.00463079 0.00188398
627.78 -0.00543976 1 -0.0045661 -0.00087366
628.23 -0.00712627 1 -0.00450028 -0.00262599
628.68 -0.00581333 1 -0.00443482 -0.00137851
629.13 -0.00650094 1 -0.00436972 -0.00213122
629.58 -0.0051891 1 -0.00430499 -0.000884118
630.02 -0.00488474 1 -0.00424205 -0.000642691
630.47 -0.004574 1 -0.00417804 -0.000395968
630.92 -0.00626383 1 -0.00411439 -0.00214944
631.37 -0.00295422 1 -0.0040511 0.00109688
631.81 -0.00365203 1 -0.00398956 0.000337524
632.26 -0.00534354 1 -0.00392695 -0.00141659
632.71 -0.00403562 1 -0.00386468 -0.000170938
633.16 -0.00472826 1 -0.00380271 -0.000925547
633.61 -0.00442147 1 -0.00374104 -0.000680438
634.05 -0.00612206 1 -0.00368099 -0.00244107
634.5 -0.00381641 1 -0.00361982 -0.000196597
634.95 -0.00351134 1 -0.00355885 4.75061e-05
635.4 -0.00420685 1 -0.00349805 -0.000708802
635.84 -0.00190969 1 -0.00343873 0.00152903
636.29 -0.00460635 1 -0.00337813 -0.00122822
636.74 -0.0013036 1 -0.00331756 0.00201396
637.18 -0.00300814 1 -0.0032583 0.000250152
637.63 -0.00370656 1 -0.00319759 -0.000508969
638.08 -0.00240556 1 -0.0031367 0.000731144
638.53 -0.00110515 1 -0.00307556 0.00197041
638.97 -0.005812 1 -0.00301545 -0.00279655
639.42 -0.00151278 1 -0.00295355 0.00144078
639.87 0.000785848 1 -0.00289112 0.00367697
640.32 -0.00391613 1 -0.00282806 -0.00108807
640.76 -0.00262531 1 -0.00276569 0.000140375
641.21 -0.00232848 1 -0.00270105 0.000372566
641.66 -0.00203226 1 -0.00263544 0.000603179
642.1 -0.00174321 1 -0.00257024 0.000827026
642.55 -0.0034482 1 -0.00250236 -0.000945841
643 -0.0031538 1 -0.00243314 -0.000720652
643.44 -0.00186653 1 -0.00236407 0.000497536
643.89 0.000426651 1 -0.00229187 0.00271852
644.34 -0.00328079 1 -0.00221799 -0.00106279
644.79 -0.00198884 1 -0.00214233 0.000153487
645.23 -0.00270399 1 -0.00206653 -0.000637463
645.68 -0.00141328 1 -0.00198705 0.000573772
646.13 -0.0021232 1 -0.00190554 -0.000217661
646.57 -0.00184017 1 -0.00182381 -1.63662e-05
647.02 -0.000551338 1 -0.0017381 0.00118677
647.47 -0.000263135 1 -0.00165024 0.00138711
647.91 -0.000981951 1 -0.00156225 0.000580302
648.36 -0.000695006 1 -0.00147016 0.000775158
648.81 -0.0014087 1 -0.001376 -3.26951e-05
649.25 -0.000129375 1 -0.00128202 0.00115264
649.7 -0.000844337 1 -0.00118404 0.000339706
650.15 -0.00155994 1 -0.00108434 -0.000475604
650.59 -0.0022825 1 -0.000985354 -0.00129714
651.04 -0.000999386 1 -0.00088279 -0.000116596
651.48 0.00327681 1 -0.000781437 0.00405824
651.93 0.000558628 1 -0.000676957 0.00123559
652.38 -0.0011602 1 -0.000571948 -0.000588255
652.82 0.000114082 1 -0.000469081 0.000583163
653.27 -0.00160605 1 -0.000364035 -0.00124201
653.72 -0.000326842 1 -0.000259533 -6.73097e-05
654.16 -0.00105448 1 -0.000158269 -0.000896211
654.61 0.00222342 1 -5.60572e-05 0.00227947
655.06 0.000500645 1 4.435e-05 0.000456295
655.5 -0.000228933 1 0.000140352 -0.000369285
655.95 -0.00295303 1 0.000235869 -0.0031889
656.39 -0.0066839 1 0.000326226 -0.00701013
656.84 -0.00140933 1 0.000415095 -0.00182442
657.29 0.00286457 1 0.00049995 0.00236462
657.73 0.00113172 1 0.00057864 0.000553084
658.18 0.000404278 1 0.000654355 -0.000250076
658.62 0.000670117 1 0.000723379 -5.32622e-05
659.07 0.00094132 1 0.000788522 0.000152798
659.52 -0.000788162 1 0.000847858 -0.00163602
659.96 0.00147568 1 0.000900015 0.000575664
660.41 0.00374483 1 0.000947154 0.00279768
660.85 0.00100734 1 0.000987024 2.0314e-05
661.3 0.00127512 1 0.00102132 0.000253798
661.74 0.000536284 1 0.00104847 -0.000512187
662.19 0.00180269 1 0.00106968 0.000733005
662.64 0.0020684 1 0.00108432 0.000984078
663.08 0.00032752 1 0.00109236 -0.000764836
663.53 0.00159184 1 0.0010943 0.000497533
663.97 -0.000150402 1 0.00109026 -0.00124066
664.42 0.000112517 1 0.00108028 -0.000967765
664.86 0.00136891 1 0.00106508 0.00030383
665.31 0.00163042 1 0.00104427 0.000586147
665.75 -0.00111457 1 0.00101914 -0.0021337
666.2 0.00214553 1 0.000988906 0.00115663
666.65 0.00140492 1 0.000954512 0.000450405
667.09 -0.00034216 1 0.000917271 -0.00125943
667.54 0.0029158 1 0.000875932 0.00203987
667.98 0.00116732 1 0.000832767 0.000334557
668.43 0.00142385 1 0.000786267 0.000637584
668.87 0.000673972 1 0.000738935 -6.49635e-05
669.32 0.00192906 1 0.000689067 0.00123999
669.76 0.00117777 1 0.0006393 0.000538467
670.21 0.0024314 1 0.000587791 0.00184361
670.65 0.000678694 1 0.000537217 0.000141477
671.1 -0.00106912 1 0.000485659 -0.00155478
671.54 0.00117674 1 0.00043575 0.000740988
671.99 0.00142746 1 0.000385547 0.00104191
672.43 -0.000328117 1 0.00033757 -0.000665687
672.88 0.000921129 1 0.000289902 0.000631227
673.32 0.00116411 1 0.00024489 0.000919225
673.77 0.000411881 1 0.000200688 0.000211193
674.21 0.000653416 1 0.000159428 0.000493988
674.66 0.000899696 1 0.000119371 0.000780325
675.1 -0.00186023 1 8.24041e-05 -0.00194263
675.55 -0.00161544 1 4.69252e-05 -0.00166237
675.99 -0.000376829 1 1.45615e-05 -0.000391391
676.44 -0.000133546 1 -1.61326e-05 -0.000117414
676.88 0.00210359 1 -4.37909e-05 0.00214738
677.33 0.000345365 1 -6.96906e-05 0.000415056
677.77 -0.000418976 1 -9.27188e-05 -0.000326257
678.22 -0.000178722 1 -0.000113979 -6.4743e-05
678.66 -0.00294455 1 -0.000132594 -0.00281196
679.11 -0.00170582 1 -0.000149496 -0.00155633
679.55 0.00152685 1 -0.000164025 0.00169088
679.99 -0.00124121 1 -0.000176677 -0.00106454
680.44 -4.78034e-06 1 -0.000187782 0.000183002
680.88 -0.000774355 1 -0.000196958 -0.000577397
681.33 -0.000539466 1 -0.000204736 -0.000334729
681.77 -0.00331055 1 -0.000210886 -0.00309967
682.22 -0.00307722 1 -0.000215801 -0.00286142
682.66 -0.00184983 1 -0.000219376 -0.00163045
683.11 -0.000618054 1 -0.000221885 -0.000396168
683.55 -0.00139219 1 -0.000223323 -0.00116887
683.99 -0.00116709 1 -0.000223855 -0.00094324
684.44 -0.00193767 1 -0.000223562 -0.0017141
684.88 -0.00271411 1 -0.000222549 -0.00249156
685.33 -0.00148626 1 -0.000220858 -0.0012654
685.77 -0.00326425 1 -0.000218643 -0.0030456
686.21 -0.00104301 1 -0.000215949 -0.000827057
686.66 0.000182467 1 -0.000212766 0.000395233
687.1 -0.00359785 1 -0.0002093 -0.00338855
687.55 -0.00237398 1 -0.000205452 -0.00216853
687.99 -0.00115586 1 -0.000201446 -0.000954417
688.44 6.64033e-05 1 -0.000197147 0.000263551
688.88 -0.00171706 1 -0.00019279 -0.00152427
689.32 -0.000501301 1 -0.000188316 -0.000312984
689.77 -0.00328145 1 -0.000183655 -0.00309779
690.21 -0.00306728 1 -0.000179043 -0.00288824
690.65 -0.0028539 1 -0.000174403 -0.00267949
691.1 -0.00263648 1 -0.000169651 -0.00246683
691.54 -0.00242469 1 -0.000165016 -0.00225968
691.99 -0.00320891 1 -0.000160307 -0.00304861
692.43 -0.00399873 1 -0.000155746 -0.00384299
692.87 -0.00378935 1 -0.000151239 -0.00363811
693.32 -0.00257603 1 -0.000146696 -0.00242934
693.76 -0.00136827 1 -0.000142328 -0.00122594
694.2 -0.0011613 1 -0.000138039 -0.00102327
694.65 -0.00395047 1 -0.000133739 -0.00381673
695.09 -0.00274513 1 -0.000129623 -0.00261551
695.53 -0.0045406 1 -0.000125599 -0.004415
695.98 -0.00233226 1 -0.00012158 -0.00221068
696.42 -0.00312937 1 -0.000117746 -0.00301163
696.86 -0.0029273 1 -0.000114008 -0.00281329
697.31 -0.00572147 1 -0.000110284 -0.00561119
697.75 -0.00352105 1 -0.000106739 -0.00341431
698.19 -0.00432144 1 -0.000103289 -0.00421815
698.64 -0.00311815 1 -9.98583e-05 -0.00301829
699.08 -0.000920206 1 -9.65979e-05 -0.000823608
699.52 -0.00172309 1 -9.34292e-05 -0.00162966
699.97 -0.00252234 1 -9.02818e-05 -0.00243206
700.41 -0.0023269 1 -8.72941e-05 -0.0022396
700.85 -0.00313228 1 -8.43932e-05 -0.00304789
701.3 -0.00393411 1 -8.15145e-05 -0.00385259
701.74 -0.00174117 1 -7.87839e-05 -0.00166239
702.18 -0.000549081 1 -7.61348e-05 -0.000472946
702.63 -0.00235349 1 -7.35077e-05 -0.00227998
703.07 -0.00216309 1 -7.10175e-05 -0.00209207
703.51 -0.00197353 1 -6.86029e-05 -0.00190493
703.96 -0.00178054 1 -6.62098e-05 -0.00171433
704.4 -0.00259269 1 -6.39426e-05 -0.00252875
704.84 -0.00140569 1 -6.17454e-05 -0.00134394
705.28 -0.00221953 1 -5.96164e-05 -0.00215992
705.73 -0.00103003 1 -5.75077e-05 -0.000972523
706.17 -0.0008456 1 -5.55111e-05 -0.000790089
706.61 -0.00366202 1 -5.35774e-05 -0.00360845
707.06 -0.00447516 1 -5.16629e-05 -0.0044235
707.5 -0.00129332 1 -4.98511e-05 -0.00124347
707.94 -0.00311234 1 -4.8097e-05 -0.00306424
708.38 -0.00493222 1 -4.6399e-05 -0.00488582
708.83 -0.0027489 1 -4.47189e-05 -0.00270418
709.27 -0.00357053 1 -4.31297e-05 -0.0035274
709.71 -0.00239302 1 -4.15921e-05 -0.00235143
710.15 -0.00121639 1 -4.01044e-05 -0.00117629
710.6 -0.00103664 1 -3.86332e-05 -0.00099801
711.04 -0.00286177 1 -3.72423e-05 -0.00282453
711.48 -0.00168778 1 -3.58973e-05 -0.00165188
711.92 -0.00151466 1 -3.45966e-05 -0.00148006
712.37 -0.00133852 1 -3.33111e-05 -0.00130521
712.81 0.000832821 1 -3.20964e-05 0.000864917
713.25 -0.00199672 1 -3.09223e-05 -0.0019658
713.69 0.00117285 1 -2.97876e-05 0.00120264
714.13 0.000341534 1 -2.86911e-05 0.000370225
714.58 -0.00148687 1 -2.7608e-05 -0.00145926
715.02 0.000680021 1 -2.65853e-05 0.000706607
715.46 -0.000153983 1 -2.55974e-05 -0.000128386
715.9 -0.000988882 1 -2.46433e-05 -0.000964238
716.35 -0.00182095 1 -2.37013e-05 -0.00179725
716.79 0.00134233 1 -2.28124e-05 0.00136515
717.23 0.00150472 1 -2.19541e-05 0.00152668
717.67 0.000666212 1 -2.11256e-05 0.000687337
718.11 0.0018268 1 -2.0326e-05 0.00184712
718.56 -9.90425e-06 1 -1.95371e-05 9.63281e-06
719 0.000148849 1 -1.8793e-05 0.000167642
719.44 -0.000693307 1 -1.80751e-05 -0.000675232
719.88 -0.000536373 1 -1.73826e-05 -0.00051899
720.32 -0.00138035 1 -1.67146e-05 -0.00136364
720.76 0.000774756 1 -1.60703e-05 0.000790826
721.21 -6.75588e-05 1 -1.54352e-05 -5.21236e-05
721.65 -0.000914306 1 -1.48367e-05 -0.000899469
722.09 -0.000761973 1 -1.42596e-05 -0.000747713
722.53 -0.00261056 1 -1.37034e-05 -0.00259686
722.97 0.00153993 1 -1.31673e-05 0.00155309
723.41 -0.000310511 1 -1.26507e-05 -0.00029786
723.86 0.00284149 1 -1.21418e-05 0.00285363
724.3 0.00198918 1 -1.16626e-05 0.00200084
724.74 0.00113593 1 -1.12009e-05 0.00114713
725.18 0.00128175 1 -1.07562e-05 0.00129251
725.62 0.000426639 1 -1.0328e-05 0.000436967
726.06 0.00357059 1 -9.91563e-06 0.00358051
726.5 -0.0012864 1 -9.51859e-06 -0.00127688
726.95 -0.00114111 1 -9.12782e-06 -0.00113198
727.39 0 1 -8.7602e-06 8.7602e-06
727.83 0.000140166 1 -8.40638e-06 0.000148572
728.27 0.00227939 1 -8.06589e-06 0.00228746
728.71 0.00141769 1 -7.73826e-06 0.00142543
729.15 0.00255506 1 -7.42305e-06 0.00256249
729.59 0.00269152 1 -7.11984e-06 0.00269864
730.03 -0.00217294 1 -6.82819e-06 -0.00216612
730.48 0.00196474 1 -6.54145e-06 0.00197128
730.92 9.84538e-05 1 -6.27198e-06 0.000104726
731.36 0.00223127 1 -6.01289e-06 0.00223729
731.8 0.00336321 1 -5.76381e-06 0.00336897
732.24 0.00549426 1 -5.52439e-06 0.00549979
732.68 0.00162444 1 -5.29428e-06 0.00162973
733.12 0.000753751 1 -5.07315e-06 0.000758824
733.56 0.0008822 1 -4.86067e-06 0.00088706
734 0.00400979 1 -4.65654e-06 0.00401445
734.44 0.00413654 1 -4.46045e-06 0.004141
734.89 0.00126529 1 -4.26791e-06 0.00126956
735.33 0.00339034 1 -4.08719e-06 0.00339442
735.77 0.00651455 1 -3.91366e-06 0.00651846
736.21 0.00563794 1 -3.74705e-06 0.00564169
736.65 0.00376052 1 -3.5871e-06 0.0037641
737.09 0.00688228 1 -3.43357e-06 0.00688571
737.53 0.00600324 1 -3.28622e-06 0.00600652
737.97 0.0051234 1 -3.14481e-06 0.00512654
738.41 0.00524276 1 -3.00913e-06 0.00524577
738.85 0.00836134 1 -2.87896e-06 0.00836422
739.29 0.00647915 1 -2.75409e-06 0.0064819
739.73 0.00359617 1 -2.63432e-06 0.00359881
740.17 0.00271243 1 -2.51946e-06 0.00271495
740.61 0.00582793 1 -2.40932e-06 0.00583034
741.05 0.00594268 1 -2.30372e-06 0.00594498
741.49 0.00505668 1 -2.20249e-06 0.00505888
741.93 0.00316993 1 -2.10545e-06 0.00317204
742.37 0.00328245 1 -2.01244e-06 0.00328447
742.81 0.00339425 1 -1.92332e-06 0.00339617
743.26 0.00350783 1 -1.83602e-06 0.00350967
743.7 0.00261816 1 -1.75428e-06 0.00261992
744.14 0.00272779 1 -1.67598e-06 0.00272947
744.58 0.00383671 1 -1.60099e-06 0.00383831
745.02 0.00494493 1 -1.52917e-06 0.00494646
745.46 0.00505247 1 -1.46039e-06 0.00505393
745.9 0.00515931 1 -1.39454e-06 0.00516071
746.34 0.00726548 1 -1.33151e-06 0.00726681
746.78 0.00437098 1 -1.27116e-06 0.00437225
747.22 0.00547581 1 -1.21341e-06 0.00547702
747.66 0.00557998 1 -1.15815e-06 0.00558114
748.1 0.0046835 1 -1.10527e-06 0.0046846
748.54 0.00578637 1 -1.05467e-06 0.00578742
748.98 0.0028886 1 -1.00628e-06 0.00288961
749.42 0.00399019 1 -9.59986e-07 0.00399115
749.86 0.00609116 1 -9.15715e-07 0.00609208
750.29 0.00518923 1 -8.74322e-07 0.00519011
750.73 0.00228898 1 -8.33804e-07 0.00228981
751.17 0.00338811 1 -7.95069e-07 0.00338891
751.61 0.00248664 1 -7.58043e-07 0.0024874
752.05 0.00558458 1 -7.22655e-07 0.0055853
752.49 0.00068192 1 -6.88836e-07 0.000682609
752.93 0.00177868 1 -6.56522e-07 0.00177934
753.37 0.00287486 1 -6.25648e-07 0.00287549
753.81 0.00297047 1 -5.96156e-07 0.00297107
754.25 0.00206552 1 -5.67985e-07 0.00206609
754.69 -0.000839997 1 -5.41081e-07 -0.000839456
755.13 0.00225394 1 -5.1539e-07 0.00225445
755.57 0.00434732 1 -4.9086e-07 0.00434782
756.01 0.00344017 1 -4.67442e-07 0.00344064
756.45 0.00453249 1 -4.45087e-07 0.00453293
756.89 0.00362427 1 -4.23751e-07 0.0036247
757.33 0.00471554 1 -4.0339e-07 0.00471594
757.77 0.00180629 1 -3.83961e-07 0.00180667
758.21 -0.000103471 1 -3.65424e-07 -0.000103106
758.64 0.00198423 1 -3.48133e-07 0.00198458
759.08 -0.00092651 1 -3.31248e-07 -0.000926179
759.52 0.00516225 1 -3.15144e-07 0.00516257
759.96 0.00525054 1 -2.99787e-07 0.00525084
760.4 0.00133834 1 -2.85144e-07 0.00133863
760.84 0.000425676 1 -2.71184e-07 0.000425947
761.28 0.00351255 1 -2.57876e-07 0.0035128
761.72 0.00359896 1 -2.45193e-07 0.0035992
762.16 0.00468492 1 -2.33105e-07 0.00468515
762.6 0.00177043 1 -2.21587e-07 0.00177065
763.03 0.00185358 1 -2.10856e-07 0.00185379
763.47 -6.17703e-05 1 -2.00389e-07 -6.15699e-05
763.91 0.00202245 1 -1.9042e-07 0.00202265
764.35 0.00210626 1 -1.80925e-07 0.00210644
764.79 0.00018965 1 -1.71882e-07 0.000189822
765.23 -0.00172737 1 -1.63273e-07 -0.0017272
765.67 0.000355214 1 -1.55075e-07 0.000355369
766.11 -0.0015626 1 -1.47272e-07 -0.00156245
766.54 -0.00248266 1 -1.4001e-07 -0.00248252
766.98 0.00159877 1 -1.32933e-07 0.0015989
767.42 -0.00132019 1 -1.26199e-07 -0.00132006
767.86 -0.00223951 1 -1.19792e-07 -0.00223939
768.3 0.0028408 1 -1.13697e-07 0.00284091
768.74 0.00392076 1 -1.07898e-07 0.00392086
769.17 0.00299855 1 -1.02506e-07 0.00299866
769.61 0.00307782 1 -9.72555e-08 0.00307792
770.05 -0.00184325 1 -9.22629e-08 -0.00184316
770.49 0.00323535 1 -8.75162e-08 0.00323543
770.93 0.00231361 1 -8.30037e-08 0.0023137
771.37 0.000391565 1 -7.87145e-08 0.000391643
771.8 0.00246744 1 -7.47283e-08 0.00246751
772.24 -0.000455224 1 -7.085e-08 -0.000455153
772.68 -0.00137819 1 -6.71649e-08 -0.00137812
773.12 -0.000301449 1 -6.36639e-08 -0.000301385
773.56 0.002775 1 -6.03382e-08 0.00277506
774 0.000851172 1 -5.71793e-08 0.000851229
774.43 0.000925344 1 -5.42458e-08 0.000925399
774.87 0.00100097 1 -5.13938e-08 0.00100103
775.31 0.00107634 1 -4.86859e-08 0.00107639
775.75 0.000151452 1 -4.61151e-08 0.000151498
776.19 -0.000773689 1 -4.36749e-08 -0.000773645
776.62 -0.00170077 1 -4.14101e-08 -0.00170073
777.06 0.00137361 1 -3.92096e-08 0.00137365
777.5 -0.00255223 1 -3.71216e-08 -0.0025522
777.94 -0.00147831 1 -3.51405e-08 -0.00147828
778.37 -0.00140628 1 -3.33028e-08 -0.00140624
778.81 0.000667219 1 -3.15181e-08 0.000667251
779.25 -0.00125949 1 -2.98255e-08 -0.00125946
779.69 0.0018136 1 -2.82204e-08 0.00181363
780.13 0.000886494 1 -2.66985e-08 0.000886521
780.56 -4.24486e-05 1 -2.52876e-08 -4.24234e-05
781 -0.000969919 1 -2.39182e-08 -0.000969895
781.44 0.00110244 1 -2.26202e-08 0.00110246
781.88 0.000174621 1 -2.13902e-08 0.000174642
782.31 -0.00175499 1 -2.02504e-08 -0.00175497
782.75 0.000316877 1 -1.91446e-08 0.000316897
783.19 0.000388596 1 -1.80971e-08 0.000388615
783.63 -0.00353983 1 -1.71049e-08 -0.00353981
784.06 -0.00147001 1 -1.61859e-08 -0.00147
784.5 0.00160129 1 -1.52948e-08 0.00160131
784.94 0.00167248 1 -1.44511e-08 0.00167249
785.37 0.000741929 1 -1.36699e-08 0.000741942
785.81 0.00181288 1 -1.29128e-08 0.0018129
786.25 -0.000116269 1 -1.21961e-08 -0.000116257
786.69 -4.55219e-05 1 -1.15178e-08 -4.55104e-05
787.12 -0.00197647 1 -1.08902e-08 -0.00197646
787.56 -0.00290591 1 -1.02821e-08 -0.00290589
788 -0.00183542 1 -9.70681e-09 -0.00183541
788.43 0.00423339 1 -9.17465e-09 0.0042334
788.87 -0.000696263 1 -8.65928e-09 -0.000696254
789.31 -0.000625981 1 -8.17188e-09 -0.000625973
789.75 0.00344424 1 -7.71099e-09 0.00344425
790.18 -0.00148718 1 -7.28486e-09 -0.00148717
790.62 -0.000417044 1 -6.87238e-09 -0.000417037
791.06 -0.00434695 1 -6.48247e-09 -0.00434694
791.49 -0.00527848 1 -6.12211e-09 -0.00527847
791.93 -0.00420844 1 -5.7734e-09 -0.00420843
792.37 -0.00113842 1 -5.44391e-09 -0.00113841
792.8 -0.00507 1 -5.13949e-09 -0.00507
793.24 0 1 -4.84503e-09 4.84503e-09
793.68 7.00016e-05 1 -4.5669e-09 7.00062e-05
794.11 0.000138418 1 -4.31002e-09 0.000138423
794.55 -0.000791561 1 -4.06164e-09 -0.000791557
794.99 -0.000721522 1 -3.82711e-09 -0.000721519
795.42 -0.00265305 1 -3.61059e-09 -0.00265305
795.86 0.00341704 1 -3.4013e-09 0.00341705
796.3 0.00348718 1 -3.20377e-09 0.00348718
796.73 -0.00144424 1 -3.02146e-09 -0.00144424
797.17 0.00162598 1 -2.84531e-09 0.00162598
797.61 -0.00330374 1 -2.67911e-09 -0.00330373
798.04 -0.00223499 1 -2.52578e-09 -0.00223499
798.48 -0.00216458 1 -2.37768e-09 -0.00216458
798.91 -0.0010957 1 -2.24108e-09 -0.0010957
799.35 -0.00502513 1 -2.10918e-09 -0.00502513
799.79 4.55219e-05 1 -1.9848e-09 4.55239e-05
800.22 -0.00288534 1 -1.87012e-09 -0.00288534
800.66 -0.00281449 1 -1.75943e-09 -0.00281449
801.1 -0.000743543 1 -1.65508e-09 -0.000743541
