500.34 0.00239551 1 -0.00152306 0.00391857
500.8 0.00377105 1 -0.00156092 0.00533197
501.25 0.00313845 1 -0.00159865 0.00473709
501.71 0.00351401 1 -0.00163794 0.00515195
502.17 0.00188958 1 -0.00167796 0.00356754
502.62 0.004257 1 -0.00171783 0.00597483
503.08 0.00163258 1 -0.00175932 0.0033919
503.53 0 1 -0.00180065 0.00180065
503.99 0.000375584 1 -0.00184364 0.00221922
504.44 0.002743 1 -0.00188644 0.00462944
504.9 0.00211858 1 -0.00193096 0.00404954
505.36 0.00249415 1 -0.00197625 0.0044704
505.81 -0.000138445 1 -0.00202132 0.00188287
506.27 0.00223711 1 -0.00206816 0.00430528
506.72 -0.000395507 1 -0.00211476 0.00171925
507.18 0.00198003 1 -0.00216318 0.00414321
507.63 0.00134738 1 -0.00221133 0.00355871
508.09 0.00172288 1 -0.00226135 0.00398423
508.54 -0.0019098 1 -0.00231106 0.000401264
509 0.000465667 1 -0.00236268 0.00282835
509.45 -0.00216705 1 -0.00241398 0.000246925
509.91 0.000208365 1 -0.00246722 0.00267559
510.36 -0.000424403 1 -0.00252011 0.00209571
510.82 -0.00204904 1 -0.00257499 0.000525956
511.27 -0.00168186 1 -0.00262949 0.000947625
511.73 -0.00130656 1 -0.00268601 0.00137946
512.19 -0.000931285 1 -0.00274337 0.00181209
512.64 -0.00256421 1 -0.0028003 0.00023609
513.1 -0.00218901 1 -0.00285931 0.000670306
513.55 0.000178001 1 -0.00291785 0.00309585
514.01 -0.00344688 1 -0.00297853 -0.00046835
514.46 -0.00307995 1 -0.00303869 -4.12583e-05
514.92 -0.00170491 1 -0.00310102 0.00139611
515.37 -0.00333808 1 -0.00316281 -0.000175264
515.83 -0.00396313 1 -0.0032268 -0.000736332
516.28 -0.00359639 1 -0.00329021 -0.000306182
516.73 -0.00622969 1 -0.00335441 -0.00287528
517.19 -0.0028549 1 -0.00342087 0.000565962
517.64 -0.00648831 1 -0.00348668 -0.00300164
518.1 -0.00411363 1 -0.00355477 -0.000558863
518.55 -0.00474716 1 -0.00362218 -0.00112498
519.01 -0.0043726 1 -0.0036919 -0.000680697
519.46 -0.00300624 1 -0.00376089 0.000754653
519.92 -0.0056318 1 -0.00383222 -0.00179958
520.37 -0.00526557 1 -0.00390278 -0.0013628
520.83 -0.00589127 1 -0.0039757 -0.00191557
521.28 -0.00352517 1 -0.0040478 0.000522625
521.74 -0.00415101 1 -0.00412228 -2.87277e-05
522.19 -0.00578506 1 -0.00419591 -0.00158915
522.65 -0.00641104 1 -0.00427193 -0.00213911
523.1 -0.00504523 1 -0.00434705 -0.000698184
523.55 -0.0056795 1 -0.00442289 -0.00125661
524.01 -0.00430572 1 -0.00450116 0.000195442
524.46 -0.00394015 1 -0.00457845 0.000638304
524.92 -0.00756653 1 -0.00465818 -0.00290835
525.37 -0.00420113 1 -0.00473688 0.00053575
525.83 -0.00782769 1 -0.00481803 -0.00300966
526.28 -0.00646245 1 -0.00489809 -0.00156436
526.73 -0.0050973 1 -0.00497881 -0.000118494
527.19 -0.00372414 1 -0.005062 0.00133786
527.64 -0.00635917 1 -0.00514402 -0.00121515
528.1 -0.0049862 1 -0.00522851 0.000242315
528.55 -0.00762142 1 -0.00531178 -0.00230964
529.01 -0.00524865 1 -0.00539752 0.000148878
529.46 -0.00688407 1 -0.00548199 -0.00140208
529.91 -0.0075196 1 -0.00556703 -0.00195257
530.37 -0.00714713 1 -0.00565453 -0.0014926
530.82 -0.00878286 1 -0.00574068 -0.00304218
531.28 -0.00841061 1 -0.00582928 -0.00258133
531.73 -0.00804656 1 -0.00591648 -0.00213009
532.18 -0.00868262 1 -0.00600416 -0.00267846
532.64 -0.00831071 1 -0.00609428 -0.00221642
533.09 -0.00894699 1 -0.00618291 -0.00276408
533.54 -0.00758339 1 -0.00627198 -0.00131141
534 -0.00721183 1 -0.00636347 -0.000848369
534.45 -0.00584847 1 -0.00645337 0.000604897
534.91 -0.00547716 1 -0.00654566 0.00106851
535.36 -0.00511404 1 -0.00663632 0.00152228
535.81 -0.00875104 1 -0.00672733 -0.00202372
536.27 -0.00838011 1 -0.00682068 -0.00155943
536.72 -0.00801737 1 -0.00691232 -0.00110505
537.17 -0.00765476 1 -0.00700424 -0.00065052
537.63 -0.00828422 1 -0.00709847 -0.00118576
538.08 -0.00992188 1 -0.00719088 -0.00273099
538.54 -0.00755162 1 -0.00728558 -0.000266035
538.99 -0.00718954 1 -0.00737841 0.00018887
539.44 -0.0078276 1 -0.00747141 -0.000356194
539.9 -0.0104578 1 -0.00756663 -0.00289114
540.35 -0.00909612 1 -0.00765989 -0.00143622
540.8 -0.0097346 1 -0.00775326 -0.00198134
541.26 -0.00636521 1 -0.00784877 0.00148357
541.71 -0.00900399 1 -0.00794226 -0.00106173
542.16 -0.00864292 1 -0.00803577 -0.000607155
542.62 -0.00927399 1 -0.00813135 -0.00114264
543.07 -0.00991322 1 -0.00822482 -0.0016884
543.52 -0.00955261 1 -0.00831824 -0.00123437
543.98 -0.00818414 1 -0.00841365 0.000229508
544.43 -0.00882385 1 -0.00850688 -0.000316971
544.88 -0.0114637 1 -0.00859997 -0.00286374
545.34 -0.00909574 1 -0.00869496 -0.000400778
545.79 -0.00873592 1 -0.00878769 5.17671e-05
546.24 -0.0103763 1 -0.00888021 -0.00149607
546.69 -0.00801679 1 -0.00897248 0.000955684
547.15 -0.0086495 1 -0.00906652 0.000417021
547.6 -0.0102904 1 -0.00915821 -0.00113215
548.05 -0.00893138 1 -0.00924957 0.000318187
548.51 -0.00956461 1 -0.00934259 -0.000222021
548.96 -0.010206 1 -0.0094332 -0.00077279
549.41 -0.00884754 1 -0.0095234 0.000675851
549.86 -0.00948928 1 -0.00961315 0.000123872
550.32 -0.00812323 1 -0.00970441 0.00158118
550.77 -0.00976533 1 -0.00979318 2.78505e-05
551.22 -0.0104076 1 -0.00988143 -0.000526186
551.68 -0.0110421 1 -0.00997106 -0.00107108
552.13 -0.0116848 1 -0.0100581 -0.00162665
552.58 -0.0113276 1 -0.0101446 -0.00118302
553.03 -0.00997067 1 -0.0102305 0.000259782
553.49 -0.00960597 1 -0.0103175 0.000711528
553.94 -0.0102494 1 -0.0104019 0.000152551
554.39 -0.00989301 1 -0.0104857 0.000592652
554.84 -0.0115368 1 -0.0105686 -0.000968199
555.3 -0.0101729 1 -0.0106526 0.000479693
555.75 -0.00981716 1 -0.010734 0.000916826
556.2 -0.0104616 1 -0.0108145 0.000352918
556.65 -0.0101062 1 -0.0108941 0.00078794
557.11 -0.00974315 1 -0.0109746 0.00123149
557.56 -0.0113882 1 -0.0110525 -0.000335735
558.01 -0.0100335 1 -0.0111293 0.00109588
558.46 -0.00967892 1 -0.0112052 0.00152631
558.92 -0.0123167 1 -0.0112818 -0.00103494
559.37 -0.0109626 1 -0.0113556 0.000393011
559.82 -0.0106087 1 -0.0114284 0.000819699
560.27 -0.0112551 1 -0.0115002 0.000245093
560.72 -0.0109016 1 -0.0115708 0.000669169
561.18 -0.0115405 1 -0.0116418 0.000101277
561.63 -0.0111875 1 -0.0117102 0.000522606
562.08 -0.0118348 1 -0.0117773 -5.7461e-05
562.53 -0.0114822 1 -0.0118433 0.000361051
562.99 -0.0121221 1 -0.0119095 -0.00021263
563.44 -0.01177 1 -0.0119729 0.000202935
563.89 -0.0114182 1 -0.0120352 0.000617008
564.34 -0.0110665 1 -0.0120961 0.00102957
564.79 -0.0107152 1 -0.0121557 0.00144059
565.25 -0.0113562 1 -0.0122153 0.000859132
565.7 -0.0110053 1 -0.0122723 0.00126698
566.15 -0.0116547 1 -0.0123279 0.000673227
566.6 -0.0123042 1 -0.0123821 7.78543e-05
567.05 -0.0119541 1 -0.0124349 0.000480841
567.5 -0.0106042 1 -0.0124863 0.00188217
567.96 -0.0132467 1 -0.0125374 -0.000709315
568.41 -0.0128973 1 -0.0125859 -0.000311394
568.86 -0.0105481 1 -0.0126329 0.00208482
569.31 -0.0131992 1 -0.0126785 -0.000520699
569.76 -0.0138505 1 -0.0127226 -0.00112796
570.21 -0.0105021 1 -0.0127652 0.00226303
570.67 -0.0101463 1 -0.0128071 0.00266087
571.12 -0.0107984 1 -0.0128466 0.00204826
571.57 -0.0114508 1 -0.0128846 0.00143386
572.02 -0.0111034 1 -0.012921 0.00181764
572.47 -0.0137563 1 -0.0129559 -0.000800391
572.92 -0.0124095 1 -0.0129892 0.000579747
573.37 -0.0110629 1 -0.013021 0.00195804
573.83 -0.012709 1 -0.0130518 0.00034284
574.28 -0.011363 1 -0.0130803 0.00171739
574.73 -0.0130172 1 -0.0131073 9.00845e-05
575.18 -0.0126718 1 -0.0131327 0.000460906
575.63 -0.0133266 1 -0.0131564 -0.000170147
576.08 -0.0159817 1 -0.0131786 -0.00280308
576.53 -0.0116371 1 -0.0131992 0.0015621
576.98 -0.0122927 1 -0.0132181 0.0009254
577.44 -0.0149411 1 -0.0132359 -0.00170518
577.89 -0.0125973 1 -0.0132516 0.000654293
578.34 -0.0132538 1 -0.0132657 1.18774e-05
578.79 -0.0129107 1 -0.0132782 0.00036757
579.24 -0.0135678 1 -0.0132891 -0.000278627
579.69 -0.0132252 1 -0.0132985 7.32869e-05
580.14 -0.0148829 1 -0.0133062 -0.00157669
580.59 -0.0155409 1 -0.0133123 -0.00222854
581.04 -0.0151992 1 -0.0133169 -0.00188227
581.49 -0.0148578 1 -0.0133199 -0.00153788
581.95 -0.0155091 1 -0.0133213 -0.00218776
582.4 -0.0151683 1 -0.0133212 -0.00184714
582.85 -0.0138278 1 -0.0133194 -0.000508374
583.3 -0.0144876 1 -0.0133162 -0.00117145
583.75 -0.0141478 1 -0.0133114 -0.000836367
584.2 -0.0138082 1 -0.0133051 -0.000503109
584.65 -0.013469 1 -0.0132973 -0.000171668
585.1 -0.01313 1 -0.013288 0.000157966
585.55 -0.0127914 1 -0.0132772 0.000485806
586 -0.0134531 1 -0.013265 -0.000188135
586.45 -0.0141152 1 -0.0132513 -0.000863845
586.9 -0.0117775 1 -0.0132362 0.00145869
587.35 -0.0134402 1 -0.0132197 -0.000220513
587.8 -0.0131032 1 -0.0132017 9.85582e-05
588.25 -0.0147665 1 -0.0131824 -0.00158408
588.71 -0.0154227 1 -0.0131613 -0.00226141
589.16 -0.0140867 1 -0.0131392 -0.000947453
589.61 -0.011751 1 -0.0131158 0.00136485
590.06 -0.0144156 1 -0.0130911 -0.00132448
590.51 -0.0120806 1 -0.0130652 0.000984562
590.96 -0.0127459 1 -0.0130379 0.00029201
591.41 -0.0154116 1 -0.0130095 -0.00240212
591.86 -0.0130776 1 -0.0129798 -9.78109e-05
592.31 -0.0137439 1 -0.0129489 -0.000795037
592.76 -0.0124106 1 -0.0129168 0.000506221
593.21 -0.0120777 1 -0.0128837 0.000805987
593.66 -0.011745 1 -0.0128493 0.00110428
594.11 -0.0114128 1 -0.0128139 0.00140113
594.56 -0.0130809 1 -0.0127774 -0.000303444
595.01 -0.00974929 1 -0.0127399 0.00299058
595.46 -0.0114181 1 -0.0127013 0.00128323
595.91 -0.0130872 1 -0.0126618 -0.000425469
596.36 -0.0117567 1 -0.0126212 0.000864505
596.81 -0.0134266 1 -0.0125798 -0.000846821
597.26 -0.0120968 1 -0.0125374 0.000440578
597.71 -0.0107674 1 -0.0124941 0.00172673
598.16 -0.0134384 1 -0.01245 -0.000988343
598.61 -0.0121097 1 -0.0124051 0.000295389
599.06 -0.0117814 1 -0.0123593 0.000577951
599.51 -0.00945343 1 -0.0123128 0.00285937
599.96 -0.00912586 1 -0.0122655 0.00313967
600.41 -0.0107987 1 -0.0122176 0.00141889
600.86 -0.0104718 1 -0.0121689 0.00169704
601.31 -0.0101454 1 -0.0121196 0.00197416
601.76 -0.0108193 1 -0.0120696 0.00125027
602.21 -0.00849365 1 -0.0120191 0.0035254
602.65 -0.0101756 1 -0.0119691 0.0017935
603.1 -0.00985065 1 -0.0119174 0.00206677
603.55 -0.0115261 1 -0.0118653 0.000339151
604 -0.011202 1 -0.0118126 0.000610655
604.45 -0.0118782 1 -0.0117595 -0.000118684
604.9 -0.0125548 1 -0.011706 -0.00084884
605.35 -0.0122318 1 -0.0116521 -0.000579786
605.8 -0.0109093 1 -0.0115978 0.000688505
606.25 -0.00858707 1 -0.0115431 0.00295606
606.7 -0.00926528 1 -0.0114882 0.0022229
607.15 -0.00994389 1 -0.011433 0.00148907
607.6 -0.0116229 1 -0.0113775 -0.000245431
608.05 -0.0113023 1 -0.0113218 1.94413e-05
608.5 -0.0119821 1 -0.0112658 -0.000716293
608.95 -0.00966236 1 -0.0112098 0.00154739
609.39 -0.00935009 1 -0.0111548 0.00180468
609.84 -0.0100311 1 -0.0110984 0.00106729
610.29 -0.0107126 1 -0.011042 0.000329391
610.74 -0.0113944 1 -0.0109854 -0.000408991
611.19 -0.0110767 1 -0.0109289 -0.000147833
611.64 -0.0097594 1 -0.0108723 0.00111289
612.09 -0.0104425 1 -0.0108157 0.000373194
612.54 -0.011126 1 -0.0107592 -0.000366891
612.99 -0.01181 1 -0.0107027 -0.00110735
613.44 -0.0124944 1 -0.0106462 -0.00184815
613.88 -0.0101862 1 -0.0105912 0.000404966
614.33 -0.00987142 1 -0.0105349 0.000663531
614.78 -0.0115571 1 -0.0104789 -0.00107819
615.23 -0.0112432 1 -0.010423 -0.000820183
615.68 -0.0109297 1 -0.0103672 -0.000562425
616.13 -0.0106166 1 -0.0103117 -0.000304899
616.58 -0.011304 1 -0.0102564 -0.00104759
617.03 -0.0109918 1 -0.0102014 -0.000790473
617.47 -0.00968703 1 -0.0101478 0.000460752
617.92 -0.0113757 1 -0.0100932 -0.00128248
618.37 -0.0130649 1 -0.010039 -0.00302585
618.82 -0.0107545 1 -0.00998508 -0.000769368
619.27 -0.0104445 1 -0.00993148 -0.000513003
619.72 -0.010135 1 -0.00987822 -0.000256746
620.17 -0.0118259 1 -0.00982532 -0.00200058
620.61 -0.0125241 1 -0.00977394 -0.00275019
621.06 -0.012216 1 -0.00972178 -0.00249418
621.51 -0.0109082 1 -0.00967001 -0.00123824
621.96 -0.00960099 1 -0.00961865 1.76618e-05
622.41 -0.00929418 1 -0.0095677 0.000273519
622.86 -0.00998784 1 -0.00951719 -0.000470657
623.3 -0.0106888 1 -0.00946822 -0.00122054
623.75 -0.00938333 1 -0.00941858 3.52441e-05
624.2 -0.0100784 1 -0.00936939 -0.000708981
624.65 -0.0117739 1 -0.00932068 -0.00245321
625.1 -0.0104699 1 -0.00927243 -0.00119744
625.54 -0.00917305 1 -0.00922571 5.26594e-05
625.99 -0.00886997 1 -0.00917842 0.00030845
626.44 -0.0105674 1 -0.00913161 -0.00143574
626.89 -0.0102652 1 -0.00908529 -0.00117992
627.34 -0.00796356 1 -0.00903948 0.00107592
627.78 -0.00966906 1 -0.00899516 -0.0006739
628.23 -0.0113684 1 -0.00895034 -0.00241801
628.68 -0.0100681 1 -0.00890603 -0.0011621
629.13 -0.0127684 1 -0.00886222 -0.00390617
629.58 -0.00946914 1 -0.00881892 -0.00065022
630.02 -0.009177 1 -0.00877707 -0.000399936
630.47 -0.00987872 1 -0.00873477 -0.00114395
630.92 -0.00958092 1 -0.00869298 -0.000887941
631.37 -0.0122836 1 -0.0086517 -0.00363192
631.81 -0.00999341 1 -0.00861182 -0.00138159
632.26 -0.00869709 1 -0.00857153 -0.000125561
632.71 -0.00940127 1 -0.00853174 -0.000869534
633.16 -0.00910595 1 -0.00849244 -0.000613515
633.61 -0.0108111 1 -0.00845362 -0.00235751
634.05 -0.00952335 1 -0.00841614 -0.00110721
634.5 -0.00922954 1 -0.00837828 -0.000851252
634.95 -0.00993622 1 -0.0083409 -0.00159533
635.4 -0.00864342 1 -0.00830398 -0.000339446
635.84 -0.00835762 1 -0.00826832 -8.92998e-05
636.29 -0.0100658 1 -0.0082323 -0.00183353
636.74 -0.00777456 1 -0.00819673 0.000422172
637.18 -0.00849025 1 -0.00816237 -0.000327886
637.63 -0.0092 1 -0.00812765 -0.00107235
638.08 -0.00891027 1 -0.00809335 -0.000816921
638.53 -0.00862106 1 -0.00805946 -0.0005616
638.97 -0.0103388 1 -0.0080267 -0.00231207
639.42 -0.0070506 1 -0.00799359 0.00094299
639.87 -0.00576295 1 -0.00796086 0.00219791
640.32 -0.00947583 1 -0.0079285 -0.00154734
640.76 -0.00819561 1 -0.0078972 -0.000298408
641.21 -0.0109095 1 -0.00786553 -0.00304401
641.66 -0.007624 1 -0.0078342 0.000210196
642.1 -0.00634533 1 -0.00780387 0.00145854
642.55 -0.00806085 1 -0.00777316 -0.000287689
643 -0.00977691 1 -0.00774275 -0.00203416
643.44 -0.00849981 1 -0.00771329 -0.000786515
643.89 -0.00621694 1 -0.00768343 0.00146649
644.34 -0.00793462 1 -0.00765383 -0.000280783
644.79 -0.00865284 1 -0.00762448 -0.00102836
645.23 -0.00737785 1 -0.00759601 0.000218155
645.68 -0.00709716 1 -0.0075671 0.000469945
646.13 -0.00681702 1 -0.00753841 0.00072139
646.57 -0.00754363 1 -0.00751053 -3.30991e-05
647.02 -0.00826458 1 -0.00748221 -0.000782379
647.47 -0.00598609 1 -0.00745404 0.00146795
647.91 -0.00671433 1 -0.00742666 0.000712327
648.36 -0.00643694 1 -0.00739878 0.00096184
648.81 -0.00616012 1 -0.00737103 0.00121092
649.25 -0.00888999 1 -0.00734401 -0.00154598
649.7 -0.00861428 1 -0.00731647 -0.00129781
650.15 -0.00833913 1 -0.00728901 -0.00105012
650.59 -0.00707065 1 -0.00726223 0.000191581
651.04 -0.00579663 1 -0.0072349 0.00143827
651.48 -0.00352925 1 -0.00720822 0.00367897
651.93 -0.00425637 1 -0.00718096 0.0029246
652.38 -0.00698406 1 -0.00715372 0.000169668
652.82 -0.00671835 1 -0.00712709 0.000408741
653.27 -0.00544718 1 -0.00709985 0.00165267
653.72 -0.00417659 1 -0.00707259 0.00289599
654.16 -0.00591258 1 -0.00704589 0.00113331
654.61 -0.00564315 1 -0.00701855 0.00137541
655.06 -0.00837429 1 -0.00699115 -0.00138315
655.5 -0.00611199 1 -0.00696429 0.000852301
655.95 -0.0068443 1 -0.00693673 9.2436e-05
656.39 -0.0115831 1 -0.0069097 -0.00467343
656.84 -0.00731661 1 -0.00688195 -0.000434659
657.29 -0.00405069 1 -0.00685409 0.0028034
657.73 -0.00479125 1 -0.00682672 0.00203547
658.18 -0.00452651 1 -0.00679859 0.00227209
658.62 -0.00426822 1 -0.00677095 0.00250272
659.07 -0.00600467 1 -0.00674252 0.000737852
659.52 -0.00474171 1 -0.00671392 0.00197221
659.96 -0.00548519 1 -0.00668579 0.00120061
660.41 -0.00222343 1 -0.00665684 0.00443341
660.85 -0.00596808 1 -0.00662834 0.000660262
661.3 -0.00470753 1 -0.00659899 0.00189147
661.74 -0.00445335 1 -0.00657009 0.00211674
662.19 -0.00519401 1 -0.00654032 0.00134631
662.64 -0.00393528 1 -0.00651033 0.00257504
663.08 -0.0036829 1 -0.00648077 0.00279787
663.53 -0.0044254 1 -0.0064503 0.00202491
663.97 -0.00417421 1 -0.00642028 0.00224607
664.42 -0.00591793 1 -0.00638932 0.000471385
664.86 -0.00366795 1 -0.0063588 0.00269085
665.31 -0.00441291 1 -0.00632732 0.00191441
665.75 -0.00616414 1 -0.00629629 0.000132151
666.2 -0.00491034 1 -0.00626428 0.00135394
666.65 -0.00365717 1 -0.006232 0.00257483
667.09 -0.00441023 1 -0.00620016 0.00178992
667.54 -0.00415831 1 -0.00616731 0.002009
667.98 -0.0029126 1 -0.00613492 0.00322231
668.43 -0.00466194 1 -0.0061015 0.00143956
668.87 -0.00441747 1 -0.00606855 0.00165108
669.32 -0.00616807 1 -0.00603455 -0.000133521
669.76 -0.00492484 1 -0.00600103 0.00107619
670.21 -0.00467672 1 -0.00596644 0.00128973
670.65 -0.00543473 1 -0.00593234 0.000497611
671.1 -0.00218789 1 -0.00589717 0.00370928
671.54 -0.00394716 1 -0.00586249 0.00191534
671.99 -0.0057016 1 -0.00582673 0.000125131
672.43 -0.00546213 1 -0.00579147 0.000329346
672.88 -0.00421786 1 -0.00575512 0.00153726
673.32 -0.00697966 1 -0.0057193 -0.00126036
673.77 -0.00573669 1 -0.00568236 -5.43329e-05
674.21 -0.00549977 1 -0.00564597 0.0001462
674.66 -0.00425811 1 -0.00560845 0.00135035
675.1 -0.00502246 1 -0.0055715 0.000549043
675.55 -0.00678211 1 -0.00553342 -0.00124869
675.99 -0.00354775 1 -0.00549592 0.00194817
676.44 -0.00630872 1 -0.00545729 -0.00085143
676.88 -0.00507566 1 -0.00541926 0.000343601
677.33 -0.00483796 1 -0.00538009 0.000542134
677.77 -0.00460619 1 -0.00534154 0.000735346
678.22 -0.00536982 1 -0.00530185 -6.79756e-05
678.66 -0.00513937 1 -0.0052628 0.00012343
679.11 -0.00490434 1 -0.00522261 0.000318266
679.55 -0.0046752 1 -0.00518307 0.000507878
679.99 -0.0064467 1 -0.00514331 -0.00130339
680.44 -0.00321369 1 -0.00510241 0.00188872
680.88 -0.00598653 1 -0.00506221 -0.000924318
681.33 -0.00475487 1 -0.00502087 0.000265993
681.77 -0.00552904 1 -0.00498024 -0.000548798
682.22 -0.00229875 1 -0.00493848 0.00263973
682.66 -0.00307425 1 -0.00489746 0.00182321
683.11 -0.00584533 1 -0.00485531 -0.000990021
683.55 -0.00662217 1 -0.00481392 -0.00180825
683.99 -0.00439968 1 -0.00477236 0.000372675
684.44 -0.00717283 1 -0.00472969 -0.00244314
684.88 -0.00595169 1 -0.00468781 -0.00126389
685.33 -0.00572623 1 -0.00464482 -0.00108141
685.77 -0.00450645 1 -0.00460265 9.61945e-05
686.21 -0.00628735 1 -0.00456034 -0.00172701
686.66 -0.00606397 1 -0.00451695 -0.00154702
687.1 -0.00584624 1 -0.00447441 -0.00137184
687.55 -0.00762427 1 -0.00443078 -0.00319349
687.99 -0.00240792 1 -0.00438803 0.00198011
688.44 -0.00518736 1 -0.00434421 -0.000843143
688.88 -0.00497239 1 -0.00430129 -0.000671101
689.32 -0.00475811 1 -0.00425829 -0.000499818
689.77 -0.00553967 1 -0.00421425 -0.00132542
690.21 -0.00632678 1 -0.00417113 -0.00215565
690.65 -0.00511458 1 -0.00412796 -0.000986621
691.1 -0.00489828 1 -0.00408378 -0.000814504
691.54 -0.00768749 1 -0.00404055 -0.00364694
691.99 -0.00647263 1 -0.00399631 -0.00247632
692.43 -0.00726325 1 -0.00395305 -0.0033102
692.87 -0.00705457 1 -0.00390979 -0.00314478
693.32 -0.00484187 1 -0.00386555 -0.00097632
693.76 -0.00463461 1 -0.00382231 -0.000812299
694.2 -0.00342805 1 -0.00377909 0.000351042
694.65 -0.00521753 1 -0.00373493 -0.0014826
695.09 -0.0050124 1 -0.00369179 -0.00132061
695.53 -0.00480799 1 -0.00364871 -0.00115928
695.98 -0.00659966 1 -0.00360471 -0.00299496
696.42 -0.00439669 1 -0.00356175 -0.000834935
696.86 -0.00619443 1 -0.00351888 -0.00267555
697.31 -0.00698831 1 -0.00347511 -0.00351319
697.75 -0.0057875 1 -0.00343242 -0.00235508
698.19 -0.00658741 1 -0.00338983 -0.00319757
698.64 -0.00738351 1 -0.00334639 -0.00403712
699.08 -0.00518488 1 -0.00330404 -0.00188084
699.52 -0.00498698 1 -0.00326181 -0.00172516
699.97 -0.00478532 1 -0.00321877 -0.00156655
700.41 -0.00458889 1 -0.00317683 -0.00141206
700.85 -0.00439318 1 -0.00313504 -0.00125814
701.3 -0.00519378 1 -0.00309247 -0.00210131
701.74 -0.00299956 1 -0.00305102 5.14567e-05
702.18 -0.00380607 1 -0.00300974 -0.000796331
702.63 -0.00560894 1 -0.00296771 -0.00264123
703.07 -0.00341694 1 -0.00292681 -0.000490132
703.51 -0.00322568 1 -0.0028861 -0.000339574
703.96 -0.00703083 1 -0.00284468 -0.00418615
704.4 -0.00484107 1 -0.0028044 -0.00203667
704.84 -0.00465205 1 -0.00276434 -0.00188771
705.28 -0.00346378 1 -0.0027245 -0.000739282
705.73 -0.003272 1 -0.00268399 -0.000588009
706.17 -0.00208524 1 -0.00264463 0.000559385
706.61 -0.00489924 1 -0.00260551 -0.00229373
707.06 -0.00570978 1 -0.00256576 -0.00314402
707.5 -0.0065253 1 -0.00252715 -0.00399814
707.94 -0.00534157 1 -0.00248881 -0.00285276
708.38 -0.0051586 1 -0.00245073 -0.00270787
708.83 -0.00297225 1 -0.00241206 -0.000560187
709.27 -0.00179082 1 -0.00237454 0.000583726
709.71 -0.00461014 1 -0.0023373 -0.00227284
710.15 -0.00243024 1 -0.00230035 -0.000129884
710.6 -0.00424703 1 -0.00226286 -0.00198417
711.04 -0.00506867 1 -0.00222651 -0.00284216
711.48 -0.000891081 1 -0.00219045 0.00129937
711.92 -0.00271426 1 -0.00215471 -0.000559556
712.37 -0.00353422 1 -0.00211847 -0.00141576
712.81 -0.00235897 1 -0.00208335 -0.000275618
713.25 -0.00518449 1 -0.00204855 -0.00313594
713.69 -0.00301078 1 -0.00201407 -0.000996714
714.13 -0.00283786 1 -0.00197991 -0.000857944
714.58 -0.00266181 1 -0.00194532 -0.000716489
715.02 -0.00349046 1 -0.00191183 -0.00157863
715.46 -0.0033199 1 -0.00187867 -0.00144123
715.9 -0.00315012 1 -0.00184585 -0.00130427
716.35 -0.0059773 1 -0.00181263 -0.00416467
716.79 -0.00180912 1 -0.0017805 -2.86212e-05
717.23 -0.00264173 1 -0.00174871 -0.00089302
717.67 -0.00147512 1 -0.00171726 0.000242135
718.11 -0.00230932 1 -0.00168616 -0.000623157
718.56 -0.00214056 1 -0.00165471 -0.000485849
719 -0.00197636 1 -0.00162432 -0.000352044
719.44 -0.00181296 1 -0.00159428 -0.000218686
719.88 -0.00465036 1 -0.00156459 -0.00308578
720.32 -0.00248856 1 -0.00153525 -0.000953314
720.76 -0.00132757 1 -0.00150627 0.0001787
721.21 -0.00216374 1 -0.00147699 -0.000686751
721.65 -0.00100438 1 -0.00144873 0.000444352
722.09 -0.00184582 1 -0.00142082 -0.000424997
722.53 -0.00268807 1 -0.00139327 -0.0012948
722.97 -0.00353113 1 -0.00136608 -0.00216505
723.41 -0.00237501 1 -0.00133924 -0.00103577
723.86 -0.000216178 1 -0.00131216 0.00109598
724.3 -0.0020617 1 -0.00128605 -0.000775656
724.74 0.00109195 1 -0.00126029 0.00235224
725.18 0.00124479 1 -0.00123488 0.00247968
725.62 -0.000603192 1 -0.00120983 0.000606643
726.06 -0.000451998 1 -0.00118514 0.000733142
726.5 -0.000301629 1 -0.0011608 0.000859169
726.95 -0.000148697 1 -0.00113627 0.000987571
727.39 0 1 -0.00111264 0.00111264
727.83 -0.00285213 1 -0.00108936 -0.00176277
728.27 0.00129491 1 -0.00106643 0.00236134
728.71 0.00044114 1 -0.00104384 0.00148498
729.15 0.00158655 1 -0.0010216 0.00260816
729.59 0.00273116 1 -0.00099971 0.00373087
730.03 -0.00312503 1 -0.000978158 -0.00214688
730.48 0.00102122 1 -0.000956469 0.00197768
730.92 0.000163416 1 -0.000935604 0.00109902
731.36 0.00230483 1 -0.000915076 0.00321991
731.8 0.00144547 1 -0.000894882 0.00234035
732.24 0.00258533 1 -0.00087502 0.00346035
732.68 0.000724424 1 -0.000855488 0.00157991
733.12 -0.00213724 1 -0.000836284 -0.00130096
733.56 0.00200033 1 -0.000817406 0.00281774
734 -0.000862847 1 -0.00079885 -6.39975e-05
734.44 0.00227323 1 -0.000780614 0.00305384
734.89 0.00341163 1 -0.000762293 0.00417393
735.33 0.00354622 1 -0.000744697 0.00429091
735.77 0.00468007 1 -0.000727413 0.00540748
736.21 0.0018132 1 -0.000710439 0.00252364
736.65 0.000945616 1 -0.000693771 0.00163939
737.09 0.00407732 1 -0.000677406 0.00475472
737.53 0.00420831 1 -0.000661342 0.00486965
737.97 0.0013386 1 -0.000645576 0.00198418
738.41 0.0034682 1 -0.000630105 0.0040983
738.85 0.0055971 1 -0.000614925 0.00621203
739.29 0.00572532 1 -0.000600033 0.00632535
739.73 0.00185286 1 -0.000585426 0.00243829
740.17 0.00497973 1 -0.000571102 0.00555083
740.61 0.00310593 1 -0.000557056 0.00366298
741.05 0.00523146 1 -0.000543285 0.00577475
741.49 0.00135634 1 -0.000529787 0.00188613
741.93 0.00448057 1 -0.000516558 0.00499712
742.37 -0.00139585 1 -0.000503595 -0.00089226
742.81 0.00272708 1 -0.000490893 0.00321798
743.26 0.00485216 1 -0.000478171 0.00533033
743.7 0.00397382 1 -0.00046599 0.00443981
744.14 0.00509486 1 -0.00045406 0.00554892
744.58 0.00121528 1 -0.00044238 0.00165766
745.02 0.00233508 1 -0.000430944 0.00276602
745.46 0.00445428 1 -0.00041975 0.00487403
745.9 0.00157287 1 -0.000408795 0.00198167
746.34 0.00469087 1 -0.000398075 0.00508895
746.78 0.00380828 1 -0.000387586 0.00419587
747.22 0.00292511 1 -0.000377325 0.00330243
747.66 0.00304135 1 -0.000367288 0.00340864
748.1 0.00415702 1 -0.000357473 0.0045145
748.54 0.00327212 1 -0.000347876 0.00362
748.98 0.00138666 1 -0.000338493 0.00172516
749.42 0.00250065 1 -0.000329321 0.00282997
749.86 0.00461407 1 -0.000320357 0.00493443
750.29 0.000724399 1 -0.000311794 0.00103619
750.73 0.00183675 1 -0.00030323 0.00213998
751.17 0.00194857 1 -0.000294864 0.00224344
751.61 -0.000940138 1 -0.000286692 -0.000653446
752.05 0.00717063 1 -0.000278711 0.00744934
752.49 -0.000719126 1 -0.000270918 -0.000448209
752.93 -0.000609393 1 -0.000263309 -0.000346084
753.37 0.00249983 1 -0.000255881 0.00275571
753.81 0.000608556 1 -0.000248631 0.000857187
754.25 0.00171678 1 -0.000241556 0.00195834
754.69 0.000824518 1 -0.000234652 0.00105917
755.13 0.00293177 1 -0.000227917 0.00315969
755.57 0.00403854 1 -0.000221347 0.00425989
756.01 0.00314483 1 -0.000214938 0.00335977
756.45 0.00225066 1 -0.000208689 0.00245935
756.89 0.00135603 1 -0.000202596 0.00155862
757.33 0.00246093 1 -0.000196656 0.00265759
757.77 0.00356538 1 -0.000190866 0.00375625
758.21 0.00266939 1 -0.000185223 0.00285461
758.64 -0.000229392 1 -0.000179847 -4.95446e-05
759.08 -0.00312625 1 -0.000174486 -0.00295177
759.52 0.00197646 1 -0.000169264 0.00214572
759.96 0.00507874 1 -0.000164176 0.00524292
760.4 0.00218061 1 -0.000159222 0.00233983
760.84 -0.00171794 1 -0.000154398 -0.00156354
761.28 -0.000616895 1 -0.000149701 -0.000467195
761.72 0.00148375 1 -0.000145128 0.00162887
762.16 0.00358399 1 -0.000140677 0.00372467
762.6 0.000683844 1 -0.000136346 0.00082019
763.03 -0.000218945 1 -0.000132226 -8.67192e-05
763.47 0.00188015 1 -0.000128123 0.00200827
763.91 0.000978871 1 -0.000124131 0.001103
764.35 0.00107722 1 -0.000120249 0.00119747
764.79 -0.00182479 1 -0.000116474 -0.00170832
765.23 -0.000727161 1 -0.000112803 -0.000614359
765.67 0.00237011 1 -0.000109233 0.00247935
766.11 -0.00253296 1 -0.000105764 -0.00242719
766.54 -0.00043856 1 -0.000102467 -0.000336093
766.98 0.0016577 1 -9.91879e-05 0.00175689
767.42 0.000753627 1 -9.60016e-05 0.000849628
767.86 -0.00015077 1 -9.29059e-05 -5.78643e-05
768.3 0.00294451 1 -8.98987e-05 0.00303441
768.74 0.00403948 1 -8.6978e-05 0.00412646
769.17 0.00313199 1 -8.42052e-05 0.0032162
769.61 0.00322636 1 -8.14492e-05 0.00330781
770.05 0.00132043 1 -7.87736e-05 0.0013992
770.49 0.0014142 1 -7.61764e-05 0.00149038
770.93 0.00150769 1 -7.36555e-05 0.00158134
771.37 0.0016009 1 -7.12092e-05 0.00167211
771.8 0.000691719 1 -6.88887e-05 0.000760608
772.24 0.000784387 1 -6.65842e-05 0.000850971
772.68 0.00087679 1 -6.43488e-05 0.000941139
773.12 -3.10652e-05 1 -6.21806e-05 3.11154e-05
773.56 -0.00293917 1 -6.0078e-05 -0.0028791
774 0.00115247 1 -5.80393e-05 0.00121051
774.43 -0.0017582 1 -5.6107e-05 -0.0017021
774.87 -0.000667035 1 -5.41896e-05 -0.000612845
775.31 -0.000576097 1 -5.23313e-05 -0.000523765
775.75 0.00151462 1 -5.05304e-05 0.00156515
776.19 -0.00139489 1 -4.87853e-05 -0.00134611
776.62 0.00169334 1 -4.71326e-05 0.00174047
777.06 0.000783408 1 -4.54937e-05 0.000828902
777.5 -0.00212672 1 -4.39063e-05 -0.00208282
777.94 -3.70518e-05 1 -4.23691e-05 5.31729e-06
778.37 -0.000949605 1 -4.09139e-05 -0.000908691
778.81 -0.00086031 1 -3.94717e-05 -0.000820838
779.25 0.000228803 1 -3.80756e-05 0.000266879
779.69 0.000317741 1 -3.67244e-05 0.000354465
780.13 0.000406507 1 -3.54167e-05 0.000441924
780.56 0.000493097 1 -3.41796e-05 0.000527276
781 -0.000418458 1 -3.29544e-05 -0.000385503
781.44 0.00266983 1 -3.17693e-05 0.0027016
781.88 -0.000242024 1 -3.06229e-05 -0.000211401
782.31 -0.000156023 1 -2.9539e-05 -0.000126484
782.75 -0.00206816 1 -2.84662e-05 -0.00203969
783.19 1.95757e-05 1 -2.74289e-05 4.70045e-05
783.63 -0.00289282 1 -2.64261e-05 -0.00286639
784.06 -0.00180732 1 -2.54785e-05 -0.00178184
784.5 0.00128005 1 -2.45411e-05 0.00130459
784.94 0.000367315 1 -2.36352e-05 0.000390951
785.37 0.000452494 1 -2.27795e-05 0.000475273
785.81 -0.000460445 1 -2.19333e-05 -0.000438512
786.25 0.00362652 1 -2.11159e-05 0.00364764
786.69 0.000713402 1 -2.03265e-05 0.000733728
787.12 -0.00120177 1 -1.95811e-05 -0.00118219
787.56 -0.00311505 1 -1.88445e-05 -0.00309621
788 0.0029716 1 -1.81333e-05 0.00298973
788.43 0.00205622 1 -1.74622e-05 0.00207368
788.87 -0.000857259 1 -1.67991e-05 -0.00084046
789.31 -0.000770789 1 -1.61591e-05 -0.00075463
789.75 -0.000684368 1 -1.55417e-05 -0.000668827
790.18 -0.00259995 1 -1.49593e-05 -0.002585
790.62 -0.000513616 1 -1.43842e-05 -0.000499231
791.06 -0.00142731 1 -1.38295e-05 -0.00141348
791.49 -0.00234299 1 -1.33065e-05 -0.00232969
791.93 -0.00125673 1 -1.27903e-05 -0.00124394
792.37 0.00382951 1 -1.22925e-05 0.0038418
792.8 -0.00308622 1 -1.18234e-05 -0.0030744
793.24 0 1 -1.13606e-05 1.13606e-05
793.68 0.00108622 1 -1.09145e-05 0.00109714
794.11 -0.00282951 1 -1.04942e-05 -0.00281901
794.55 -0.000743265 1 -1.00797e-05 -0.000733186
794.99 0.00234299 1 -9.6804e-06 0.00235267
795.42 0.00142731 1 -9.30434e-06 0.00143661
795.86 0.00251362 1 -8.93357e-06 0.00252255
796.3 -0.000400045 1 -8.57653e-06 -0.000391469
796.73 -0.00131563 1 -8.24042e-06 -0.00130739
797.17 0.00177079 1 -7.90916e-06 0.0017787
797.61 -0.000142741 1 -7.59029e-06 -0.000135151
798.04 -0.00105818 1 -7.29024e-06 -0.00105089
798.48 0.0010284 1 -6.99463e-06 0.0010354
798.91 -0.00288692 1 -6.71653e-06 -0.0028802
799.35 -0.0018002 1 -6.44263e-06 -0.00179376
799.79 0.0012866 1 -6.17915e-06 0.00129278
800.22 0.0013715 1 -5.93137e-06 0.00137743
800.66 -0.00154153 1 -5.68742e-06 -0.00153584
801.1 -0.00145447 1 -5.45284e-06 -0.00144902
