500.34 0.0063352 1 3.20753e-06 0.00633199
500.8 0.00771944 1 3.44665e-06 0.007716
501.25 0.00609534 1 3.69685e-06 0.00609165
501.71 0.0044796 1 3.97035e-06 0.00447563
502.17 0.00286387 1 4.26295e-06 0.00285961
502.62 0.0052398 1 4.56888e-06 0.00523523
503.08 0.00562407 1 4.90301e-06 0.00561917
503.53 0 1 5.25216e-06 -5.25216e-06
503.99 0.00238428 1 5.63331e-06 0.00237865
504.44 0.0027602 1 6.03136e-06 0.00275417
504.9 0.00514448 1 6.46565e-06 0.00513801
505.36 0.00352875 1 6.92936e-06 0.00352182
505.81 0.00390466 1 7.41326e-06 0.00389724
506.27 0.00528891 1 7.94076e-06 0.00528097
506.72 0.0046648 1 8.49092e-06 0.00465631
507.18 0.00504903 1 9.09032e-06 0.00503994
507.63 0.00242489 1 9.71512e-06 0.00241517
508.09 0.00380909 1 1.03955e-05 0.00379869
508.54 0.00218491 1 1.11043e-05 0.00217381
509 0.00156907 1 1.18757e-05 0.0015572
509.45 0.00494486 1 1.26789e-05 0.00493218
509.91 0.00132897 1 1.35525e-05 0.00131542
510.36 0.00270471 1 1.44617e-05 0.00269025
510.82 0.00108877 1 1.54501e-05 0.00107332
511.27 0.00246445 1 1.64781e-05 0.00244797
511.73 0.000848449 1 1.7595e-05 0.000830854
512.19 0.00123242 1 1.87827e-05 0.00121363
512.64 0.002608 1 2.00169e-05 0.00258798
513.1 -8.10632e-06 1 2.13568e-05 -2.94631e-05
513.55 0.0013674 1 2.27484e-05 0.00134466
514.01 -0.00024878 1 2.42584e-05 -0.000273039
514.46 0.00012665 1 2.58259e-05 0.000100824
514.92 -0.000489622 1 2.75257e-05 -0.000517147
515.37 -0.00011428 1 2.92892e-05 -0.000143569
515.83 0.00126936 1 3.12005e-05 0.00123816
516.28 -0.000355398 1 3.31824e-05 -0.00038858
516.73 -0.000980201 1 3.52812e-05 -0.00101548
517.19 0.00240328 1 3.7554e-05 0.00236573
517.64 -0.00122163 1 3.99088e-05 -0.00126154
518.1 -0.00183826 1 4.24574e-05 -0.00188072
518.55 -0.00146328 1 4.50964e-05 -0.00150838
519.01 0.00191997 1 4.79511e-05 0.00187202
519.46 -0.00170517 1 5.09054e-05 -0.00175608
519.92 -0.000322049 1 5.40993e-05 -0.000376148
520.37 -0.00294732 1 5.74029e-05 -0.00300472
520.83 -0.00356433 1 6.09725e-05 -0.0036253
521.28 -0.000189733 1 6.46625e-05 -0.000254395
521.74 -0.00180688 1 6.86474e-05 -0.00187553
522.19 -0.00143243 1 7.27644e-05 -0.0015052
522.65 -0.00204973 1 7.7208e-05 -0.00212694
523.1 -0.000675426 1 8.17964e-05 -0.000757222
523.55 -0.0023012 1 8.66355e-05 -0.00238783
524.01 0.00108127 1 9.18539e-05 0.000989413
524.46 -0.000544665 1 9.7238e-05 -0.000641902
524.92 -0.00116237 1 0.000103041 -0.00126541
525.37 -0.00178847 1 0.000109025 -0.00189749
525.83 -0.00140634 1 0.00011547 -0.00152181
526.28 -0.00203261 1 0.000122113 -0.00215473
526.73 0.000341024 1 0.000129105 0.00021192
527.19 0.000722873 1 0.00013663 0.000586243
527.64 0.00109633 1 0.000144379 0.000951949
528.1 -0.00152202 1 0.000152714 -0.00167473
528.55 -0.000148754 1 0.000161292 -0.000310046
529.01 0.0022327 1 0.000170514 0.00206219
529.46 -0.000394235 1 0.00018 -0.000574234
529.91 -0.00202127 1 0.000189964 -0.00221124
530.37 -0.00264013 1 0.000200668 -0.0028408
530.82 -0.000267376 1 0.000211668 -0.000479045
531.28 -0.000886451 1 0.000223477 -0.00110993
531.73 -0.00451392 1 0.000235606 -0.00474952
532.18 -0.00314149 1 0.000248331 -0.00338982
532.64 -0.000760905 1 0.000261979 -0.00102288
533.09 -0.00238871 1 0.000275986 -0.00266469
533.54 -0.00201663 1 0.000290667 -0.00230729
534 -0.0046364 1 0.000306402 -0.0049428
534.45 0.000735448 1 0.000322536 0.000412913
534.91 -0.00088457 1 0.000339817 -0.00122439
535.36 0.000487028 1 0.000357526 0.000129502
535.81 -0.0011415 1 0.000376062 -0.00151756
536.27 -0.0037619 1 0.0003959 -0.0041578
536.72 0.000609318 1 0.000416212 0.000193106
537.17 -1.95937e-05 1 0.000437455 -0.000457049
537.63 -0.00164039 1 0.00046017 -0.00210056
538.08 -0.00426957 1 0.000483407 -0.00475298
538.54 -0.000890652 1 0.000508241 -0.00139889
538.99 -0.00152011 1 0.000533631 -0.00205374
539.44 0.000850303 1 0.000560147 0.000290155
539.9 -0.0017712 1 0.000588461 -0.00235966
540.35 -0.000401079 1 0.000617384 -0.00101846
540.8 -0.0020311 1 0.000647564 -0.00267866
541.26 0.000346951 1 0.000679762 -0.00033281
541.71 -0.00228336 1 0.000712624 -0.00299599
542.16 8.617e-05 1 0.000746886 -0.000660716
542.62 -0.00253624 1 0.000783406 -0.00331965
543.07 -0.00116701 1 0.000820649 -0.00198766
543.52 0.00120206 1 0.000859443 0.000342621
543.98 0.000579178 1 0.000900759 -0.000321581
544.43 -0.00105206 1 0.000942855 -0.00199492
544.88 -0.00168347 1 0.000986668 -0.00267014
545.34 0.00269315 1 0.00103329 0.00165987
545.79 6.14242e-05 1 0.00108075 -0.00101932
546.24 -0.000570471 1 0.0011301 -0.00170057
546.69 0.00179747 1 0.0011814 0.000616065
547.15 0.00117341 1 0.00123593 -6.25226e-05
547.6 0.000541004 1 0.00129137 -0.000750371
548.05 0.00190843 1 0.00134896 0.000559464
548.51 0.000283837 1 0.00141012 -0.00112628
548.96 0.00165091 1 0.00147224 0.000178665
549.41 0.0040178 1 0.00153672 0.00248109
549.86 0.00238452 1 0.00160361 0.000780912
550.32 0.00375919 1 0.00167455 0.00208464
550.77 0.00412554 1 0.00174654 0.002379
551.22 0.00349171 1 0.00182116 0.00167054
551.68 0.00186581 1 0.00190024 -3.44233e-05
552.13 0.0032316 1 0.00198041 0.00125119
552.58 0.000597196 1 0.00206343 -0.00146624
553.03 0.0019626 1 0.00214939 -0.000186794
553.49 0.00133593 1 0.00224038 -0.000904453
553.94 0.00270094 1 0.00233251 0.000368428
554.39 0.00306575 1 0.00242781 0.00063794
554.84 0.00243037 1 0.00252637 -9.5997e-05
555.3 0.00380289 1 0.00263056 0.00117233
555.75 0.0031671 1 0.00273594 0.00043116
556.2 0.0035311 1 0.00284481 0.000686292
556.65 0.00389491 1 0.00295727 0.000937639
557.11 0.00626658 1 0.00307601 0.00319057
557.56 0.00362996 1 0.00319596 0.000433999
558.01 0.00599313 1 0.00331974 0.00267339
558.46 0.00535609 1 0.00344745 0.00190864
558.92 0.00372689 1 0.00358212 0.000144768
559.37 0.00608941 1 0.003718 0.00237141
559.82 0.00445172 1 0.00385806 0.00059366
560.27 0.0048138 1 0.00400237 0.000811433
560.72 0.00717567 1 0.00415103 0.00302464
561.18 0.00554534 1 0.00430756 0.00123778
561.63 0.00490675 1 0.00446525 0.000441502
562.08 0.00526794 1 0.00462754 0.000640398
562.53 0.0076289 1 0.00479451 0.00283439
562.99 0.00599764 1 0.00497011 0.00102753
563.44 0.00735813 1 0.00514679 0.00221134
563.89 0.00771838 1 0.00532839 0.00238999
564.34 0.0080784 1 0.00551501 0.0025634
564.79 0.00943818 1 0.0057067 0.00373148
565.25 0.00980572 1 0.00590799 0.00389773
565.7 0.00616501 1 0.0061102 5.48121e-05
566.15 0.00752407 1 0.00631773 0.00120634
566.6 0.00788288 1 0.00653064 0.00135224
567.05 0.00724145 1 0.00674901 0.000492436
567.5 0.00859976 1 0.00697291 0.00162685
567.96 0.00896579 1 0.00720757 0.00175822
568.41 0.0093236 1 0.00744285 0.00188075
568.86 0.00868116 1 0.00768386 0.000997294
569.31 0.00703846 1 0.00793066 -0.000892199
569.76 0.00839551 1 0.0081833 0.000212206
570.21 0.0107523 1 0.00844184 0.00231045
570.67 0.0131167 1 0.00871229 0.00440446
571.12 0.010473 1 0.00898292 0.00149008
571.57 0.012829 1 0.00925961 0.0035694
572.02 0.0101847 1 0.00954239 0.000642346
572.47 0.0095402 1 0.0098313 -0.000291105
572.92 0.0128954 1 0.0101264 0.002769
573.37 0.0122503 1 0.0104277 0.00182263
573.83 0.0106129 1 0.0107421 -0.000129268
574.28 0.0129672 1 0.011056 0.00191118
574.73 0.0123213 1 0.0113763 0.000945068
575.18 0.0136751 1 0.0117028 0.00197238
575.63 0.0130287 1 0.0120356 0.000993109
576.08 0.0123819 1 0.0123747 7.23594e-06
576.53 0.0127349 1 0.0127202 1.47592e-05
576.98 0.0140876 1 0.0130719 0.00101568
577.44 0.0104478 1 0.013438 -0.0029902
577.89 0.0137999 1 0.0138026 -2.61676e-06
578.34 0.0141518 1 0.0141734 -2.16053e-05
578.79 0.0115033 1 0.0145504 -0.00304715
579.24 0.0148545 1 0.0149337 -7.92163e-05
579.69 0.0162055 1 0.0153232 0.000882218
580.14 0.0135561 1 0.0157189 -0.00216281
580.59 0.0149065 1 0.0161207 -0.00121425
581.04 0.0162565 1 0.0165285 -0.000272054
581.49 0.0156062 1 0.0169424 -0.00133617
581.95 0.0169634 1 0.0173716 -0.000408182
582.4 0.0183126 1 0.0177974 0.000515122
582.85 0.0176614 1 0.0182291 -0.000567684
583.3 0.0160099 1 0.0186664 -0.00265652
583.75 0.0183581 1 0.0191094 -0.000751307
584.2 0.018706 1 0.0195579 -0.000851946
584.65 0.0190535 1 0.0200119 -0.000958341
585.1 0.0194008 1 0.0204712 -0.00107039
585.55 0.0187477 1 0.0209357 -0.00218797
586 0.0220943 1 0.0214053 0.00068902
586.45 0.0204406 1 0.0218799 -0.00143928
586.9 0.0227866 1 0.0223593 0.000427243
587.35 0.0221322 1 0.0228435 -0.000711258
587.8 0.0234775 1 0.0233322 0.000145356
588.25 0.0228225 1 0.0238253 -0.00100277
588.71 0.0231748 1 0.0243338 -0.00115891
589.16 0.0255192 1 0.0248353 0.00068388
589.61 0.0258631 1 0.0253407 0.000522428
590.06 0.0272068 1 0.0258499 0.00135691
590.51 0.0265501 1 0.0263626 0.000187508
590.96 0.0258931 1 0.0268787 -0.000985589
591.41 0.0272357 1 0.0273979 -0.000162188
591.86 0.026578 1 0.0279201 -0.00134209
592.31 0.0299199 1 0.028445 0.00147491
592.76 0.0282615 1 0.0289725 -0.000710968
593.21 0.0296028 1 0.0295023 0.000100482
593.66 0.0309437 1 0.0300342 0.000909485
594.11 0.0292842 1 0.030568 -0.00128373
594.56 0.0316244 1 0.0311034 0.000521062
595.01 0.0319643 1 0.0316402 0.000324104
595.46 0.0313038 1 0.0321781 -0.000874368
595.91 0.0336429 1 0.032717 0.000925893
596.36 0.0339816 1 0.0332565 0.000725133
596.81 0.03332 1 0.0337964 -0.000476396
597.26 0.0366581 1 0.0343365 0.00232156
597.71 0.0359958 1 0.0348765 0.00111926
598.16 0.0353331 1 0.0354161 -8.30348e-05
598.61 0.03567 1 0.0359551 -0.000285066
599.06 0.0380066 1 0.0364931 0.00151343
599.51 0.0393428 1 0.03703 0.00231272
599.96 0.0386786 1 0.0375655 0.00111307
600.41 0.038014 1 0.0380993 -8.52531e-05
600.86 0.0413491 1 0.0386311 0.00271801
601.31 0.0396838 1 0.0391606 0.000523138
601.76 0.0390181 1 0.0396877 -0.000669617
602.21 0.040352 1 0.040212 0.000140012
602.65 0.0416781 1 0.0407217 0.000956427
603.1 0.0420113 1 0.0412397 0.000771537
603.55 0.041344 1 0.0417542 -0.000410202
604 0.0416764 1 0.042265 -0.000588539
604.45 0.0440084 1 0.0427716 0.00123677
604.9 0.04334 1 0.043274 6.59742e-05
605.35 0.0426712 1 0.0437719 -0.0011007
605.8 0.046002 1 0.044265 0.00173698
606.25 0.0453324 1 0.0447532 0.000579231
606.7 0.0446624 1 0.0452361 -0.000573729
607.15 0.044992 1 0.0457137 -0.000721698
607.6 0.0453212 1 0.0461857 -0.000864481
608.05 0.04665 1 0.0466519 -1.89276e-06
608.5 0.0469784 1 0.0471121 -0.00013376
608.95 0.0443063 1 0.0475663 -0.00325992
609.39 0.0486266 1 0.0480042 0.000622379
609.84 0.0479538 1 0.0484459 -0.000492073
610.29 0.0472805 1 0.0488809 -0.00160042
610.74 0.0476068 1 0.0493094 -0.00170255
611.19 0.0489328 1 0.0497311 -0.00079837
611.64 0.0492582 1 0.0501461 -0.000887816
612.09 0.0505833 1 0.0505541 2.91711e-05
612.54 0.050908 1 0.0509553 -4.73706e-05
612.99 0.0522322 1 0.0513496 0.000882577
613.44 0.050556 1 0.051737 -0.00118099
613.88 0.0538721 1 0.052109 0.00176311
614.33 0.0521951 1 0.0524828 -0.000287713
614.78 0.0525176 1 0.0528498 -0.000332181
615.23 0.0498397 1 0.0532101 -0.00337038
615.68 0.0521613 1 0.0535637 -0.00140243
616.13 0.0514825 1 0.053911 -0.00242846
616.58 0.0518033 1 0.0542519 -0.00244864
617.03 0.0541236 1 0.0545867 -0.000463144
617.47 0.0544364 1 0.0549084 -0.000472052
617.92 0.0557558 1 0.0552318 0.000524001
618.37 0.0540748 1 0.0555498 -0.00147499
618.82 0.0543934 1 0.0558627 -0.00146931
619.27 0.0547115 1 0.0561708 -0.00145928
619.72 0.0540291 1 0.0564744 -0.00244525
620.17 0.0543463 1 0.0567739 -0.00242759
620.61 0.052656 1 0.0570632 -0.00440719
621.06 0.0549723 1 0.0573559 -0.00238354
621.51 0.0552882 1 0.0576457 -0.00235752
621.96 0.0556035 1 0.0579332 -0.00232962
622.41 0.0589185 1 0.0582188 0.000699677
622.86 0.0582329 1 0.0585031 -0.000270165
623.3 0.0565399 1 0.0587803 -0.00224037
623.75 0.0578534 1 0.0590636 -0.00121015
624.2 0.0581665 1 0.0593473 -0.00118077
624.65 0.0574791 1 0.0596319 -0.00215284
625.1 0.0577912 1 0.0599182 -0.00212701
625.54 0.0610959 1 0.0602003 0.000895615
625.99 0.0594071 1 0.0604917 -0.00108461
626.44 0.0587178 1 0.0607867 -0.0020689
626.89 0.063028 1 0.061086 0.00194205
627.34 0.0623378 1 0.0613902 0.000947534
627.78 0.0616402 1 0.0616932 -5.30622e-05
628.23 0.062949 1 0.0620094 0.000939533
628.68 0.0622572 1 0.0623327 -7.54542e-05
629.13 0.0615651 1 0.0626638 -0.00109874
629.58 0.0628724 1 0.0630034 -0.000131026
630.02 0.0631724 1 0.0633444 -0.000171982
630.47 0.0624787 1 0.0637029 -0.00122415
630.92 0.0657846 1 0.064072 0.00171261
631.37 0.0640899 1 0.0644523 -0.000362359
631.81 0.066388 1 0.0648357 0.00155237
632.26 0.0676924 1 0.0652401 0.00245231
632.71 0.0669963 1 0.0656576 0.00133866
633.16 0.0662996 1 0.0660887 0.00021087
633.61 0.0666025 1 0.0665341 6.84027e-05
634.05 0.0668981 1 0.0669837 -8.5559e-05
634.5 0.0691999 1 0.0674584 0.00174155
634.95 0.0705013 1 0.0679486 0.00255265
635.4 0.0708021 1 0.0684547 0.00234739
635.84 0.0700958 1 0.0689652 0.00113058
636.29 0.0723956 1 0.0695034 0.00289215
636.74 0.0726948 1 0.0700582 0.00263663
637.18 0.072987 1 0.0706168 0.00237018
637.63 0.0752852 1 0.0712046 0.00408061
638.08 0.073583 1 0.0718091 0.00177383
638.53 0.0748802 1 0.0724303 0.00244992
638.97 0.0741703 1 0.0730535 0.00111682
639.42 0.0774665 1 0.0737068 0.00375963
639.87 0.0787621 1 0.074376 0.00438606
640.32 0.0760572 1 0.0750607 0.000996523
640.76 0.0793452 1 0.0757445 0.00360069
641.21 0.0796393 1 0.0764581 0.00318115
641.66 0.0809328 1 0.0771854 0.00374741
642.1 0.0802193 1 0.077909 0.00231029
642.55 0.0805117 1 0.0786609 0.00185078
643 0.0808036 1 0.079424 0.0013796
643.44 0.0810885 1 0.0801799 0.000908612
643.89 0.0823793 1 0.0809618 0.0014175
644.34 0.0836696 1 0.0817516 0.00191805
644.79 0.0829593 1 0.0825478 0.000411581
645.23 0.0852421 1 0.0833312 0.00191089
645.68 0.0855307 1 0.0841361 0.00139466
646.13 0.0858188 1 0.0849431 0.000875757
646.57 0.0871 1 0.0857326 0.00136735
647.02 0.0873869 1 0.086539 0.000847978
647.47 0.0886734 1 0.0873424 0.00133096
647.91 0.0889529 1 0.0881234 0.000829457
648.36 0.0892382 1 0.0889157 0.000322516
648.81 0.0895229 1 0.0896994 -0.000176475
649.25 0.0888008 1 0.0904556 -0.00165479
649.7 0.0900844 1 0.0912166 -0.00113217
650.15 0.0913675 1 0.0919631 -0.000595572
650.59 0.0926437 1 0.0926768 -3.31515e-05
651.04 0.0939256 1 0.0933883 0.000537279
651.48 0.0962007 1 0.0940639 0.00213684
651.93 0.0964815 1 0.0947321 0.00174944
652.38 0.0937617 1 0.0953752 -0.00161346
652.82 0.0940351 1 0.0959777 -0.00194255
653.27 0.0953142 1 0.0965649 -0.0012507
653.72 0.0975926 1 0.0971207 0.000471957
654.16 0.0958643 1 0.0976318 -0.00176744
654.61 0.0961417 1 0.0981194 -0.0019778
655.06 0.0954184 1 0.0985697 -0.0031513
655.5 0.0946884 1 0.0989718 -0.00428346
655.95 0.0939639 1 0.0993424 -0.00537847
656.39 0.0892328 1 0.0996631 -0.0104304
656.84 0.0945071 1 0.099947 -0.00543986
657.29 0.0997809 1 0.100185 -0.000403614
657.73 0.098048 1 0.100371 -0.00232248
658.18 0.0963206 1 0.100512 -0.00419135
658.62 0.0975866 1 0.100601 -0.00301476
659.07 0.0968579 1 0.100641 -0.00378347
659.52 0.100129 1 0.100629 -0.00049982
659.96 0.0973929 1 0.100564 -0.00317088
660.41 0.0986625 1 0.100443 -0.00178084
660.85 0.0979255 1 0.100272 -0.00234631
661.3 0.0971938 1 0.100041 -0.00284696
661.74 0.100456 1 0.0997602 0.000695493
662.19 0.0987228 1 0.0994168 -0.000693964
662.64 0.0969893 1 0.0990162 -0.00202683
663.08 0.0972493 1 0.0985691 -0.00131976
663.53 0.0945146 1 0.0980553 -0.00354067
663.97 0.0947734 1 0.0974979 -0.00272442
664.42 0.0940375 1 0.0968718 -0.00283427
664.86 0.0972951 1 0.0962053 0.00108975
665.31 0.0945579 1 0.0954689 -0.000911011
665.75 0.0938143 1 0.094696 -0.000881708
666.2 0.0940759 1 0.0938523 0.000223541
666.65 0.0943368 1 0.0929559 0.00138089
667.09 0.0935913 1 0.0920296 0.00156175
667.54 0.091851 1 0.0910325 0.000818532
667.98 0.0921043 1 0.0900103 0.00209401
668.43 0.0893627 1 0.0889181 0.000444646
668.87 0.0906148 1 0.0878059 0.00280885
669.32 0.0888719 1 0.086625 0.0022469
669.76 0.0881227 1 0.0854296 0.00269313
670.21 0.0863785 1 0.0841672 0.00221137
670.65 0.0846281 1 0.0828959 0.00173223
671.1 0.0858827 1 0.0815599 0.00432277
671.54 0.0821309 1 0.0802207 0.00191024
671.99 0.0823842 1 0.0788196 0.00356462
672.43 0.0796312 1 0.077421 0.00221021
672.88 0.0788832 1 0.0759637 0.00291952
673.32 0.0771289 1 0.0745146 0.00261435
673.77 0.0773796 1 0.0730102 0.00436939
674.21 0.0736241 1 0.0715197 0.00210433
674.66 0.0738734 1 0.0699777 0.00389567
675.1 0.0701166 1 0.0684551 0.00166148
675.55 0.0683646 1 0.066885 0.00147963
675.99 0.0666065 1 0.0653394 0.00126703
676.44 0.0658532 1 0.0637506 0.00210257
676.88 0.0650937 1 0.0621913 0.00290241
677.33 0.0613391 1 0.060593 0.000746052
677.77 0.0635784 1 0.059029 0.00454937
678.22 0.0598224 1 0.0574303 0.00239213
678.66 0.0570603 1 0.05587 0.0011903
679.11 0.056303 1 0.0542795 0.00202353
679.55 0.0565396 1 0.0527313 0.00380834
679.99 0.0547756 1 0.0511919 0.00358365
680.44 0.0550162 1 0.0496287 0.00538757
680.88 0.0492509 1 0.0481127 0.00113815
681.33 0.0474901 1 0.0465769 0.000913188
681.77 0.0447234 1 0.0450913 -0.000367846
682.22 0.0439613 1 0.0435897 0.000371582
682.66 0.0441933 1 0.0421406 0.00205269
683.11 0.0404298 1 0.0406793 -0.000249537
683.55 0.0386604 1 0.0392722 -0.000611856
683.99 0.0388903 1 0.0378878 0.00100251
684.44 0.0341248 1 0.0364965 -0.00237169
684.88 0.0323533 1 0.0351611 -0.00280777
685.33 0.0315864 1 0.033822 -0.0022356
685.77 0.0328136 1 0.0325395 0.000274086
686.21 0.0310401 1 0.0312843 -0.000244233
686.66 0.028271 1 0.0300296 -0.00175854
687.1 0.0264962 1 0.0288316 -0.00233546
687.55 0.0257257 1 0.0276365 -0.00191084
687.99 0.0269494 1 0.0264979 0.000451579
688.44 0.0261776 1 0.0253642 0.000813364
688.88 0.0223999 1 0.0242862 -0.00188628
689.32 0.0216216 1 0.0232385 -0.00161693
689.77 0.0198475 1 0.0221985 -0.00235092
690.21 0.0190678 1 0.0212124 -0.00214457
690.65 0.0162874 1 0.0202567 -0.00396938
691.1 0.0175112 1 0.0193108 -0.00179962
691.54 0.0157293 1 0.0184165 -0.00268714
691.99 0.0139517 1 0.0175329 -0.00358116
692.43 0.0141684 1 0.016699 -0.00253058
692.87 0.0103845 1 0.0158946 -0.00551016
693.32 0.0136047 1 0.0151021 -0.0014974
693.76 0.0128193 1 0.0143562 -0.00153689
694.2 0.0110331 1 0.0136385 -0.00260536
694.65 0.0102512 1 0.0129333 -0.00268214
695.09 0.0124636 1 0.0122714 0.000192248
695.53 0.00667533 1 0.0116361 -0.00496082
695.98 0.00889113 1 0.0110136 -0.00212244
696.42 0.00810141 1 0.0104307 -0.00232928
696.86 0.00731098 1 0.00987278 -0.0025618
697.31 0.00452455 1 0.00932733 -0.00480278
697.75 0.00573265 1 0.00881795 -0.0030853
698.19 0.00394003 1 0.00833158 -0.00439155
698.64 0.00315137 1 0.00785726 -0.00470589
699.08 0.00535728 1 0.00741537 -0.0020581
699.52 0.00456246 1 0.00699446 -0.002432
699.97 0.00377154 1 0.00658495 -0.00281341
700.41 0.00297524 1 0.00620435 -0.00322911
700.85 0.0041782 1 0.00584265 -0.00166445
701.3 0.00238502 1 0.00549157 -0.00310655
701.74 0.00158649 1 0.00516602 -0.00357953
702.18 0.00278723 1 0.00485733 -0.0020701
702.63 -8.24038e-06 1 0.00455837 -0.00456661
703.07 0.00219099 1 0.00428176 -0.00209077
703.51 0.00338949 1 0.00402005 -0.000630559
703.96 -0.000408283 1 0.00376712 -0.00417541
704.4 -0.000211302 1 0.00353361 -0.00374491
704.84 0.00098493 1 0.00331312 -0.00232819
705.28 0.000180411 1 0.00310507 -0.00292466
705.73 -0.000620443 1 0.00290456 -0.003525
706.17 0.00257352 1 0.00271993 -0.000146415
706.61 -0.00123328 1 0.00254605 -0.00377933
707.06 -0.00303647 1 0.0023788 -0.00541527
707.5 -0.000844803 1 0.00222508 -0.00306988
707.94 -0.00165389 1 0.00208057 -0.00373447
708.38 -0.00346375 1 0.00194482 -0.00540856
708.83 0.00172993 1 0.00181454 -8.46077e-05
709.27 -8.14709e-05 1 0.00169508 -0.00177655
709.71 -0.00189364 1 0.00158304 -0.00347668
710.15 0.000293425 1 0.00147801 -0.00118459
710.6 -0.00151606 1 0.00137744 -0.00289349
711.04 -0.00433055 1 0.00128541 -0.00561597
711.48 -0.00214582 1 0.00119927 -0.0033451
711.92 -0.00196187 1 0.00111868 -0.00308055
712.37 -0.00277454 1 0.00104165 -0.00381619
712.81 -0.00159216 1 0.000971306 -0.00256346
713.25 -0.00241056 1 0.000905571 -0.00331613
713.69 -0.00122974 1 0.000844171 -0.00207391
714.13 0.0019503 1 0.000786841 0.00116346
714.58 -0.00286639 1 0.000732158 -0.00359855
715.02 -0.00168794 1 0.000682309 -0.00237025
715.46 -0.00351029 1 0.000635812 -0.0041461
715.9 -0.00333342 1 0.000592454 -0.00392587
716.35 -0.00615335 1 0.000551148 -0.0067045
716.79 -0.00097809 1 0.000513536 -0.00149163
717.23 -0.000803622 1 0.000478491 -0.00128211
717.67 -0.00162995 1 0.000445844 -0.0020758
718.11 -0.00045708 1 0.000415435 -0.000872515
718.56 -0.00128111 1 0.000386497 -0.0016676
719 0.000890146 1 0.000360173 0.000529973
719.44 -0.00193941 1 0.000335665 -0.00227507
719.88 -0.00176976 1 0.000312851 -0.00208261
720.32 0.00139908 1 0.000291615 0.00110746
720.76 -0.000432896 1 0.000271849 -0.000704745
721.21 -0.00226189 1 0.000253049 -0.00251494
721.65 -0.0020955 1 0.000235955 -0.00233145
722.09 -0.000929923 1 0.000220045 -0.00114997
722.53 -0.00176516 1 0.000205237 -0.0019704
722.97 -0.000601219 1 0.000191454 -0.000792673
723.41 -0.00143809 1 0.000178624 -0.00161672
723.86 0.000727891 1 0.000166419 0.000561472
724.3 0.000889356 1 0.000155318 0.000734038
724.74 -0.000950002 1 0.000144982 -0.00109498
725.18 -0.000790185 1 0.000135356 -0.000925541
725.62 -0.000631194 1 0.000126392 -0.000757585
726.06 -0.000473031 1 0.000118041 -0.000591072
726.5 -0.0013157 1 0.000110261 -0.00142596
726.95 -0.00215565 1 0.000102852 -0.0022585
727.39 0 1 9.61057e-05 -9.61057e-05
727.83 -0.00284518 1 8.98168e-05 -0.002935
728.27 -0.0016912 1 8.39529e-05 -0.00177515
728.71 -0.000538034 1 7.84842e-05 -0.000616518
729.15 0.00261431 1 7.33827e-05 0.00254093
729.59 -0.00223416 1 6.86229e-05 -0.00230278
730.03 -0.00208343 1 6.41808e-05 -0.00214761
730.48 0.00106989 1 5.99431e-05 0.00100995
730.92 -0.000780995 1 5.60774e-05 -0.000837073
731.36 -0.000632674 1 5.24671e-05 -0.000685141
731.8 0.000514863 1 4.90945e-05 0.000465768
732.24 0.00166162 1 4.59433e-05 0.00161568
732.68 -0.00319239 1 4.29982e-05 -0.00323539
733.12 -0.00204718 1 4.02452e-05 -0.00208742
733.56 0.00209728 1 3.76712e-05 0.00205961
734 0.000240976 1 3.52639e-05 0.000205712
734.44 0.00138392 1 3.30123e-05 0.00135091
734.89 0.00152935 1 3.08594e-05 0.00149849
735.33 0.00367079 1 2.88911e-05 0.0036419
735.77 0.00281151 1 2.70489e-05 0.00278446
736.21 0.00195149 1 2.53246e-05 0.00192616
736.65 -0.00190925 1 2.37102e-05 -0.00193296
737.09 0.00122929 1 2.21985e-05 0.00120709
737.53 0.00436712 1 2.07829e-05 0.00434634
737.97 0.000504248 1 1.9457e-05 0.000484791
738.41 0.000640673 1 1.8215e-05 0.000622458
738.85 0.0067764 1 1.70516e-05 0.00675935
739.29 0.00291144 1 1.59615e-05 0.00289548
739.73 0.0010458 1 1.49402e-05 0.00103086
740.17 0.00217948 1 1.39833e-05 0.00216549
740.61 0.00231248 1 1.30866e-05 0.00229939
741.05 0.00244482 1 1.22463e-05 0.00243257
741.49 0.00357649 1 1.14589e-05 0.00356504
741.93 0.000707515 1 1.07209e-05 0.000696794
742.37 0.00183788 1 1.00294e-05 0.00182786
742.81 0.00296761 1 9.38141e-06 0.00295823
743.26 0.00309962 1 8.76082e-06 0.00309086
743.7 0.00222806 1 8.19264e-06 0.00221987
744.14 0.00235587 1 7.66025e-06 0.00234821
744.58 0.00248306 1 7.16142e-06 0.0024759
745.02 0.00360963 1 6.69408e-06 0.00360293
745.46 0.00173559 1 6.25626e-06 0.00172933
745.9 0.00186094 1 5.84614e-06 0.00185509
746.34 0.00598569 1 5.46201e-06 0.00598023
746.78 0.00310985 1 5.10224e-06 0.00310475
747.22 0.00323342 1 4.76534e-06 0.00322866
747.66 0.00435641 1 4.44989e-06 0.00435196
748.1 0.00247882 1 4.15456e-06 0.00247467
748.54 0.000600657 1 3.8781e-06 0.000596779
748.98 0.000721927 1 3.61935e-06 0.000718308
749.42 0.00284264 1 3.37721e-06 0.00283926
749.86 0.00196279 1 3.15065e-06 0.00195964
750.29 7.96815e-05 1 2.94336e-06 7.67382e-05
750.73 0.000198753 1 2.74481e-06 0.000196009
751.17 0.00231729 1 2.55913e-06 0.00231473
751.61 0.000435286 1 2.38551e-06 0.000432901
752.05 0.00355276 1 2.2232e-06 0.00355054
752.49 0.000669708 1 2.07149e-06 0.000667637
752.93 -0.000213858 1 1.92972e-06 -0.000215788
753.37 0.000902064 1 1.79726e-06 0.000900267
753.81 1.74809e-05 1 1.67353e-06 1.58074e-05
754.25 0.0021324 1 1.55797e-06 0.00213084
754.69 0.000246821 1 1.45007e-06 0.000245371
755.13 -0.000639245 1 1.34934e-06 -0.000640594
755.57 0.000474207 1 1.25532e-06 0.000472951
756.01 -0.00041282 1 1.16759e-06 -0.000413987
756.45 0.00169968 1 1.08575e-06 0.0016986
756.89 0.00281172 1 1.00941e-06 0.00281071
757.33 0.00292329 1 9.38218e-07 0.00292235
757.77 3.44115e-05 1 8.71848e-07 3.35397e-05
758.21 0.00214508 1 8.09985e-07 0.00214427
758.64 -0.00174719 1 7.53602e-07 -0.00174795
759.08 -0.0026374 1 6.99806e-07 -0.0026381
759.52 -0.000528032 1 6.49698e-07 -0.000528681
759.96 0.00358091 1 6.03037e-07 0.0035803
760.4 0.00068942 1 5.59594e-07 0.00068886
760.84 -0.000202481 1 5.19158e-07 -0.000203
761.28 -0.00209479 1 4.8153e-07 -0.00209527
761.72 0.00301249 1 4.46523e-07 0.00301204
762.16 0.00411937 1 4.13963e-07 0.00411896
762.6 0.000225862 1 3.83685e-07 0.000225478
763.03 -0.000670444 1 3.56155e-07 -0.0006708
763.47 0.000435283 1 3.29949e-07 0.000434953
763.91 -0.000459368 1 3.05599e-07 -0.000459674
764.35 -0.00235439 1 2.82977e-07 -0.00235467
764.79 -0.00124978 1 2.61968e-07 -0.00125004
765.23 -0.00314553 1 2.4246e-07 -0.00314577
765.67 -0.00104163 1 2.2435e-07 -0.00104186
766.11 -0.00293809 1 2.07544e-07 -0.00293829
766.54 -0.00183723 1 1.92291e-07 -0.00183742
766.98 0.00126565 1 1.77801e-07 0.00126547
767.42 0.000368184 1 1.64364e-07 0.00036802
767.86 -0.0015296 1 1.51905e-07 -0.00152976
768.3 -0.000427714 1 1.40356e-07 -0.000427855
768.74 0.000673859 1 1.29655e-07 0.000673729
769.17 0.00277282 1 1.19957e-07 0.0027727
769.61 -0.00112621 1 1.10758e-07 -0.00112632
770.05 0.000974454 1 1.02239e-07 0.000974352
770.49 0.00407483 1 9.43525e-08 0.00407473
770.93 0.00117491 1 8.70534e-08 0.00117482
771.37 -0.000725291 1 8.02995e-08 -0.000725371
771.8 0.000371973 1 7.41883e-08 0.000371899
772.24 -0.00352877 1 6.83997e-08 -0.00352884
772.68 -0.00142978 1 6.30475e-08 -0.00142984
773.12 -0.00133105 1 5.80999e-08 -0.00133111
773.56 -0.000232572 1 5.35277e-08 -0.000232625
774 -0.00313435 1 4.93033e-08 -0.00313439
774.43 -0.00203859 1 4.54865e-08 -0.00203863
774.87 5.91618e-05 1 4.18766e-08 5.91199e-05
775.31 -0.000843322 1 3.85438e-08 -0.00084336
775.75 -0.00174603 1 3.54676e-08 -0.00174607
776.19 -0.000648965 1 3.26291e-08 -0.000648998
776.62 -0.00255431 1 3.00676e-08 -0.00255434
777.06 -0.000457667 1 2.76479e-08 -0.000457695
777.5 -0.000361227 1 2.54167e-08 -0.000361252
777.94 -0.00226499 1 2.336e-08 -0.00226501
778.37 -0.00317112 1 2.15058e-08 -0.00317114
778.81 -7.52568e-05 1 1.9756e-08 -7.52766e-05
779.25 0.00202042 1 1.81442e-08 0.0020204
779.69 -0.00388407 1 1.66599e-08 -0.00388409
780.13 -0.000788744 1 1.52932e-08 -0.000788759
780.56 0.00030426 1 1.40627e-08 0.000304246
781 -0.000600732 1 1.29029e-08 -0.000600745
781.44 -0.00050588 1 1.18359e-08 -0.000505892
781.88 -0.00241118 1 1.08544e-08 -0.00241119
782.31 -0.00131877 1 9.97166e-09 -0.00131878
782.75 -0.000224342 1 9.14041e-09 -0.000224351
783.19 -0.000130052 1 8.37643e-09 -0.00013006
783.63 -0.00403589 1 7.67444e-09 -0.0040359
784.06 -0.00194398 1 7.04362e-09 -0.00194399
784.5 0.000149945 1 6.45022e-09 0.000149938
784.94 -0.00175624 1 5.90538e-09 -0.00175624
785.37 -0.00366466 1 5.41614e-09 -0.00366466
785.81 0.00342896 1 4.95626e-09 0.00342895
786.25 -0.000477521 1 4.53433e-09 -0.000477526
786.69 -0.00238409 1 4.14731e-09 -0.00238409
787.12 -0.00129286 1 3.80012e-09 -0.00129287
787.56 -0.00319959 1 3.4741e-09 -0.00319959
788 -0.00110639 1 3.17527e-09 -0.00110639
788.43 0.00198463 1 2.9074e-09 0.00198463
788.87 0.0030777 1 2.65605e-09 0.0030777
789.31 -0.000829276 1 2.42583e-09 -0.000829279
789.75 0.00226369 1 2.21503e-09 0.00226369
790.18 -0.00264549 1 2.02625e-09 -0.0026455
790.62 -0.00355261 1 1.84928e-09 -0.00355261
791.06 -0.00345975 1 1.68736e-09 -0.00345975
791.49 -0.00236903 1 1.54246e-09 -0.00236904
791.93 -0.00427623 1 1.40673e-09 -0.00427623
792.37 0.000816559 1 1.28262e-09 0.000816558
792.8 -0.00109277 1 1.17165e-09 -0.00109277
793.24 0 1 1.06778e-09 -1.06778e-09
793.68 -0.00290723 1 9.72873e-10 -0.00290723
794.11 -0.00381656 1 8.88073e-10 -0.00381656
794.55 0.00127623 1 8.08752e-10 0.00127623
794.99 0.000369034 1 7.36337e-10 0.000369033
795.42 0.000459751 1 6.71679e-10 0.000459751
795.86 0.000552606 1 6.11243e-10 0.000552605
796.3 -0.00435451 1 5.5611e-10 -0.00435451
796.73 0.00173631 1 5.06919e-10 0.00173631
797.17 0.000829276 1 4.60975e-10 0.000829276
797.61 -0.0030777 1 4.19092e-10 -0.0030777
798.04 1.32544e-05 1 3.81751e-10 1.3254e-05
798.48 0.000106389 1 3.46899e-10 0.000106388
798.91 0.00019747 1 3.15842e-10 0.00019747
799.35 -0.000709259 1 2.8687e-10 -0.000709259
799.79 0.00238409 1 2.60492e-10 0.00238409
800.22 -0.000524603 1 2.37003e-10 -0.000524603
800.66 -0.00343109 1 2.15107e-10 -0.00343109
801.1 -0.000337473 1 1.95186e-10 -0.000337473
