500.34 0.00354937 1 -0.00129365 0.00484302
500.8 0.00490274 1 -0.00132842 0.00623115
501.25 0.00624843 1 -0.00136316 0.00761158
501.71 0.0036018 1 -0.00139942 0.00500122
502.17 0.00395519 1 -0.00143644 0.00539163
502.62 0.0073009 1 -0.00147342 0.00877431
503.08 0.00265429 1 -0.00151199 0.00416628
503.53 0 1 -0.00155049 0.00155049
503.99 -0.000646606 1 -0.00159065 0.000944046
504.44 0.0016991 1 -0.00163073 0.00332983
504.9 0.00105249 1 -0.0016725 0.002725
505.36 0.00140588 1 -0.00171512 0.00312099
505.81 0.00275157 1 -0.00175762 0.00450919
506.27 0.00210495 1 -0.00180191 0.00390685
506.72 0.00145063 1 -0.00184607 0.00329669
507.18 0.00180398 1 -0.00189207 0.00369605
507.63 0.00114964 1 -0.00193792 0.00308756
508.09 0.00350296 1 -0.00198567 0.00548863
508.54 -0.000151404 1 -0.00203324 0.00188184
509 0.000201892 1 -0.00208277 0.00228466
509.45 0.00154749 1 -0.0021321 0.00367959
509.91 0.000900749 1 -0.00218343 0.00308418
510.36 0.00124631 1 -0.00223454 0.00348085
510.82 0.00159952 1 -0.00228772 0.00388724
511.27 -0.00105496 1 -0.00234064 0.00128568
511.73 0.000298206 1 -0.00239568 0.00269389
512.19 -0.00234865 1 -0.00245167 0.000103021
512.64 -0.00200322 1 -0.00250738 0.000504162
513.1 -0.000650134 1 -0.00256528 0.00191514
513.55 -0.000304758 1 -0.00262286 0.0023181
514.01 4.82616e-05 1 -0.00268268 0.00273094
514.46 -0.00360643 1 -0.00274216 -0.000864268
514.92 -0.00225348 1 -0.00280393 0.000550457
515.37 -0.00290824 1 -0.00286533 -4.29109e-05
515.83 -0.00255536 1 -0.00292907 0.000373705
516.28 -0.0022102 1 -0.00299239 0.000782193
516.73 -0.00286507 1 -0.00305667 0.000191601
517.19 -0.00251232 1 -0.00312338 0.00061106
517.64 -0.00416728 1 -0.00318962 -0.000977665
518.1 -0.00281462 1 -0.00325833 0.000443705
518.55 -0.00446967 1 -0.00332653 -0.00114315
519.01 -0.00511711 1 -0.00339724 -0.00171987
519.46 -0.00477226 1 -0.00346741 -0.00130485
519.92 -0.0024198 1 -0.00354014 0.00112035
520.37 -0.00607505 1 -0.00361228 -0.00246277
520.83 -0.00572269 1 -0.00368703 -0.00203566
521.28 -0.00437805 1 -0.00376114 -0.000616911
521.74 -0.00202581 1 -0.0038379 0.00181209
522.19 -0.00368128 1 -0.00391399 0.000232701
522.65 -0.00532916 1 -0.00399276 -0.0013364
523.1 -0.00498476 1 -0.0040708 -0.000913952
523.55 -0.00464041 1 -0.00414981 -0.000490596
524.01 -0.00228848 1 -0.00423158 0.0019431
524.46 -0.00394426 1 -0.00431254 0.000368273
524.92 -0.00659246 1 -0.00439628 -0.00219618
525.37 -0.00724838 1 -0.00447917 -0.00276921
525.83 -0.00589673 1 -0.00456488 -0.00133185
526.28 -0.00355278 1 -0.00464968 0.0010969
526.73 -0.00720891 1 -0.00473541 -0.0024735
527.19 -0.00185748 1 -0.00482402 0.00296654
527.64 -0.00451375 1 -0.00491163 0.000397872
528.1 -0.00616247 1 -0.00500213 -0.00116034
528.55 -0.00581891 1 -0.00509158 -0.000727323
529.01 -0.00646778 1 -0.00518395 -0.00128383
529.46 -0.00712438 1 -0.00527521 -0.00184916
529.91 -0.00678105 1 -0.00536736 -0.00141369
530.37 -0.00643018 1 -0.00546245 -0.000967735
530.82 -0.00708702 1 -0.00555634 -0.00153069
531.28 -0.00773633 1 -0.00565319 -0.00208314
531.73 -0.00839335 1 -0.00574879 -0.00264456
532.18 -0.00805046 1 -0.00584521 -0.00220525
532.64 -0.00770003 1 -0.00594461 -0.00175542
533.09 -0.00835732 1 -0.00604266 -0.00231467
533.54 -0.00801471 1 -0.00614149 -0.00187322
534 -0.00666457 1 -0.00624331 -0.000421264
534.45 -0.00632215 1 -0.00634368 2.15327e-05
534.91 -0.00697221 1 -0.00644704 -0.000525168
535.36 -0.00662998 1 -0.00654889 -8.10935e-05
535.81 -0.00928786 1 -0.00665144 -0.00263641
536.27 -0.00793823 1 -0.00675698 -0.00118125
536.72 -0.00859631 1 -0.00686091 -0.0017354
537.17 -0.00825449 1 -0.00696548 -0.00128901
537.63 -0.00690519 1 -0.00707304 0.000167848
538.08 -0.00756358 1 -0.00717887 -0.000384717
538.54 -0.0062145 1 -0.00728766 0.00107316
538.99 -0.00987312 1 -0.00739467 -0.00247845
539.44 -0.00853185 1 -0.00750223 -0.00102962
539.9 -0.0101831 1 -0.00761272 -0.00257039
540.35 -0.0108421 1 -0.00772132 -0.00312075
540.8 -0.0115011 1 -0.00783041 -0.00367074
541.26 -0.0121528 1 -0.00794239 -0.00421038
541.71 -0.0108121 1 -0.00805237 -0.00275971
542.16 -0.0114715 1 -0.00816277 -0.00330874
542.62 -0.0101235 1 -0.00827602 -0.00184748
543.07 -0.0107832 1 -0.00838717 -0.00239601
543.52 -0.010443 1 -0.00849865 -0.00194433
543.98 -0.00809536 1 -0.00861292 0.000517569
544.43 -0.0107554 1 -0.008725 -0.00203041
544.88 -0.0104156 1 -0.00883733 -0.00157827
545.34 -0.0100684 1 -0.00895238 -0.00111599
545.79 -0.00972882 1 -0.00906514 -0.000663682
546.24 -0.0103894 1 -0.00917806 -0.00121134
546.69 -0.0100501 1 -0.00929112 -0.000759002
547.15 -0.00870344 1 -0.0094068 0.000703365
547.6 -0.0113644 1 -0.00952005 -0.00184438
548.05 -0.0100256 1 -0.00963335 -0.00039221
548.51 -0.0126793 1 -0.00974919 -0.00293012
548.96 -0.0113407 1 -0.00986249 -0.00147823
549.41 -0.0100023 1 -0.00997575 -2.653e-05
549.86 -0.011664 1 -0.0100889 -0.00157505
550.32 -0.00831832 1 -0.0102045 0.00188621
550.77 -0.00998031 1 -0.0103175 0.000337142
551.22 -0.0106425 1 -0.0104302 -0.000212242
551.68 -0.0132973 1 -0.0105453 -0.00275198
552.13 -0.0129597 1 -0.0106576 -0.00230212
552.58 -0.0116223 1 -0.0107696 -0.000852676
553.03 -0.0112851 1 -0.0108814 -0.000403694
553.49 -0.0109405 1 -0.0109952 5.47551e-05
553.94 -0.00960355 1 -0.0111063 0.0015027
554.39 -0.0112668 1 -0.0112169 -4.99109e-05
554.84 -0.0109302 1 -0.011327 0.000396876
555.3 -0.0105862 1 -0.0114392 0.000852936
555.75 -0.01325 1 -0.0115484 -0.0017016
556.2 -0.0129138 1 -0.011657 -0.00125683
556.65 -0.0135779 1 -0.0117651 -0.00181281
557.11 -0.0112346 1 -0.0118749 0.00064028
557.56 -0.011899 1 -0.0119817 8.26988e-05
558.01 -0.0105636 1 -0.0120879 0.00152427
558.46 -0.00922831 1 -0.0121933 0.00296496
558.92 -0.0118858 1 -0.0123003 0.000414494
559.37 -0.0125508 1 -0.0124041 -0.000146707
559.82 -0.0112161 1 -0.0125072 0.0012911
560.27 -0.0118815 1 -0.0126094 0.000727892
560.72 -0.0115471 1 -0.0127107 0.00116362
561.18 -0.0112055 1 -0.0128134 0.00160791
561.63 -0.0138714 1 -0.0129128 -0.0009586
562.08 -0.0115376 1 -0.0130113 0.00147373
562.53 -0.0112039 1 -0.0131088 0.00190487
562.99 -0.0108631 1 -0.0132074 0.00234431
563.44 -0.0125298 1 -0.0133027 0.000772936
563.89 -0.0131967 1 -0.0133969 0.000200264
564.34 -0.0108638 1 -0.01349 0.00262627
564.79 -0.010531 1 -0.0135819 0.00305091
565.25 -0.0141911 1 -0.0136747 -0.000516439
565.7 -0.0128588 1 -0.0137642 0.000905368
566.15 -0.0135267 1 -0.0138524 0.000325724
566.6 -0.0131947 1 -0.0139393 0.000744599
567.05 -0.011863 1 -0.0140249 0.00216196
567.5 -0.0135314 1 -0.0141092 0.00057779
567.96 -0.0141927 1 -0.014194 1.23596e-06
568.41 -0.0138616 1 -0.0142755 0.000413863
568.86 -0.0145307 1 -0.0143555 -0.000175133
569.31 -0.0131999 1 -0.0144342 0.00123422
569.76 -0.0138694 1 -0.0145113 0.000641898
570.21 -0.0145391 1 -0.014587 4.78743e-05
570.67 -0.0142017 1 -0.0146628 0.000461088
571.12 -0.0118718 1 -0.0147353 0.00286355
571.57 -0.0135421 1 -0.0148064 0.00126424
572.02 -0.0152127 1 -0.0148758 -0.000336873
572.47 -0.0148834 1 -0.0149436 6.0199e-05
572.92 -0.0145544 1 -0.0150098 0.000455432
573.37 -0.0152256 1 -0.0150744 -0.000151194
573.83 -0.0158897 1 -0.0151387 -0.00075102
574.28 -0.0135613 1 -0.0151999 0.00163854
574.73 -0.0162332 1 -0.0152594 -0.000973824
575.18 -0.0159053 1 -0.0153171 -0.000588117
575.63 -0.0145776 1 -0.0153732 0.000795643
576.08 -0.0172501 1 -0.0154275 -0.00182256
576.53 -0.0139229 1 -0.0154801 0.00155726
576.98 -0.0155958 1 -0.0155309 -6.49155e-05
577.44 -0.0172618 1 -0.015581 -0.00168076
577.89 -0.0139353 1 -0.0156283 0.001693
578.34 -0.0166089 1 -0.0156737 -0.000935259
578.79 -0.0162829 1 -0.0157173 -0.000565555
579.24 -0.014957 1 -0.0157591 0.000802105
579.69 -0.0166314 1 -0.0157991 -0.000832286
580.14 -0.0173061 1 -0.0158373 -0.00146873
580.59 -0.0169809 1 -0.0158737 -0.00110725
581.04 -0.0166561 1 -0.0159082 -0.000747828
581.49 -0.0173314 1 -0.0159409 -0.00139048
581.95 -0.0149998 1 -0.0159725 0.000972665
582.4 -0.0146757 1 -0.0160015 0.00132582
582.85 -0.0163518 1 -0.0160287 -0.000323109
583.3 -0.0160281 1 -0.016054 2.58889e-05
583.75 -0.0167047 1 -0.0160776 -0.000627188
584.2 -0.0153816 1 -0.0160993 0.000717663
584.65 -0.0170587 1 -0.0161192 -0.000939555
585.1 -0.0167361 1 -0.0161372 -0.000598838
585.55 -0.0154137 1 -0.0161535 0.000739819
586 -0.0170916 1 -0.016168 -0.000923576
586.45 -0.0167697 1 -0.0161807 -0.000589016
586.9 -0.0154481 1 -0.0161916 0.000743507
587.35 -0.0161268 1 -0.0162008 7.40016e-05
587.8 -0.0168057 1 -0.0162082 -0.000597521
588.25 -0.0154849 1 -0.0162138 0.000728951
588.71 -0.0151572 1 -0.0162178 0.00106062
589.16 -0.0158369 1 -0.01622 0.000383072
589.61 -0.0165169 1 -0.0162205 -0.00029644
590.06 -0.0161972 1 -0.0162193 2.2098e-05
590.51 -0.0148777 1 -0.0162164 0.0013387
590.96 -0.0165585 1 -0.0162119 -0.000346614
591.41 -0.0192396 1 -0.0162058 -0.00303383
591.86 -0.015921 1 -0.0161981 0.000277076
592.31 -0.0156026 1 -0.0161887 0.000586119
592.76 -0.0152845 1 -0.0161779 0.000893321
593.21 -0.0149667 1 -0.0161654 0.0011987
593.66 -0.0146492 1 -0.0161515 0.00150229
594.11 -0.015332 1 -0.0161361 0.000804095
594.56 -0.017015 1 -0.0161192 -0.000895848
595.01 -0.0156983 1 -0.0161008 0.000402482
595.46 -0.016382 1 -0.0160811 -0.000300891
595.91 -0.0140659 1 -0.0160599 0.00199406
596.36 -0.0167501 1 -0.0160374 -0.000712638
596.81 -0.0144345 1 -0.0160136 0.00157904
597.26 -0.0151193 1 -0.0159885 0.000869124
597.71 -0.0148044 1 -0.015962 0.00115764
598.16 -0.0144898 1 -0.0159344 0.00144462
598.61 -0.0161754 1 -0.0159055 -0.000269911
599.06 -0.0158614 1 -0.0158755 1.40804e-05
599.51 -0.0135477 1 -0.0158443 0.00229662
599.96 -0.0142342 1 -0.015812 0.00157775
600.41 -0.0149211 1 -0.0157786 0.000857491
600.86 -0.0146083 1 -0.0157442 0.00113588
601.31 -0.0172958 1 -0.0157087 -0.00158706
601.76 -0.0139835 1 -0.0156723 0.00168872
602.21 -0.0126716 1 -0.0156349 0.00296324
602.65 -0.014367 1 -0.0155974 0.00123048
603.1 -0.0140557 1 -0.0155583 0.00150261
603.55 -0.0137447 1 -0.0155183 0.00177359
604 -0.013434 1 -0.0154775 0.00204344
604.45 -0.0141237 1 -0.0154359 0.00131221
604.9 -0.0158136 1 -0.0153936 -0.000420076
605.35 -0.0175039 1 -0.0153505 -0.00215338
605.8 -0.0151945 1 -0.0153068 0.000112326
606.25 -0.0118854 1 -0.0152625 0.00337708
606.7 -0.0135767 1 -0.0152176 0.00164093
607.15 -0.0142683 1 -0.0151721 0.000903886
607.6 -0.0149602 1 -0.0151262 0.000165999
608.05 -0.0156524 1 -0.0150797 -0.0005727
608.5 -0.0143449 1 -0.0150328 0.000687823
608.95 -0.0160378 1 -0.0149854 -0.0010524
609.39 -0.0117378 1 -0.0149388 0.00320092
609.84 -0.0134314 1 -0.0148907 0.00145933
610.29 -0.0141252 1 -0.0148423 0.000717097
610.74 -0.0148194 1 -0.0147937 -2.5747e-05
611.19 -0.015514 1 -0.0147448 -0.000769167
611.64 -0.0152089 1 -0.0146957 -0.00051313
612.09 -0.0139041 1 -0.0146465 0.000742395
612.54 -0.0135996 1 -0.0145971 0.000997442
612.99 -0.0152955 1 -0.0145476 -0.000747958
613.44 -0.0149918 1 -0.014498 -0.000493773
613.88 -0.0126951 1 -0.0144495 0.00175439
614.33 -0.016392 1 -0.0143999 -0.00199216
614.78 -0.0150893 1 -0.0143503 -0.00073903
615.23 -0.0157869 1 -0.0143007 -0.0014862
615.68 -0.0144849 1 -0.0142513 -0.000233634
616.13 -0.0131832 1 -0.0142019 0.00101869
616.58 -0.0158819 1 -0.0141527 -0.00172919
617.03 -0.015581 1 -0.0141037 -0.00147726
617.47 -0.012287 1 -0.014056 0.00176892
617.92 -0.0149868 1 -0.0140073 -0.000979441
618.37 -0.0146869 1 -0.013959 -0.000727905
618.82 -0.0163873 1 -0.0139109 -0.00247645
619.27 -0.0130882 1 -0.0138631 0.000774939
619.72 -0.0157894 1 -0.0138156 -0.00197371
620.17 -0.0154909 1 -0.0137685 -0.00172237
620.61 -0.0161994 1 -0.0137228 -0.00247661
621.06 -0.0139017 1 -0.0136765 -0.000225233
621.51 -0.0146044 1 -0.0136305 -0.000973816
621.96 -0.0153074 1 -0.013585 -0.00172233
622.41 -0.0130108 1 -0.01354 0.000529231
622.86 -0.0137145 1 -0.0134954 -0.000219105
623.3 -0.0144252 1 -0.0134523 -0.000972921
623.75 -0.0131297 1 -0.0134087 0.000278986
624.2 -0.0138346 1 -0.0133657 -0.000468961
624.65 -0.0145399 1 -0.0133231 -0.00121675
625.1 -0.0152455 1 -0.0132811 -0.00196437
625.54 -0.0149581 1 -0.0132406 -0.00171742
625.99 -0.0156645 1 -0.0131998 -0.00246466
626.44 -0.0133712 1 -0.0131595 -0.000211705
626.89 -0.0160784 1 -0.0131199 -0.00295854
627.34 -0.013786 1 -0.0130808 -0.000705147
627.78 -0.0135004 1 -0.0130432 -0.000457169
628.23 -0.0142087 1 -0.0130054 -0.00120333
628.68 -0.0159174 1 -0.0129682 -0.00294924
629.13 -0.0146265 1 -0.0129316 -0.00169492
629.58 -0.013336 1 -0.0128957 -0.000440351
630.02 -0.0140524 1 -0.0128612 -0.0011912
630.47 -0.0157627 1 -0.0128265 -0.00293614
630.92 -0.0144733 1 -0.0127925 -0.00168083
631.37 -0.0131844 1 -0.0127591 -0.000425276
631.81 -0.0129023 1 -0.0127271 -0.000175159
632.26 -0.0136142 1 -0.0126951 -0.000919116
632.71 -0.0123265 1 -0.0126636 0.000337168
633.16 -0.0140392 1 -0.0126328 -0.00140631
633.61 -0.0137522 1 -0.0126027 -0.00114956
634.05 -0.0144721 1 -0.0125738 -0.00189829
634.5 -0.014186 1 -0.0125449 -0.0016411
634.95 -0.0139003 1 -0.0125166 -0.00138369
635.4 -0.0126151 1 -0.012489 -0.000126083
635.84 -0.0123365 1 -0.0124625 0.000125988
636.29 -0.0150521 1 -0.012436 -0.00261603
636.74 -0.012768 1 -0.0124102 -0.000357877
637.18 -0.0124907 1 -0.0123854 -0.000105305
637.63 -0.0122075 1 -0.0123607 0.000153155
638.08 -0.0139247 1 -0.0123365 -0.00158825
638.53 -0.0136424 1 -0.0123128 -0.00132954
638.97 -0.0133667 1 -0.0122902 -0.00107647
639.42 -0.0110851 1 -0.0122676 0.00118244
639.87 -0.012804 1 -0.0122455 -0.000558573
640.32 -0.0145234 1 -0.0122238 -0.00229953
640.76 -0.0112494 1 -0.0122031 0.000953794
641.21 -0.0129695 1 -0.0121824 -0.000787101
641.66 -0.0116901 1 -0.0121622 0.000472007
642.1 -0.0114174 1 -0.0121427 0.000725343
642.55 -0.0131389 1 -0.0121233 -0.0010156
643 -0.0138608 1 -0.0121042 -0.00175659
643.44 -0.0125893 1 -0.0120859 -0.000503419
643.89 -0.013312 1 -0.0120675 -0.00124459
644.34 -0.0120353 1 -0.0120494 1.41278e-05
644.79 -0.0137589 1 -0.0120316 -0.0017273
645.23 -0.0124891 1 -0.0120145 -0.000474629
645.68 -0.0112137 1 -0.0119973 0.000783599
646.13 -0.0119387 1 -0.0119803 4.16175e-05
646.57 -0.0116702 1 -0.0119639 0.000293677
647.02 -0.012396 1 -0.0119473 -0.000448788
647.47 -0.0101224 1 -0.0119308 0.00180847
647.91 -0.0108552 1 -0.0119149 0.00105971
648.36 -0.0105824 1 -0.0118987 0.00131633
648.81 -0.00931008 1 -0.0118827 0.00257261
649.25 -0.0120442 1 -0.0118671 -0.000177183
649.7 -0.0127728 1 -0.0118511 -0.000921686
650.15 -0.0125018 1 -0.0118352 -0.000666619
650.59 -0.0112373 1 -0.0118197 0.000582341
651.04 -0.0129673 1 -0.0118038 -0.00116352
651.48 -0.00970366 1 -0.0117882 0.00208449
651.93 -0.00943452 1 -0.0117721 0.00233761
652.38 -0.0111658 1 -0.011756 0.000590171
652.82 -0.0129036 1 -0.0117401 -0.00116344
653.27 -0.0106358 1 -0.0117238 0.00108795
653.72 -0.00936855 1 -0.0117073 0.0023387
654.16 -0.0111077 1 -0.0116909 0.000583249
654.61 -0.00984132 1 -0.011674 0.00183268
655.06 -0.00957545 1 -0.0116569 0.0020814
655.5 -0.0103159 1 -0.0116398 0.00132389
655.95 -0.014051 1 -0.0116222 -0.00242885
656.39 -0.0157924 1 -0.0116046 -0.00418785
656.84 -0.0125284 1 -0.0115863 -0.000942159
657.29 -0.00826494 1 -0.0115676 0.0033027
657.73 -0.0110078 1 -0.0115491 0.000541298
658.18 -0.0117452 1 -0.0115297 -0.000215547
658.62 -0.00848897 1 -0.0115103 0.00302134
659.07 -0.0112274 1 -0.0114901 0.000262697
659.52 -0.00896629 1 -0.0114694 0.00250312
659.96 -0.00871146 1 -0.0114487 0.00273726
660.41 -0.00745134 1 -0.0114271 0.00397576
660.85 -0.0101975 1 -0.0114054 0.00120798
661.3 -0.0109383 1 -0.0113828 0.00044447
661.74 -0.0086854 1 -0.0113601 0.00267469
662.19 -0.0104272 1 -0.0113363 0.000909099
662.64 -0.0111696 1 -0.011312 0.000142421
663.08 -0.00991809 1 -0.0112876 0.00136949
663.53 -0.0086614 1 -0.011262 0.00260062
663.97 -0.0104109 1 -0.0112364 0.000825516
664.42 -0.0101552 1 -0.0112096 0.00105438
664.86 -0.0099057 1 -0.0111827 0.00127703
665.31 -0.008651 1 -0.0111546 0.00250357
665.75 -0.0104025 1 -0.0111264 0.000723916
666.2 -0.0101488 1 -0.0110968 0.000948069
666.65 -0.00889561 1 -0.0110666 0.002171
667.09 -0.00964855 1 -0.0110363 0.00138777
667.54 -0.00839639 1 -0.0110046 0.00260823
667.98 -0.0111503 1 -0.0109729 -0.000177433
668.43 -0.00789919 1 -0.0109397 0.00304051
668.87 -0.0106541 1 -0.0109065 0.000252375
669.32 -0.00840402 1 -0.0108718 0.00246777
669.76 -0.00915996 1 -0.0108371 0.00167711
670.21 -0.00891088 1 -0.0108008 0.00188991
670.65 -0.00966784 1 -0.0107645 0.00109671
671.1 -0.00841979 1 -0.0107267 0.00230688
671.54 -0.00917776 1 -0.0106889 0.0015111
671.99 -0.00993075 1 -0.0106494 0.000718625
672.43 -0.00868974 1 -0.01061 0.00192024
672.88 -0.00744378 1 -0.0105689 0.00312509
673.32 -0.0082038 1 -0.0105279 0.00232409
673.77 -0.00995889 1 -0.0104851 0.000526255
674.21 -0.0117199 1 -0.0104426 -0.00127739
674.66 -0.0094761 1 -0.0103982 0.000922085
675.1 -0.0102382 1 -0.010354 0.000115802
675.55 -0.0119954 1 -0.010308 -0.00168743
675.99 -0.00875853 1 -0.0102622 0.00150364
676.44 -0.00851681 1 -0.0102145 0.0016977
676.88 -0.00828099 1 -0.0101671 0.00188613
677.33 -0.00904035 1 -0.0101178 0.0010775
677.77 -0.00980558 1 -0.0100689 0.000263293
678.22 -0.010566 1 -0.010018 -0.000548033
678.66 -0.0103323 1 -0.00996745 -0.000364863
679.11 -0.00909384 1 -0.00991497 0.000821135
679.55 -0.00886119 1 -0.00986289 0.0010017
679.99 -0.0106291 1 -0.00981006 -0.00081902
680.44 -0.00739223 1 -0.00975525 0.00236302
680.88 -0.0101612 1 -0.00970091 -0.000460277
681.33 -0.0109254 1 -0.00964459 -0.00128086
681.77 -0.00869548 1 -0.00958878 0.000893299
682.22 -0.00946084 1 -0.00953097 7.01253e-05
682.66 -0.00823196 1 -0.00947373 0.00124177
683.11 -0.00899843 1 -0.00941447 0.00041604
683.55 -0.00977064 1 -0.00935584 -0.000414796
683.99 -0.00854339 1 -0.00929654 0.000753155
684.44 -0.0123115 1 -0.00923521 -0.00307632
684.88 -0.00908537 1 -0.00917458 8.92116e-05
685.33 -0.0108546 1 -0.00911192 -0.00174272
685.77 -0.00962958 1 -0.00905002 -0.000579561
686.21 -0.0104051 1 -0.00898751 -0.00141756
686.66 -0.00817603 1 -0.00892297 0.000746933
687.1 -0.00895263 1 -0.00885926 -9.3372e-05
687.55 -0.00972473 1 -0.00879352 -0.000931206
687.99 -0.00750245 1 -0.00872869 0.00122624
688.44 -0.00827569 1 -0.00866182 0.00038613
688.88 -0.0100545 1 -0.0085959 -0.00145862
689.32 -0.00883392 1 -0.00852948 -0.000304439
689.77 -0.0106089 1 -0.00846104 -0.00214784
690.21 -0.0093894 1 -0.00839364 -0.000995765
690.65 -0.00917049 1 -0.00832578 -0.000844712
691.1 -0.00794718 1 -0.00825591 0.000308734
691.54 -0.0087294 1 -0.00818717 -0.000542232
691.99 -0.00950725 1 -0.00811644 -0.00139082
692.43 -0.0102906 1 -0.00804688 -0.00224374
692.87 -0.0120745 1 -0.00797695 -0.0040976
693.32 -0.00985416 1 -0.00790506 -0.0019491
693.76 -0.00863924 1 -0.00783442 -0.000804822
694.2 -0.00942489 1 -0.00776345 -0.00166144
694.65 -0.00920626 1 -0.00769056 -0.0015157
695.09 -0.00999307 1 -0.007619 -0.00237407
695.53 -0.00878046 1 -0.00754717 -0.00123329
695.98 -0.0105636 1 -0.00747345 -0.00309016
696.42 -0.00935216 1 -0.00740113 -0.00195103
696.86 -0.00814129 1 -0.0073286 -0.000812697
697.31 -0.00892623 1 -0.00725421 -0.00167202
697.75 -0.00871654 1 -0.0071813 -0.00153524
698.19 -0.00850743 1 -0.00710822 -0.0013992
698.64 -0.00729417 1 -0.00703334 -0.000260822
699.08 -0.00808624 1 -0.00696001 -0.00112623
699.52 -0.0088789 1 -0.00688656 -0.00199234
699.97 -0.00666745 1 -0.00681136 0.000143905
700.41 -0.0094613 1 -0.00673775 -0.00272355
700.85 -0.00725574 1 -0.0066641 -0.000591638
701.3 -0.0100461 1 -0.00658874 -0.00345738
701.74 -0.00684176 1 -0.00651504 -0.000326718
702.18 -0.007638 1 -0.00644135 -0.00119665
702.63 -0.00543021 1 -0.006366 0.000935782
703.07 -0.00722766 1 -0.00629236 -0.000935296
703.51 -0.0080257 1 -0.00621878 -0.00180692
703.96 -0.00781977 1 -0.0061436 -0.00167616
704.4 -0.00861902 1 -0.00607019 -0.00254884
704.84 -0.00741888 1 -0.00599688 -0.001422
705.28 -0.00521934 1 -0.00592369 0.000704352
705.73 -0.00701589 1 -0.00584899 -0.0011669
706.17 -0.00781758 1 -0.00577611 -0.00204148
706.61 -0.00661988 1 -0.00570339 -0.000916484
707.06 -0.00741831 1 -0.00562923 -0.00178909
707.5 -0.00522184 1 -0.00555691 0.00033507
707.94 -0.00902598 1 -0.00548482 -0.00354117
708.38 -0.00883074 1 -0.00541296 -0.00341778
708.83 -0.00663169 1 -0.00533973 -0.00129197
709.27 -0.00743769 1 -0.00526839 -0.0021693
709.71 -0.00724431 1 -0.00519733 -0.00204698
710.15 -0.00805155 1 -0.00512656 -0.00292498
710.6 -0.00885504 1 -0.00505451 -0.00380053
711.04 -0.00966353 1 -0.00498438 -0.00467915
711.48 -0.00747265 1 -0.00491458 -0.00255806
711.92 -0.00428239 1 -0.00484514 0.000562752
712.37 -0.00708845 1 -0.00477448 -0.00231396
712.81 -0.00389945 1 -0.00470578 0.000806329
713.25 -0.00471108 1 -0.00463746 -7.36239e-05
713.69 -0.00452334 1 -0.00456954 4.61914e-05
714.13 -0.00333624 1 -0.00450202 0.00116578
714.58 -0.00814553 1 -0.00443341 -0.00371212
715.02 -0.0069597 1 -0.00436675 -0.00259295
715.46 -0.00677451 1 -0.00430054 -0.00247397
715.9 -0.00758995 1 -0.00423478 -0.00335517
716.35 -0.00640186 1 -0.004168 -0.00223385
716.79 -0.00421859 1 -0.00410319 -0.000115403
717.23 -0.00503596 1 -0.00403885 -0.000997111
717.67 -0.00785398 1 -0.00397501 -0.00387897
718.11 -0.000672636 1 -0.00391166 0.00323903
718.56 -0.00748784 1 -0.0038474 -0.00364043
719 -0.0053078 1 -0.00378509 -0.0015227
719.44 -0.0041284 1 -0.00372331 -0.000405098
719.88 -0.00594966 1 -0.00366205 -0.00228761
720.32 -0.00377156 1 -0.00360133 -0.000170232
720.76 -0.00159412 1 -0.00354116 0.00194704
721.21 -0.00441331 1 -0.00348019 -0.000933128
721.65 -0.00423719 1 -0.00342113 -0.000816056
722.09 -0.00306172 1 -0.00336264 0.000300926
722.53 -0.0048869 1 -0.00330472 -0.00158218
722.97 -0.00271274 1 -0.00324738 0.000534632
723.41 -0.00453924 1 -0.00319061 -0.00134864
723.86 -0.00236248 1 -0.00313315 0.00077067
724.3 -0.00319032 1 -0.00307757 -0.000112749
724.74 -0.00201882 1 -0.00302258 0.00100376
725.18 -0.00284798 1 -0.00296819 0.000120203
725.62 -0.00267781 1 -0.00291439 0.000236579
726.06 -0.0025083 1 -0.0028612 0.000352891
726.5 -0.00333947 1 -0.00280861 -0.00053086
726.95 -0.00416748 1 -0.00275545 -0.00141203
727.39 0 1 -0.00270409 0.00270409
727.83 -0.00583319 1 -0.00265335 -0.00317984
728.27 -0.00266704 1 -0.00260321 -6.38289e-05
728.71 -0.00250156 1 -0.0025537 5.21356e-05
729.15 -0.000336735 1 -0.00250479 0.00216806
729.59 -0.00117256 1 -0.00245651 0.00128394
730.03 -0.00400904 1 -0.00240884 -0.0016002
730.48 -0.00284247 1 -0.00236073 -0.000481744
730.92 -0.00168025 1 -0.00231431 0.000634059
731.36 0.000481334 1 -0.00226851 0.00274985
731.8 -0.000357711 1 -0.00222333 0.00186562
732.24 -0.000197383 1 -0.00217876 0.00198138
732.68 -0.00303768 1 -0.00213481 -0.000902863
733.12 -0.00487859 1 -0.00209148 -0.00278711
733.56 -0.00272012 1 -0.00204876 -0.000671355
734 0.00043775 1 -0.00200665 0.0024444
734.44 0.000595012 1 -0.00196515 0.00256017
734.89 -0.00124477 1 -0.00192334 0.000678571
735.33 -8.87203e-05 1 -0.00188308 0.00179436
735.77 0.00206674 1 -0.00184341 0.00391015
736.21 0.000221617 1 -0.00180435 0.00202597
736.65 -0.000624089 1 -0.00176589 0.0011418
737.09 0.00352963 1 -0.00172802 0.00525765
737.53 0.00368277 1 -0.00169075 0.00537352
737.97 -0.00116465 1 -0.00165406 0.000489412
738.41 0.00198736 1 -0.00161797 0.00360533
738.85 0.00213881 1 -0.00158246 0.00372127
739.29 0.00528971 1 -0.00154752 0.00683723
739.73 0.00144006 1 -0.00151316 0.00295322
740.17 0.00158986 1 -0.00147938 0.00306924
740.61 0.00273912 1 -0.00144616 0.00418528
741.05 0.00288784 1 -0.00141351 0.00430135
741.49 3.60327e-05 1 -0.00138141 0.00141745
741.93 0.0031837 1 -0.00134987 0.00453357
742.37 -0.00166916 1 -0.00131888 -0.000350282
742.81 0.000477456 1 -0.00128844 0.00176589
743.26 0.00162688 1 -0.00125786 0.00288474
743.7 0.00177246 1 -0.00122851 0.00300097
744.14 0.00191754 1 -0.00119968 0.00311722
744.58 6.21187e-05 1 -0.00117139 0.0012335
745.02 0.0032062 1 -0.00114361 0.00434981
745.46 0.00434979 1 -0.00111634 0.00546614
745.9 0.00249289 1 -0.00108959 0.00358249
746.34 0.00263551 1 -0.00106334 0.00369886
746.78 0.00277765 1 -0.0010376 0.00381525
747.22 0.000919322 1 -0.00101234 0.00193166
747.66 0.00306052 1 -0.000987576 0.0040481
748.1 0.00320125 1 -0.000963292 0.00416454
748.54 0.00134153 1 -0.000939485 0.00228101
748.98 0.00148134 1 -0.000916149 0.00239749
749.42 0.00262071 1 -0.000893279 0.00351399
749.86 0.00275963 1 -0.000870868 0.00363049
750.29 0.00189496 1 -0.000849405 0.00274436
750.73 0.00103301 1 -0.000827886 0.00186089
751.17 0.00217062 1 -0.000806809 0.00297743
751.61 0.000307804 1 -0.000786168 0.00109397
752.05 0.00344456 1 -0.000765958 0.00421052
752.49 -0.000419096 1 -0.000746172 0.000327076
752.93 0.000716828 1 -0.000726805 0.00144363
753.37 0.00185234 1 -0.00070785 0.00256019
753.81 -1.25528e-05 1 -0.000689302 0.000676749
754.25 0.000122151 1 -0.000671154 0.000793306
754.69 -0.00174354 1 -0.000653402 -0.00109014
755.13 -0.00260963 1 -0.000636038 -0.00197359
755.57 0.00152389 1 -0.000619056 0.00214295
756.01 0.000657034 1 -0.000602452 0.00125949
756.45 0.00378979 1 -0.000586218 0.00437601
756.89 0.00292218 1 -0.00057035 0.00349253
757.33 0.00305419 1 -0.000554841 0.00360903
757.77 0.00218584 1 -0.000539685 0.00272553
758.21 0.000317127 1 -0.000524876 0.000842003
758.64 0.000445083 1 -0.000510735 0.000955818
759.08 -0.00242433 1 -0.000496596 -0.00192774
759.52 0.0027059 1 -0.000482788 0.00318869
759.96 0.00383579 1 -0.000469304 0.0043051
760.4 0.00196535 1 -0.00045614 0.00242148
760.84 -0.000905438 1 -0.000443288 -0.00046215
761.28 -0.000776552 1 -0.000430745 -0.000345807
761.72 0.00435201 1 -0.000418503 0.00477051
762.16 0.00248025 1 -0.000406558 0.0028868
762.6 0.000608168 1 -0.000394904 0.00100307
763.03 -0.00026712 1 -0.000383792 0.000116672
763.47 0.000860188 1 -0.000372697 0.00123289
763.91 0.00298719 1 -0.000361878 0.00334907
764.35 0.0011139 1 -0.000351329 0.00146523
764.79 0.000240308 1 -0.000341045 0.000581352
765.23 -0.00163357 1 -0.000331019 -0.00130255
765.67 0.000492262 1 -0.000321249 0.000813511
766.11 -0.00238218 1 -0.000311727 -0.00207046
766.54 0.000740247 1 -0.000302658 0.00104291
766.98 0.00186526 1 -0.000293614 0.00215887
767.42 0.00099 1 -0.000284805 0.0012748
767.86 -0.00188552 1 -0.000276226 -0.0016093
768.3 0.000238699 1 -0.000267871 0.00050657
768.74 0.00536266 1 -0.000259737 0.0056224
769.17 0.00448357 1 -0.000251995 0.00473557
769.61 0.00260705 1 -0.000244283 0.00285133
770.05 -0.000269718 1 -0.000236776 -3.29423e-05
770.49 0.00485328 1 -0.000229472 0.00508275
770.93 0.00597605 1 -0.000222365 0.00619841
771.37 9.85844e-05 1 -0.000215451 0.000314035
771.8 0.000218122 1 -0.000208877 0.000426999
772.24 0.00134022 1 -0.000202332 0.00154256
772.68 0.00346211 1 -0.000195969 0.00365808
773.12 0.00158379 1 -0.000189781 0.00177357
773.56 -0.000294738 1 -0.000183766 -0.000110972
774 -0.000173466 1 -0.00017792 4.45348e-06
774.43 0.00094486 1 -0.000172365 0.00111722
774.87 6.57475e-05 1 -0.00016684 0.000232588
775.31 0.00118645 1 -0.000161473 0.00134792
775.75 0.000306966 1 -0.000156258 0.000463224
776.19 0.000427305 1 -0.000151193 0.000578498
776.62 -0.00345526 1 -0.000146384 -0.00330887
777.06 0.00266474 1 -0.000141604 0.00280635
777.5 -0.000215424 1 -0.000136963 -7.84606e-05
777.94 0.00090425 1 -0.000132458 0.00103671
778.37 -0.00197895 1 -0.000128183 -0.00185076
778.81 -0.000859577 1 -0.000123937 -0.00073564
779.25 -0.000740354 1 -0.000119816 -0.000620538
779.69 0.00137873 1 -0.000115818 0.00149454
780.13 0.00149767 1 -0.000111939 0.00160961
780.56 0.000613777 1 -0.000108261 0.000722038
781 0.00273246 1 -0.00010461 0.00283707
781.44 0.00185102 1 -0.000101069 0.00195208
781.88 0.000969452 1 -9.76361e-05 0.00106709
782.31 0.00208508 1 -9.43826e-05 0.00217947
782.75 0.0012033 1 -9.11545e-05 0.00129445
783.19 0.0033214 1 -8.8026e-05 0.00340943
783.63 0.0024394 1 -8.49943e-05 0.0025244
784.06 -0.00144537 1 -8.21226e-05 -0.00136325
784.5 0.00167244 1 -7.92749e-05 0.00175172
784.94 0.000790164 1 -7.65165e-05 0.00086668
785.37 -9.487e-05 1 -7.39047e-05 -2.09653e-05
785.81 0.00102269 1 -7.13157e-05 0.00109401
786.25 0.00314017 1 -6.8809e-05 0.00320898
786.69 -0.000742412 1 -6.63822e-05 -0.00067603
787.12 -0.000627732 1 -6.40856e-05 -0.000563646
787.56 -0.00251045 1 -6.18103e-05 -0.00244864
788 0.000606781 1 -5.96085e-05 0.00066639
788.43 0.00372129 1 -5.75256e-05 0.00377882
788.87 0.00183842 1 -5.54629e-05 0.00189388
789.31 0.0019555 1 -5.34676e-05 0.00200897
789.75 0.00207254 1 -5.15377e-05 0.00212408
790.18 -0.000813111 1 -4.97132e-05 -0.000763398
790.62 0.00130386 1 -4.79072e-05 0.00135177
791.06 -0.000579187 1 -4.61611e-05 -0.000533026
791.49 0.00153508 1 -4.4511e-05 0.00157959
791.93 -0.00134801 1 -4.28783e-05 -0.00130513
792.37 0.00176889 1 -4.13005e-05 0.00181019
792.8 0.000883118 1 -3.98099e-05 0.000922927
793.24 0 1 -3.83356e-05 3.83356e-05
793.68 0.00111688 1 -3.69115e-05 0.00115379
794.11 0.000231113 1 -3.55666e-05 0.000266679
794.55 0.00534801 1 -3.4237e-05 0.00538225
794.99 0.00246492 1 -3.29531e-05 0.00249787
795.42 0.00157919 1 -3.17412e-05 0.00161093
795.86 0.00369614 1 -3.05435e-05 0.00372668
796.3 0.00181311 1 -2.93874e-05 0.0018425
796.73 0.00192746 1 -2.82965e-05 0.00195575
797.17 4.44995e-05 1 -2.72189e-05 7.17184e-05
797.61 -0.000838419 1 -2.61791e-05 -0.00081224
798.04 0.000276045 1 -2.51983e-05 0.000301243
798.48 0.00139322 1 -2.42299e-05 0.00141745
798.91 0.00150778 1 -2.33167e-05 0.0015311
799.35 -0.000374934 1 -2.24151e-05 -0.000352519
799.79 0.00574241 1 -2.15458e-05 0.00576396
800.22 0.00285716 1 -2.07264e-05 0.00287788
800.66 -2.53612e-05 1 -1.99178e-05 -5.4434e-06
801.1 0.0030922 1 -1.91384e-05 0.00311134
