500.34 0.00262258 1 0.000104784 0.0025178
500.8 0.003677 1 0.000111059 0.00356594
501.25 0.00273024 1 0.000117537 0.00261271
501.71 0.000784665 1 0.000124524 0.000660141
502.17 0.00283909 1 0.000131898 0.00270719
502.62 0.00389233 1 0.000139506 0.00375283
503.08 0.00294676 1 0.000147706 0.00279905
503.53 0 1 0.000156162 -0.000156162
503.99 0.00105443 1 0.000165272 0.000889154
504.44 0.00310767 1 0.000174662 0.00293301
504.9 0.00316209 1 0.000184774 0.00297732
505.36 0.00221652 1 0.00019543 0.00202109
505.81 0.00426976 1 0.000206407 0.00406335
506.27 0.00332418 1 0.000218219 0.00310596
506.72 0.00337742 1 0.000230382 0.00314704
507.18 0.00143183 1 0.000243464 0.00118837
507.63 0.00348507 1 0.000256929 0.00322814
508.09 0.00153948 1 0.000271406 0.00126808
508.54 0.00159271 1 0.000286299 0.00130641
509 0.00264712 1 0.000302305 0.00234481
509.45 0.00170034 1 0.000318763 0.00138158
509.91 0.00175474 1 0.000336443 0.0014183
510.36 0.00180795 1 0.000354614 0.00145334
510.82 0.00186234 1 0.000374127 0.00148822
511.27 -8.44496e-05 1 0.000394172 -0.000478622
511.73 0.000969934 1 0.000415688 0.000554246
512.19 0.00102431 1 0.000438285 0.000586027
512.64 0.0020775 1 0.000461484 0.00161602
513.1 0.00313187 1 0.000486368 0.0026455
513.55 0.00418505 1 0.000511903 0.00367315
514.01 0.0022394 1 0.00053928 0.00170012
514.46 0.00229257 1 0.000567362 0.00172521
514.92 0.00334691 1 0.000597455 0.00274946
515.37 0.00440007 1 0.000628309 0.00377176
515.83 0.00245439 1 0.000661359 0.00179304
516.28 0.000507534 1 0.000695229 -0.000187695
516.73 0.00156067 1 0.000730687 0.000829979
517.19 0.00361497 1 0.000768642 0.00284633
517.64 0.00166809 1 0.000807513 0.000860572
518.1 0.00272237 1 0.000849104 0.00187327
518.55 0.00277547 1 0.00089168 0.00188379
519.01 0.00082974 1 0.000937214 -0.000107474
519.46 0.00288282 1 0.000983806 0.00189901
519.92 0.00393707 1 0.00103361 0.00290346
520.37 0.000990131 1 0.00108455 -9.44242e-05
520.83 0.00104436 1 0.00113899 -9.46263e-05
521.28 0.0040974 1 0.00119463 0.00290277
521.74 0.00615161 1 0.00125407 0.00489754
522.19 0.00620463 1 0.0013148 0.00488983
522.65 0.00225881 1 0.00137963 0.000879181
523.1 0.00331181 1 0.00144585 0.00186596
523.55 0.00336479 1 0.00151495 0.00184985
524.01 0.00441894 1 0.00158866 0.00283028
524.46 0.0054719 1 0.0016639 0.003808
524.92 0.00352602 1 0.00174413 0.0017819
525.37 0.00357896 1 0.00182598 0.00175298
525.83 0.00463306 1 0.00191323 0.00271983
526.28 0.00368596 1 0.0020022 0.00168376
526.73 0.00573886 1 0.00209489 0.00364397
527.19 0.00779291 1 0.00219362 0.0055993
527.64 0.00784578 1 0.00229423 0.00555155
528.1 0.00589981 1 0.00240134 0.00349846
528.55 0.00695264 1 0.00251046 0.00444219
529.01 0.00700664 1 0.00262657 0.00438007
529.46 0.00705945 1 0.0027448 0.00431465
529.91 0.00811224 1 0.00286776 0.00524447
530.37 0.00716618 1 0.00299853 0.00416765
530.82 0.00721894 1 0.00313159 0.00408736
531.28 0.00727286 1 0.00327302 0.00399984
531.73 0.00732558 1 0.00341686 0.00390873
532.18 0.00937829 1 0.0035663 0.005812
532.64 0.00943216 1 0.00372504 0.00570712
533.09 0.00948483 1 0.00388636 0.00559847
533.54 0.00953749 1 0.00405386 0.00548363
534 0.0075913 1 0.00423166 0.00335964
534.45 0.0106439 1 0.00441224 0.00623168
534.91 0.0116977 1 0.00460383 0.00709386
535.36 0.0117503 1 0.00479833 0.00695195
535.81 0.0118028 1 0.00500003 0.00680281
536.27 0.0108566 1 0.00521389 0.00564266
536.72 0.0149091 1 0.00543084 0.00947823
537.17 0.00996158 1 0.00565568 0.0043059
537.63 0.0120152 1 0.00589391 0.00612133
538.08 0.0130677 1 0.00613541 0.00693229
538.54 0.0151213 1 0.00639117 0.00873014
538.99 0.0141737 1 0.00665033 0.0075234
539.44 0.0142261 1 0.0069186 0.00730754
539.9 0.0132797 1 0.00720251 0.00607717
540.35 0.016332 1 0.00748999 0.00884204
540.8 0.0163844 1 0.00778738 0.008597
541.26 0.0154378 1 0.00810188 0.00733597
541.71 0.0174901 1 0.00842012 0.00907002
542.16 0.0185424 1 0.00874909 0.00979332
542.62 0.0165958 1 0.00909676 0.00749906
543.07 0.017648 1 0.0094483 0.00819974
543.52 0.0207002 1 0.00981145 0.0108888
543.98 0.0207536 1 0.010195 0.0105586
544.43 0.0198057 1 0.0105825 0.00922324
544.88 0.0208578 1 0.0109825 0.00987533
545.34 0.0229111 1 0.0114047 0.0115064
545.79 0.0219632 1 0.011831 0.0101322
546.24 0.0220152 1 0.0122707 0.00974454
546.69 0.0250673 1 0.0127242 0.0123431
547.15 0.0241204 1 0.0132023 0.0109181
547.6 0.0251724 1 0.0136847 0.0114877
548.05 0.0282243 1 0.0141818 0.0140425
548.51 0.0252774 1 0.0147055 0.0105719
548.96 0.0273293 1 0.0152335 0.0120958
549.41 0.0283812 1 0.0157772 0.012604
549.86 0.028433 1 0.016337 0.012096
550.32 0.030486 1 0.0169263 0.0135597
550.77 0.0305378 1 0.0175198 0.013018
551.22 0.0305895 1 0.0181303 0.0124592
551.68 0.0306424 1 0.0187726 0.0118698
552.13 0.0316941 1 0.0194189 0.0122752
552.58 0.0297458 1 0.0200834 0.00966236
553.03 0.0347974 1 0.0207664 0.014031
553.49 0.0358502 1 0.0214842 0.014366
553.94 0.0349017 1 0.0222058 0.0126959
554.39 0.0379533 1 0.022947 0.0150062
554.84 0.0390048 1 0.0237082 0.0152966
555.3 0.0390574 1 0.0245073 0.0145502
555.75 0.0391089 1 0.0253099 0.013799
556.2 0.0401603 1 0.0261334 0.0140269
556.65 0.0412117 1 0.0269784 0.0142333
557.11 0.0422642 1 0.0278645 0.0143997
557.56 0.0433156 1 0.0287536 0.0145619
558.01 0.0453669 1 0.0296652 0.0157017
558.46 0.0454181 1 0.0305994 0.0148187
558.92 0.0454705 1 0.0315782 0.0138923
559.37 0.0465217 1 0.0325594 0.0139623
559.82 0.0495729 1 0.0335643 0.0160086
560.27 0.049624 1 0.0345932 0.0150308
560.72 0.0496751 1 0.0356465 0.0140286
561.18 0.0497273 1 0.0367486 0.0129787
561.63 0.0497783 1 0.037852 0.0119263
562.08 0.0508293 1 0.0389807 0.0118487
562.53 0.0558803 1 0.0401349 0.0157454
562.99 0.0559323 1 0.0413414 0.0145909
563.44 0.0569832 1 0.0425481 0.0144351
563.89 0.0560341 1 0.0437812 0.0122529
564.34 0.0580849 1 0.0450409 0.013044
564.79 0.0591357 1 0.0463276 0.0128081
565.25 0.0591876 1 0.0476708 0.0115168
565.7 0.0602383 1 0.0490125 0.0112258
566.15 0.0612889 1 0.0503818 0.0109071
566.6 0.0623396 1 0.0517789 0.0105607
567.05 0.0643902 1 0.053204 0.0111862
567.5 0.0654407 1 0.0546572 0.0107835
567.96 0.0654924 1 0.0561721 0.00932033
568.41 0.0655429 1 0.0576828 0.00786007
568.86 0.0675933 1 0.0592222 0.0083711
569.31 0.0676437 1 0.0607904 0.00685329
569.76 0.0686941 1 0.0623876 0.00630652
570.21 0.0717444 1 0.0640137 0.00773069
570.67 0.0727958 1 0.0657061 0.0070897
571.12 0.0748461 1 0.0673912 0.00745483
571.57 0.0738963 1 0.0691056 0.00479066
572.02 0.0769464 1 0.0708493 0.00609715
572.47 0.0769966 1 0.0726223 0.00437429
572.92 0.0790466 1 0.0744246 0.00462205
573.37 0.0810967 1 0.0762562 0.00484045
573.83 0.0811478 1 0.0781589 0.00298894
574.28 0.0841978 1 0.0800497 0.00414806
574.73 0.0832477 1 0.0819697 0.00127797
575.18 0.0852976 1 0.0839188 0.00137873
575.63 0.0893474 1 0.0858969 0.00345046
576.08 0.0873972 1 0.0879039 -0.000506712
576.53 0.0894469 1 0.0899396 -0.000492649
576.98 0.0914966 1 0.0920038 -0.000507182
577.44 0.0905474 1 0.0941432 -0.00359584
577.89 0.094597 1 0.0962646 -0.0016676
578.34 0.0956466 1 0.0984139 -0.00276733
578.79 0.0976961 1 0.100591 -0.00289475
579.24 0.0997456 1 0.102795 -0.00304961
579.69 0.101795 1 0.105027 -0.0032316
580.14 0.101844 1 0.107285 -0.00544039
580.59 0.105894 1 0.109569 -0.00367564
581.04 0.106943 1 0.11188 -0.00493698
581.49 0.108992 1 0.114216 -0.00522401
581.95 0.110043 1 0.116631 -0.00658799
582.4 0.113092 1 0.119017 -0.00592569
582.85 0.114141 1 0.121429 -0.00728774
583.3 0.11519 1 0.123864 -0.00867366
583.75 0.117239 1 0.126322 -0.00908293
584.2 0.119288 1 0.128803 -0.00951501
584.65 0.123337 1 0.131306 -0.00796934
585.1 0.126386 1 0.133831 -0.00744533
585.55 0.128435 1 0.136377 -0.00794235
586 0.131483 1 0.138943 -0.00745979
586.45 0.134532 1 0.141529 -0.00699696
586.9 0.135581 1 0.144134 -0.00855319
587.35 0.137629 1 0.146757 -0.00912776
587.8 0.139678 1 0.149398 -0.00971994
588.25 0.142726 1 0.152055 -0.00932896
588.71 0.145776 1 0.154789 -0.00901256
589.16 0.147824 1 0.157478 -0.00965324
589.61 0.148873 1 0.160181 -0.0113083
590.06 0.153921 1 0.162898 -0.00897695
590.51 0.155969 1 0.165628 -0.00965826
590.96 0.159018 1 0.168369 -0.00935135
591.41 0.161066 1 0.171121 -0.0100553
591.86 0.167114 1 0.173883 -0.00676915
592.31 0.169162 1 0.176654 -0.00749196
592.76 0.17021 1 0.179433 -0.00922274
593.21 0.174258 1 0.182218 -0.00796048
593.66 0.178306 1 0.18501 -0.00670416
594.11 0.179354 1 0.187806 -0.00845274
594.56 0.182402 1 0.190607 -0.00820516
595.01 0.184449 1 0.19341 -0.00896034
595.46 0.189497 1 0.196214 -0.00671718
595.91 0.194545 1 0.199019 -0.00447458
596.36 0.195592 1 0.201824 -0.0062314
596.81 0.19764 1 0.204626 -0.00698651
597.26 0.202687 1 0.207426 -0.00473876
597.71 0.204735 1 0.210222 -0.00548697
598.16 0.209782 1 0.213012 -0.00322996
598.61 0.211829 1 0.215796 -0.00396656
599.06 0.214876 1 0.218572 -0.00369555
599.51 0.218924 1 0.221339 -0.00241574
599.96 0.222971 1 0.224097 -0.0011259
600.41 0.225018 1 0.226843 -0.00182481
600.86 0.226065 1 0.229576 -0.00351126
601.31 0.231112 1 0.232296 -0.001184
601.76 0.235159 1 0.235001 0.000158183
602.21 0.236206 1 0.237689 -0.00148347
602.65 0.241251 1 0.240301 0.000950401
603.1 0.245298 1 0.242954 0.00234435
603.55 0.245345 1 0.245587 -0.000241888
604 0.250391 1 0.248198 0.00219292
604.45 0.254438 1 0.250788 0.00364998
604.9 0.257484 1 0.253354 0.00413049
605.35 0.259531 1 0.255895 0.00363565
605.8 0.263577 1 0.258411 0.00516663
606.25 0.266623 1 0.260899 0.00572458
606.7 0.26867 1 0.263359 0.00531066
607.15 0.269716 1 0.26579 0.00392598
607.6 0.272762 1 0.26819 0.00457163
608.05 0.275808 1 0.270559 0.00524869
608.5 0.277854 1 0.272896 0.00495821
608.95 0.2799 1 0.275199 0.00470118
609.39 0.284945 1 0.277417 0.0075276
609.84 0.283991 1 0.279651 0.00433959
610.29 0.287036 1 0.281849 0.00518782
610.74 0.288082 1 0.284009 0.00407315
611.19 0.289128 1 0.286131 0.00299638
611.64 0.292173 1 0.288215 0.00395826
612.09 0.295219 1 0.290259 0.00495948
612.54 0.297264 1 0.292264 0.00500068
612.99 0.30031 1 0.294227 0.00608241
613.44 0.299355 1 0.29615 0.00320518
613.88 0.301399 1 0.297989 0.00340975
614.33 0.302444 1 0.299829 0.00261484
614.78 0.301489 1 0.301627 -0.000138021
615.23 0.305534 1 0.303383 0.00215134
615.68 0.306579 1 0.305096 0.001483
616.13 0.308624 1 0.306767 0.00185694
616.58 0.306669 1 0.308396 -0.00172699
617.03 0.308714 1 0.309983 -0.00126902
617.47 0.308758 1 0.311494 -0.00273662
617.92 0.310802 1 0.312999 -0.00219698
618.37 0.310847 1 0.314464 -0.00361688
618.82 0.311891 1 0.315888 -0.00399708
619.27 0.310936 1 0.317274 -0.00633847
619.72 0.31298 1 0.318622 -0.00564208
620.17 0.311024 1 0.319934 -0.00890911
620.61 0.315068 1 0.321182 -0.00611391
621.06 0.313112 1 0.322425 -0.00931272
621.51 0.315156 1 0.323635 -0.00847948
621.96 0.3152 1 0.324816 -0.00961604
622.41 0.319244 1 0.325968 -0.00672445
622.86 0.316288 1 0.327095 -0.0108069
623.3 0.317331 1 0.328173 -0.0108427
623.75 0.319374 1 0.329256 -0.00988124
624.2 0.321418 1 0.33032 -0.00890173
624.65 0.319462 1 0.331369 -0.0119071
625.1 0.320505 1 0.332406 -0.0119007
625.54 0.324548 1 0.333412 -0.00886408
625.99 0.323591 1 0.334436 -0.0108446
626.44 0.325634 1 0.335458 -0.00982415
626.89 0.324678 1 0.336484 -0.0118068
627.34 0.328721 1 0.337518 -0.00879688
627.78 0.329763 1 0.338539 -0.00877641
628.23 0.329806 1 0.3396 -0.00979452
628.68 0.330849 1 0.340683 -0.00983401
629.13 0.332892 1 0.341792 -0.00889996
629.58 0.336934 1 0.342932 -0.00599764
630.02 0.335976 1 0.344083 -0.00810685
630.47 0.339019 1 0.345302 -0.00628351
630.92 0.343061 1 0.34657 -0.00350863
631.37 0.343104 1 0.347892 -0.00478814
631.81 0.345145 1 0.349243 -0.0040976
632.26 0.346188 1 0.35069 -0.00450259
632.71 0.35023 1 0.35221 -0.00198031
633.16 0.353272 1 0.353809 -0.000537102
633.61 0.356314 1 0.355494 0.00082065
634.05 0.358355 1 0.357229 0.00112609
634.5 0.362397 1 0.359101 0.00329588
634.95 0.365439 1 0.361078 0.00436108
635.4 0.369481 1 0.363166 0.00631529
635.84 0.371522 1 0.36532 0.00620163
636.29 0.373563 1 0.367646 0.00591793
636.74 0.379605 1 0.3701 0.00950485
637.18 0.382646 1 0.372631 0.0100147
637.63 0.386687 1 0.375358 0.0113286
638.08 0.389728 1 0.378232 0.0114963
638.53 0.39277 1 0.381257 0.0115126
638.97 0.39781 1 0.384366 0.0134442
639.42 0.400851 1 0.387704 0.0131473
639.87 0.406892 1 0.391206 0.0156857
640.32 0.408933 1 0.394877 0.0140557
640.76 0.416973 1 0.398632 0.0183407
641.21 0.418014 1 0.402645 0.0153691
641.66 0.425054 1 0.406833 0.0182213
642.1 0.430094 1 0.4111 0.0189939
642.55 0.435134 1 0.415641 0.0194938
643 0.436175 1 0.42036 0.015815
643.44 0.445214 1 0.425147 0.0200678
643.89 0.450255 1 0.430217 0.0200376
644.34 0.452295 1 0.435463 0.0168322
644.79 0.459335 1 0.44088 0.0184545
645.23 0.466374 1 0.446341 0.0200331
645.68 0.471414 1 0.452088 0.0193258
646.13 0.478454 1 0.457995 0.0204594
646.57 0.481493 1 0.463918 0.0175753
647.02 0.487532 1 0.47012 0.0174129
647.47 0.496572 1 0.47646 0.0201124
647.91 0.498611 1 0.482784 0.0158267
648.36 0.50465 1 0.489371 0.0152796
648.81 0.51069 1 0.496066 0.0146233
649.25 0.514728 1 0.502708 0.0120203
649.7 0.520767 1 0.509585 0.0111826
650.15 0.523806 1 0.516534 0.0072725
650.59 0.530844 1 0.523385 0.00745947
651.04 0.534883 1 0.530435 0.00444841
651.48 0.542921 1 0.537355 0.00556581
651.93 0.54696 1 0.544445 0.00251488
652.38 0.549999 1 0.55153 -0.00153115
652.82 0.558036 1 0.558435 -0.000398899
653.27 0.562075 1 0.565457 -0.00338261
653.72 0.568113 1 0.57242 -0.00430708
654.16 0.573151 1 0.579153 -0.00600192
654.61 0.578189 1 0.585941 -0.00775213
655.06 0.583227 1 0.592612 -0.00938464
655.5 0.586264 1 0.599001 -0.0127365
655.95 0.589302 1 0.605379 -0.0160765
656.39 0.589339 1 0.611442 -0.0221032
656.84 0.597377 1 0.617447 -0.0200704
657.29 0.603415 1 0.623233 -0.0198186
657.73 0.604451 1 0.628659 -0.0242079
658.18 0.615489 1 0.633952 -0.0184636
658.62 0.617525 1 0.638859 -0.0213331
659.07 0.620563 1 0.643582 -0.023019
659.52 0.6246 1 0.647988 -0.0233885
659.96 0.627636 1 0.651974 -0.0243375
660.41 0.634673 1 0.655702 -0.0210282
660.85 0.635709 1 0.65899 -0.0232807
661.3 0.634746 1 0.661973 -0.0272269
661.74 0.642782 1 0.664504 -0.0217216
662.19 0.644819 1 0.666683 -0.0218644
662.64 0.649856 1 0.668437 -0.0185811
663.08 0.651891 1 0.669727 -0.017836
663.53 0.651928 1 0.670603 -0.0186757
663.97 0.652963 1 0.671017 -0.0180537
664.42 0.653999 1 0.670979 -0.0169793
664.86 0.660035 1 0.670483 -0.0104489
665.31 0.658071 1 0.669504 -0.0114332
665.75 0.658106 1 0.668079 -0.00997309
666.2 0.661142 1 0.666141 -0.00499963
666.65 0.659177 1 0.663716 -0.00453923
667.09 0.659212 1 0.660875 -0.00166274
667.54 0.656248 1 0.657489 -0.00124092
667.98 0.657282 1 0.653711 0.00357132
668.43 0.655318 1 0.649375 0.00594294
668.87 0.651352 1 0.644678 0.00667412
669.32 0.649387 1 0.639414 0.00997286
669.76 0.647421 1 0.633826 0.0135955
670.21 0.643456 1 0.627668 0.015788
670.65 0.63749 1 0.621226 0.0162645
671.1 0.632525 1 0.614218 0.0183073
671.54 0.627559 1 0.606969 0.0205904
671.99 0.617594 1 0.599163 0.0184307
672.43 0.612627 1 0.591163 0.0214646
672.88 0.606662 1 0.582621 0.0240411
673.32 0.597695 1 0.573933 0.0237622
673.77 0.586729 1 0.564723 0.0220064
674.21 0.578763 1 0.555418 0.0233447
674.66 0.569797 1 0.545615 0.024182
675.1 0.55983 1 0.535768 0.0240618
675.55 0.545864 1 0.525451 0.0204128
675.99 0.540896 1 0.515142 0.0257546
676.44 0.52193 1 0.504394 0.0175363
676.88 0.513963 1 0.493705 0.0202578
677.33 0.500996 1 0.482611 0.0183851
677.77 0.490029 1 0.471626 0.0184026
678.22 0.477062 1 0.460272 0.0167897
678.66 0.461094 1 0.449075 0.0120193
679.11 0.449127 1 0.437546 0.0115807
679.55 0.439159 1 0.426219 0.0129397
679.99 0.425191 1 0.414858 0.0103327
680.44 0.411224 1 0.403224 0.00799985
680.88 0.397255 1 0.391852 0.00540327
681.33 0.384288 1 0.380246 0.00404207
681.77 0.36932 1 0.368939 0.000380829
682.22 0.357352 1 0.357435 -8.3095e-05
682.66 0.345383 1 0.346262 -0.00087927
683.11 0.331415 1 0.33493 -0.00351507
683.55 0.320446 1 0.323957 -0.00351096
683.99 0.309477 1 0.313105 -0.00362767
684.44 0.294509 1 0.302145 -0.00763614
684.88 0.28354 1 0.291578 -0.00803788
685.33 0.271571 1 0.280935 -0.00936367
685.77 0.261602 1 0.270701 -0.00909922
686.21 0.248633 1 0.260648 -0.0120157
686.66 0.237664 1 0.250564 -0.0128999
687.1 0.226694 1 0.240904 -0.0142102
687.55 0.216725 1 0.231239 -0.0145141
687.99 0.208755 1 0.222005 -0.0132494
688.44 0.199786 1 0.212788 -0.0130015
688.88 0.188816 1 0.204002 -0.0151866
689.32 0.180846 1 0.195447 -0.0146009
689.77 0.168876 1 0.186937 -0.0180609
690.21 0.161906 1 0.178855 -0.0169492
690.65 0.155935 1 0.17101 -0.0150752
691.1 0.147965 1 0.163235 -0.0152697
691.54 0.138995 1 0.155875 -0.0168802
691.99 0.133024 1 0.148596 -0.015571
692.43 0.126054 1 0.14172 -0.0156663
692.87 0.118083 1 0.135082 -0.0169997
693.32 0.115112 1 0.128538 -0.0134262
693.76 0.109141 1 0.122376 -0.0132356
694.2 0.104169 1 0.116446 -0.0122766
694.65 0.0961986 1 0.110617 -0.0144183
695.09 0.0922271 1 0.105145 -0.0129176
695.53 0.0852554 1 0.099893 -0.0146376
695.98 0.0822842 1 0.094746 -0.0124617
696.42 0.0763123 1 0.0899276 -0.0136153
696.86 0.0743403 1 0.0853162 -0.0109759
697.31 0.0663688 1 0.080809 -0.0144402
697.75 0.0643966 1 0.0766008 -0.0122042
698.19 0.0604242 1 0.0725838 -0.0121596
698.64 0.0564524 1 0.0686676 -0.0122152
699.08 0.0534798 1 0.0650203 -0.0115405
699.52 0.0495071 1 0.0615472 -0.01204
699.97 0.049535 1 0.0581692 -0.00863419
700.41 0.0455621 1 0.0550305 -0.0094684
700.85 0.045589 1 0.0520483 -0.00645922
701.3 0.0386165 1 0.0491541 -0.0105375
701.74 0.0356433 1 0.0464706 -0.0108273
702.18 0.0356699 1 0.0439261 -0.00825615
702.63 0.032697 1 0.0414615 -0.00876445
703.07 0.0317235 1 0.0391807 -0.00745723
703.51 0.0297498 1 0.0370219 -0.0072721
703.96 0.0277765 1 0.0349345 -0.00715794
704.4 0.0268026 1 0.0330059 -0.00620332
704.84 0.0248286 1 0.0311833 -0.00635477
705.28 0.0228544 1 0.0294616 -0.00660725
705.73 0.0208807 1 0.0278001 -0.00691941
706.17 0.0189063 1 0.0262677 -0.00736142
706.61 0.0169318 1 0.0248219 -0.0078901
707.06 0.0149578 1 0.0234281 -0.00847035
707.5 0.014983 1 0.0221439 -0.00716091
707.94 0.0140082 1 0.0209333 -0.00692519
708.38 0.0120332 1 0.0197924 -0.00775921
708.83 0.0130587 1 0.0186936 -0.00563492
709.27 0.0100835 1 0.017682 -0.00759856
709.71 0.0101081 1 0.0167291 -0.00662094
710.15 0.0121327 1 0.0158314 -0.00369872
710.6 0.00915768 1 0.0149672 -0.00580955
711.04 0.006182 1 0.0141719 -0.00798986
711.48 0.00920621 1 0.0134227 -0.00421645
711.92 0.00723029 1 0.0127169 -0.00548658
712.37 0.0032548 1 0.0120373 -0.00878247
712.81 0.00527864 1 0.0114116 -0.00613293
713.25 0.00430237 1 0.0108219 -0.00651952
713.69 0.00532597 1 0.010266 -0.00494007
714.13 0.00534946 1 0.00974196 -0.0043925
714.58 0.00337336 1 0.0092368 -0.00586344
715.02 0.0033966 1 0.00877113 -0.00537453
715.46 0.000419728 1 0.00833169 -0.00791196
715.9 0.000442732 1 0.00791683 -0.0074741
716.35 0.00146613 1 0.00751641 -0.00605027
716.79 0.00148889 1 0.00714674 -0.00565785
717.23 0.00151153 1 0.00679735 -0.00528582
717.67 -0.00146595 1 0.00646698 -0.00793293
718.11 0.00155645 1 0.00615445 -0.004598
718.56 -0.000420776 1 0.00585212 -0.0062729
719 -0.000398627 1 0.00557239 -0.00597101
719.44 0.0016234 1 0.00530738 -0.00368399
719.88 0.000645303 1 0.00505622 -0.00441091
720.32 -0.00133292 1 0.00481804 -0.00615096
720.76 0.000688741 1 0.00459209 -0.00390335
721.21 -0.00128924 1 0.00437287 -0.0056621
721.65 -0.00226783 1 0.00416943 -0.00643726
722.09 -0.000246545 1 0.00397616 -0.0042227
722.53 -0.00122539 1 0.00379244 -0.00501783
722.97 -0.00220435 1 0.00361774 -0.00582209
723.41 -0.00218344 1 0.00345153 -0.00563497
723.86 -0.000162183 1 0.00328983 -0.00345202
724.3 -0.00114153 1 0.00313937 -0.0042809
724.74 -0.00112099 1 0.00299606 -0.00411705
725.18 -0.00110059 1 0.00285949 -0.00396008
725.62 -0.00208031 1 0.00272931 -0.00480961
726.06 -0.00106015 1 0.00260517 -0.00366532
726.5 -0.00304012 1 0.00248676 -0.00552688
726.95 -0.00201977 1 0.00237127 -0.00439105
727.39 0 1 0.00226356 -0.00226356
727.83 -0.00198036 1 0.00216073 -0.00414109
728.27 -0.000960837 1 0.00206254 -0.00302338
728.71 -0.00194144 1 0.00196876 -0.00391021
729.15 -0.00292218 1 0.00187918 -0.00480135
729.59 -0.00290303 1 0.00179359 -0.00469662
730.03 -0.00188401 1 0.0017118 -0.00359581
730.48 -0.00186468 1 0.0016319 -0.00349658
730.92 -0.00184591 1 0.00155727 -0.00340318
731.36 -0.000827253 1 0.00148593 -0.00231318
731.8 -0.00180872 1 0.00141773 -0.00322645
732.24 0.0012097 1 0.00135253 -0.00014283
732.68 -0.000772001 1 0.0012902 -0.0020622
733.12 -0.00275382 1 0.0012306 -0.00398442
733.56 0.000264247 1 0.00117362 -0.000909372
734 -0.0027178 1 0.00111914 -0.00383694
734.44 0.00130003 1 0.00106706 0.000232977
734.89 0.000318158 1 0.00101616 -0.000697999
735.33 -0.000664234 1 0.000968602 -0.00163284
735.77 0.00135326 1 0.000923142 0.000430119
736.21 -0.000629354 1 0.000879688 -0.00150904
736.65 -0.00161208 1 0.000838155 -0.00245023
737.09 0.00240509 1 0.00079846 0.00160663
737.53 0.00142214 1 0.000760527 0.000661615
737.97 0.000439092 1 0.000724281 -0.000285189
738.41 0.00345593 1 0.000689651 0.00276628
738.85 0.00447267 1 0.000656568 0.0038161
739.29 0.0024893 1 0.000624968 0.00186433
739.73 0.00050583 1 0.000594789 -8.89588e-05
740.17 0.000522254 1 0.000565969 -4.37156e-05
740.61 0.000538575 1 0.000538453 1.22017e-07
741.05 0.0035548 1 0.000512185 0.00304261
741.49 0.00257091 1 0.000487113 0.0020838
741.93 0.00158693 1 0.000463185 0.00112375
742.37 -0.000397147 1 0.000440354 -0.000837501
742.81 0.00161868 1 0.000418573 0.0012001
743.26 0.00363476 1 0.000397335 0.00323742
743.7 0.00365038 1 0.000377542 0.00327284
744.14 0.000665911 1 0.00035867 0.000307242
744.58 -0.00131865 1 0.000340677 -0.00165933
745.02 0.00169669 1 0.000323527 0.00137316
745.46 0.000711936 1 0.000307184 0.000404752
745.9 0.000727092 1 0.000291611 0.000435481
746.34 0.00274216 1 0.000276776 0.00246538
746.78 0.00075713 1 0.000262646 0.000494484
747.22 0.00277201 1 0.000249191 0.00252282
747.66 0.00278681 1 0.00023638 0.00255043
748.1 0.00180152 1 0.000224185 0.00157733
748.54 -0.000183864 1 0.000212579 -0.000396443
748.98 -0.00016933 1 0.000201536 -0.000370866
749.42 0.00184512 1 0.00019103 0.00165409
749.86 0.00185948 1 0.000181037 0.00167844
750.29 0.000873437 1 0.000171744 0.000701693
750.73 0.000887636 1 0.000162699 0.000724937
751.17 -9.82474e-05 1 0.0001541 -0.000252347
751.61 -8.42121e-05 1 0.000145928 -0.00023014
752.05 0.000929743 1 0.000138162 0.000791581
752.49 0.000943618 1 0.000130785 0.000812833
752.93 0.00195741 1 0.000123778 0.00183364
753.37 -2.88662e-05 1 0.000117124 -0.00014599
753.81 0.000984776 1 0.000110806 0.00087397
754.25 -1.65869e-06 1 0.000104809 -0.000106468
754.69 0.00101183 1 9.91173e-05 0.000912714
755.13 2.52476e-05 1 9.37166e-05 -6.8469e-05
755.57 0.00303859 1 8.85932e-05 0.00295
756.01 0.00405186 1 8.37338e-05 0.00396813
756.45 0.00106506 1 7.91256e-05 0.000985932
756.89 0.00307818 1 7.47566e-05 0.00300343
757.33 0.00109124 1 7.06153e-05 0.00102063
757.77 0.00310423 1 6.66905e-05 0.00303754
758.21 0.00411715 1 6.29717e-05 0.00405417
758.64 0.000129705 1 5.95267e-05 7.01788e-05
759.08 -0.000857509 1 5.61859e-05 -0.000913695
759.52 0.00215521 1 5.30224e-05 0.00210219
759.96 0.00516787 1 5.00273e-05 0.00511784
760.4 0.00118046 1 4.71924e-05 0.00113326
760.84 0.00119298 1 4.45094e-05 0.00114847
761.28 0.000205447 1 4.19709e-05 0.000163476
761.72 0.00221785 1 3.95696e-05 0.00217828
762.16 0.000230191 1 3.72984e-05 0.000192892
762.6 0.00224247 1 3.51508e-05 0.00220732
763.03 0.00225442 1 3.31653e-05 0.00222125
763.47 -0.000733417 1 3.12438e-05 -0.000764661
763.91 0.00227869 1 2.94279e-05 0.00224926
764.35 -0.000709258 1 2.77122e-05 -0.00073697
764.79 0.00230274 1 2.60914e-05 0.00227665
765.23 0.000314679 1 2.45607e-05 0.000290118
765.67 0.00132657 1 2.31154e-05 0.00130345
766.11 0.0013384 1 2.17509e-05 0.00131665
766.54 -0.000650088 1 2.04914e-05 -0.00067058
766.98 0.00236164 1 1.92745e-05 0.00234237
767.42 0.00137332 1 1.81263e-05 0.0013552
767.86 0.00238495 1 1.70432e-05 0.00236791
768.3 0.00239653 1 1.60217e-05 0.00238051
768.74 0.00340807 1 1.50586e-05 0.00339301
769.17 0.00441929 1 1.41706e-05 0.00440512
769.61 0.00343073 1 1.33137e-05 0.00341742
770.05 0.00144212 1 1.25061e-05 0.00142962
770.49 0.00345347 1 1.17453e-05 0.00344173
770.93 0.00346478 1 1.10286e-05 0.00345375
771.37 0.00147604 1 1.03537e-05 0.00146569
771.8 0.00348701 1 9.73216e-06 0.00347728
772.24 0.000498188 1 9.13306e-06 0.000489055
772.68 0.00150933 1 8.56919e-06 0.00150076
773.12 -0.000479573 1 8.03858e-06 -0.000487612
773.56 0.000531487 1 7.53936e-06 0.000523948
774 0.00154251 1 7.06979e-06 0.00153544
774.43 0.000553246 1 6.63792e-06 0.000546608
774.87 0.000564196 1 6.22211e-06 0.000557974
775.31 0.00157511 1 5.83122e-06 0.00156928
775.75 0.00358599 1 5.46383e-06 0.00358053
776.19 0.00159684 1 5.11861e-06 0.00159172
776.62 -0.000392595 1 4.80141e-06 -0.000397397
777.06 0.00361819 1 4.49632e-06 0.00361369
777.5 0.00162894 1 4.2098e-06 0.00162473
777.94 -0.000360343 1 3.94078e-06 -0.000364283
778.37 0.00165011 1 3.6938e-06 0.00164641
778.81 0.00166077 1 3.45643e-06 0.00165731
779.25 0.0016714 1 3.23369e-06 0.00166817
779.69 -0.00131799 1 3.02472e-06 -0.00132101
780.13 0.00269259 1 2.82871e-06 0.00268976
780.56 -0.000297091 1 2.64894e-06 -0.00029974
781 -0.00128656 1 2.47633e-06 -0.00128904
781.44 0.00172395 1 2.31453e-06 0.00172163
781.88 0.00273444 1 2.16287e-06 0.00273227
782.31 -0.000255338 1 2.0239e-06 -0.000257362
782.75 -0.000244895 1 1.89057e-06 -0.000246786
783.19 0.00376553 1 1.76568e-06 0.00376376
783.63 0.000775932 1 1.64872e-06 0.000774283
784.06 -0.00121392 1 1.54162e-06 -0.00121546
784.5 0.00379645 1 1.43896e-06 0.00379501
784.94 0.0008068 1 1.34287e-06 0.000805457
785.37 0.0018169 1 1.25493e-06 0.00181564
785.81 0.00382722 1 1.17069e-06 0.00382605
786.25 0.00283753 1 1.09188e-06 0.00283643
786.69 -0.00215218 1 1.01819e-06 -0.0021532
787.12 -0.000142136 1 9.50802e-07 -0.000143087
787.56 -0.00113187 1 8.86291e-07 -0.00113275
788 0.00287839 1 8.25998e-07 0.00287756
788.43 0.0038884 1 7.70896e-07 0.00388763
788.87 0.000898641 1 7.18178e-07 0.000897922
789.31 0.00290887 1 6.68937e-07 0.0029082
789.75 0.00591909 1 6.22951e-07 0.00591847
790.18 -0.00107093 1 5.80958e-07 -0.00107151
790.62 -6.07159e-05 1 5.40813e-07 -6.12568e-05
791.06 0.00294949 1 5.03346e-07 0.00294898
791.49 0.000959457 1 4.69152e-07 0.000958987
791.93 0.00196965 1 4.36482e-07 0.00196922
792.37 0.00297985 1 4.06009e-07 0.00297944
792.8 -1.01917e-05 1 3.78215e-07 -1.05699e-05
793.24 0 1 3.51675e-07 -3.51675e-07
793.68 0.00301019 1 3.26935e-07 0.00300986
794.11 0.00102015 1 3.04383e-07 0.00101985
794.55 0.00103035 1 2.82861e-07 0.00103006
794.99 0.00204054 1 2.62811e-07 0.00204028
795.42 0.00205051 1 2.44544e-07 0.00205027
795.86 0.00506072 1 2.27123e-07 0.00506049
796.3 -0.000929075 1 2.10902e-07 -0.000929286
796.73 0.00308091 1 1.96134e-07 0.00308071
797.17 0.00309113 1 1.82056e-07 0.00309095
797.61 0.00110136 1 1.68957e-07 0.00110119
798.04 0.000111364 1 1.57037e-07 0.000111207
798.48 0.00112161 1 1.45682e-07 0.00112147
798.91 0.00113164 1 1.35354e-07 0.0011315
799.35 0.000141903 1 1.25519e-07 0.000141777
799.79 0.00615218 1 1.16376e-07 0.00615207
800.22 0.00016224 1 1.08065e-07 0.000162132
800.66 0.00417255 1 1.00155e-07 0.00417245
801.1 0.00318287 1 9.28064e-08 0.00318277
