500.34 0.000989402 1 8.10552e-05 0.000908346
500.8 0.00313512 1 8.58852e-05 0.00304923
501.25 0.00327767 1 9.08702e-05 0.0031868
501.71 0.0014234 1 9.62451e-05 0.00132716
502.17 0.00256913 1 0.000101917 0.00246722
502.62 0.0027117 1 0.000107766 0.00260393
503.08 0.00285743 1 0.000114069 0.00274336
503.53 0 1 0.000120568 -0.000120568
503.99 0.00214574 1 0.000127567 0.00201817
504.44 0.0042883 1 0.000134779 0.00415352
504.9 0.00143404 1 0.000142544 0.00129149
505.36 -0.000420233 1 0.000150725 -0.000570958
505.81 0.00272233 1 0.000159149 0.00256318
506.27 0.00186805 1 0.000168213 0.00169984
506.72 0.0020106 1 0.000177543 0.00183306
507.18 0.00115631 1 0.000187577 0.000968733
507.63 0.000298847 1 0.000197901 0.000100946
508.09 0.00244454 1 0.000208999 0.00223555
508.54 -0.000412935 1 0.000220412 -0.000633347
509 -0.000267256 1 0.000232675 -0.000499931
509.45 0.00287525 1 0.000245282 0.00262996
509.91 0.0010209 1 0.000258822 0.000762081
510.36 0.00116338 1 0.000272735 0.000890647
510.82 0.00230901 1 0.000287671 0.00202134
511.27 0.00245147 1 0.000303012 0.00214845
511.73 0.00259707 1 0.000319474 0.0022776
512.19 0.00174266 1 0.000336759 0.0014059
512.64 0.00188507 1 0.000354502 0.00153056
513.1 3.06202e-05 1 0.000373528 -0.000342907
513.55 0.00217299 1 0.000393048 0.00177995
514.01 -0.00068149 1 0.00041397 -0.00109546
514.46 0.00346084 1 0.000435427 0.00302542
514.92 0.00360632 1 0.000458416 0.00314791
515.37 0.00174861 1 0.000481981 0.00126663
515.83 0.00389405 1 0.000507217 0.00338683
516.28 0.0010363 1 0.000533075 0.00050322
516.73 0.00117852 1 0.000560138 0.000618382
517.19 0.00332388 1 0.000589102 0.00273478
517.64 0.00146606 1 0.000618759 0.000847297
518.1 0.00361136 1 0.000650484 0.00296088
518.55 0.00275349 1 0.000682954 0.00207053
519.01 0.00189874 1 0.000717672 0.00118107
519.46 0.0020408 1 0.000753191 0.00128761
519.92 0.001186 1 0.000791152 0.000394843
520.37 0.001328 1 0.00082997 0.000498031
520.83 0.00147313 1 0.00087144 0.00060169
521.28 0.00261507 1 0.000913827 0.00170125
521.74 0.00476014 1 0.000959089 0.00380105
522.19 0.00290201 1 0.00100533 0.00189668
522.65 0.003047 1 0.00105469 0.00199232
523.1 0.00118881 1 0.00110509 8.37178e-05
523.55 0.00233058 1 0.00115767 0.00117291
524.01 0.00447546 1 0.00121376 0.00326171
524.46 0.00361716 1 0.00127099 0.00234617
524.92 0.00176196 1 0.00133201 0.000429948
525.37 0.00490358 1 0.00139426 0.00350932
525.83 0.0040483 1 0.00146059 0.00258771
526.28 0.00318983 1 0.00152823 0.00166161
526.73 0.00233133 1 0.00159867 0.000732652
527.19 0.00347592 1 0.0016737 0.00180222
527.64 0.00761733 1 0.00175014 0.00586719
528.1 0.00576183 1 0.00183151 0.00393032
528.55 0.00490314 1 0.00191438 0.00298876
529.01 0.00604755 1 0.00200256 0.00404499
529.46 0.00418878 1 0.00209232 0.00209645
529.91 0.00532995 1 0.00218567 0.00314428
530.37 0.00547421 1 0.00228493 0.00318928
530.82 0.00461529 1 0.00238591 0.00222938
531.28 0.00275945 1 0.00249322 0.000266225
531.73 0.00490042 1 0.00260235 0.00229807
532.18 0.00704134 1 0.0027157 0.00432564
532.64 0.00618534 1 0.0028361 0.00334925
533.09 0.00532616 1 0.00295843 0.00236772
533.54 0.00746692 1 0.00308543 0.00438149
534 0.00661075 1 0.00322022 0.00339053
534.45 0.0077514 1 0.00335709 0.00439431
534.91 0.00889512 1 0.00350229 0.00539282
535.36 0.00903565 1 0.00364968 0.00538597
535.81 0.00817613 1 0.0038025 0.00437363
536.27 0.00631966 1 0.00396451 0.00235515
536.72 0.00946002 1 0.00412884 0.00533118
537.17 0.00860031 1 0.00429912 0.00430119
537.63 0.00874366 1 0.00447951 0.00426415
538.08 0.00688383 1 0.00466236 0.00222147
538.54 0.012027 1 0.00485599 0.00717106
538.99 0.0111671 1 0.00505215 0.00611493
539.44 0.0113071 1 0.00525519 0.00605187
539.9 0.00945008 1 0.00547005 0.00398003
540.35 0.0115899 1 0.00568757 0.00590234
540.8 0.0117297 1 0.00591256 0.00581713
541.26 0.0138725 1 0.00615048 0.00772202
541.71 0.0110121 1 0.00639119 0.00462094
542.16 0.0141517 1 0.00663999 0.0075117
542.62 0.0122943 1 0.00690291 0.00539138
543.07 0.0134337 1 0.00716872 0.00626499
543.52 0.0145731 1 0.00744327 0.00712978
543.98 0.0147154 1 0.0077332 0.00698223
544.43 0.0138546 1 0.00802612 0.0058285
544.88 0.0139937 1 0.00832846 0.00566528
545.34 0.0171359 1 0.00864751 0.00848837
545.79 0.0162749 1 0.00896963 0.00730523
546.24 0.0154137 1 0.00930187 0.00611187
546.69 0.0205526 1 0.00964449 0.0109081
547.15 0.0176944 1 0.0100057 0.00768868
547.6 0.017833 1 0.01037 0.00746299
548.05 0.0189716 1 0.0107455 0.00822611
548.51 0.0181132 1 0.011141 0.00697214
548.96 0.0192516 1 0.0115397 0.00771186
549.41 0.0223899 1 0.0119503 0.0104396
549.86 0.0195281 1 0.0123729 0.00715519
550.32 0.0226694 1 0.0128178 0.00985154
550.77 0.0238074 1 0.0132658 0.0105416
551.22 0.0239454 1 0.0137267 0.0102187
551.68 0.0240864 1 0.0142114 0.00987493
552.13 0.0232242 1 0.0146992 0.00852495
552.58 0.0233619 1 0.0152007 0.00816119
553.03 0.0254995 1 0.0157161 0.00978338
553.49 0.0266401 1 0.0162577 0.0103824
553.94 0.0257775 1 0.0168022 0.00897537
554.39 0.0269149 1 0.0173614 0.0095535
554.84 0.0280521 1 0.0179356 0.0101165
555.3 0.0281923 1 0.0185384 0.00965396
555.75 0.0283294 1 0.0191438 0.00918564
556.2 0.0304664 1 0.019765 0.0107014
556.65 0.0296032 1 0.0204022 0.00920102
557.11 0.032743 1 0.0210705 0.0116725
557.56 0.0318797 1 0.021741 0.0101387
558.01 0.0360163 1 0.0224284 0.0135879
558.46 0.0341528 1 0.0231329 0.0110199
558.92 0.0342922 1 0.0238709 0.0104212
559.37 0.0344284 1 0.0246107 0.00981769
559.82 0.0375646 1 0.0253684 0.0121962
560.27 0.0377007 1 0.0261441 0.0115566
560.72 0.0368366 1 0.0269381 0.00989849
561.18 0.0369755 1 0.027769 0.00920651
561.63 0.0381112 1 0.0286008 0.00951047
562.08 0.0372469 1 0.0294516 0.00779532
562.53 0.0403824 1 0.0303216 0.0100608
562.99 0.0435208 1 0.031231 0.0122898
563.44 0.0406562 1 0.0321406 0.00851557
563.89 0.0427914 1 0.03307 0.00972136
564.34 0.0429265 1 0.0340195 0.00890699
564.79 0.0470614 1 0.0349892 0.0120723
565.25 0.0441993 1 0.0360015 0.00819776
565.7 0.0453341 1 0.0370127 0.00832132
566.15 0.0454687 1 0.0380447 0.007424
566.6 0.0466032 1 0.0390976 0.00750563
567.05 0.0497376 1 0.0401716 0.00956606
567.5 0.0488719 1 0.0412668 0.00760514
567.96 0.0500091 1 0.0424084 0.00760068
568.41 0.0501431 1 0.0435469 0.00659621
568.86 0.0492771 1 0.0447071 0.00457002
569.31 0.0524109 1 0.0458889 0.00652201
569.76 0.0505446 1 0.0470925 0.00345208
570.21 0.0556782 1 0.048318 0.00736014
570.67 0.0548146 1 0.0495934 0.00522113
571.12 0.0559479 1 0.0508634 0.0050845
571.57 0.0570811 1 0.0521554 0.00492568
572.02 0.0562142 1 0.0534695 0.00274464
572.47 0.0573471 1 0.0548058 0.00254135
572.92 0.06048 1 0.0561641 0.00431581
573.37 0.0606127 1 0.0575446 0.00306802
573.83 0.0607482 1 0.0589787 0.00176951
574.28 0.0628806 1 0.0604038 0.00247677
574.73 0.0630129 1 0.061851 0.00116187
575.18 0.0661451 1 0.0633202 0.00282487
575.63 0.0672771 1 0.0648113 0.00246583
576.08 0.0654091 1 0.0663242 -0.000915148
576.53 0.0685408 1 0.0678588 0.000682031
576.98 0.0686725 1 0.069415 -0.00074251
577.44 0.0688069 1 0.0710279 -0.00222102
577.89 0.0709383 1 0.0726274 -0.00168905
578.34 0.0740695 1 0.0742479 -0.000178346
578.79 0.0722006 1 0.0758894 -0.00368872
579.24 0.0763316 1 0.0775516 -0.00121997
579.69 0.0764624 1 0.0792343 -0.00277187
580.14 0.0765931 1 0.0809373 -0.0043442
580.59 0.0787237 1 0.0826603 -0.00393669
581.04 0.0798541 1 0.0844031 -0.00454907
581.49 0.0819843 1 0.0861654 -0.00418107
581.95 0.0831173 1 0.0879866 -0.00486927
582.4 0.0842473 1 0.0897873 -0.00553996
582.85 0.0873771 1 0.0916064 -0.00422927
583.3 0.0885068 1 0.0934437 -0.00493685
583.75 0.0876364 1 0.0952987 -0.0076623
584.2 0.0917657 1 0.097171 -0.00540524
584.65 0.092895 1 0.0990602 -0.00616525
585.1 0.0950241 1 0.100966 -0.0059419
585.55 0.097153 1 0.102888 -0.00573472
586 0.0982818 1 0.104825 -0.00654325
586.45 0.10041 1 0.106777 -0.006367
586.9 0.102539 1 0.108744 -0.00620546
587.35 0.104667 1 0.110725 -0.0060581
587.8 0.104795 1 0.11272 -0.00792437
588.25 0.106923 1 0.114727 -0.00780373
588.71 0.109054 1 0.116792 -0.00773775
589.16 0.112182 1 0.118824 -0.00664175
589.61 0.114309 1 0.120866 -0.00655702
590.06 0.116437 1 0.12292 -0.00648292
590.51 0.119564 1 0.124983 -0.0054188
590.96 0.121691 1 0.127055 -0.00536399
591.41 0.122818 1 0.129136 -0.00631782
591.86 0.125945 1 0.131224 -0.00527957
592.31 0.127071 1 0.13332 -0.00624855
592.76 0.129198 1 0.135422 -0.006224
593.21 0.131324 1 0.137529 -0.00620519
593.66 0.13545 1 0.139642 -0.00419135
594.11 0.137576 1 0.141758 -0.00418172
594.56 0.137702 1 0.143878 -0.00617549
595.01 0.141828 1 0.145999 -0.00417187
595.46 0.141953 1 0.148123 -0.00617004
595.91 0.146078 1 0.150248 -0.00416918
596.36 0.149203 1 0.152372 -0.00316844
596.81 0.152328 1 0.154495 -0.00216697
597.26 0.153453 1 0.156617 -0.00316392
597.71 0.154578 1 0.158736 -0.00415841
598.16 0.157702 1 0.160852 -0.00314956
598.61 0.158826 1 0.162963 -0.00413648
599.06 0.16295 1 0.165069 -0.00211829
599.51 0.165074 1 0.167168 -0.00209407
599.96 0.170198 1 0.169261 0.000937079
600.41 0.171322 1 0.171346 -2.39311e-05
600.86 0.172445 1 0.173421 -0.000976183
601.31 0.174568 1 0.175487 -0.000918757
601.76 0.177691 1 0.177542 0.000149268
602.21 0.180814 1 0.179585 0.00122881
602.65 0.183934 1 0.181571 0.00236306
603.1 0.185056 1 0.183588 0.00146809
603.55 0.187179 1 0.185591 0.00158739
604 0.189301 1 0.187579 0.00172185
604.45 0.189423 1 0.18955 -0.000127606
604.9 0.194544 1 0.191505 0.00303991
605.35 0.195666 1 0.193441 0.00222529
605.8 0.197787 1 0.195358 0.00242941
606.25 0.202909 1 0.197255 0.00565315
606.7 0.20203 1 0.199132 0.00289735
607.15 0.20215 1 0.200987 0.00116287
607.6 0.204271 1 0.20282 0.00145051
608.05 0.207391 1 0.20463 0.00276108
608.5 0.208512 1 0.206416 0.00209537
608.95 0.212632 1 0.208177 0.00445411
609.39 0.214749 1 0.209875 0.00487369
609.84 0.214868 1 0.211585 0.00328295
610.29 0.215988 1 0.213269 0.00271876
610.74 0.219107 1 0.214925 0.00418175
611.19 0.220226 1 0.216554 0.00367253
611.64 0.221345 1 0.218153 0.00319165
612.09 0.223464 1 0.219724 0.00373964
612.54 0.224582 1 0.221265 0.00331695
612.99 0.2267 1 0.222776 0.00392402
613.44 0.225819 1 0.224257 0.0015612
613.88 0.226934 1 0.225676 0.0012581
614.33 0.229051 1 0.227096 0.00195571
614.78 0.229169 1 0.228485 0.000684194
615.23 0.229286 1 0.229843 -0.000556335
615.68 0.231403 1 0.231169 0.000234175
616.13 0.23152 1 0.232464 -0.000944303
616.58 0.230637 1 0.233729 -0.00309187
617.03 0.231753 1 0.234962 -0.00320873
617.47 0.235867 1 0.236138 -0.000271335
617.92 0.233983 1 0.237311 -0.00332835
618.37 0.235099 1 0.238454 -0.00335576
618.82 0.237214 1 0.239568 -0.00235414
619.27 0.23533 1 0.240654 -0.00532416
619.72 0.237445 1 0.241711 -0.00426661
620.17 0.23756 1 0.242742 -0.0051824
620.61 0.237672 1 0.243725 -0.00605303
621.06 0.237787 1 0.244706 -0.00691922
621.51 0.240901 1 0.245663 -0.00476216
621.96 0.238015 1 0.246598 -0.00858327
622.41 0.242129 1 0.247513 -0.00538409
622.86 0.241243 1 0.248409 -0.00716632
623.3 0.240354 1 0.249268 -0.00891492
623.75 0.243467 1 0.250133 -0.00666588
624.2 0.24458 1 0.250984 -0.00640413
624.65 0.241693 1 0.251825 -0.0101319
625.1 0.244805 1 0.252657 -0.00785173
625.54 0.242915 1 0.253465 -0.0105503
625.99 0.245027 1 0.254289 -0.00926198
626.44 0.247139 1 0.255113 -0.00797384
626.89 0.248251 1 0.25594 -0.00768891
627.34 0.251362 1 0.256773 -0.00541038
627.78 0.250471 1 0.257596 -0.00712524
628.23 0.249582 1 0.258451 -0.00886941
628.68 0.250693 1 0.259323 -0.00863043
629.13 0.252803 1 0.260215 -0.0074121
629.58 0.256914 1 0.261132 -0.00421833
630.02 0.256021 1 0.262056 -0.0060343
630.47 0.258131 1 0.263032 -0.0049012
630.92 0.260241 1 0.264046 -0.00380511
631.37 0.26135 1 0.265101 -0.00375043
631.81 0.264457 1 0.266176 -0.00171908
632.26 0.264566 1 0.267326 -0.00275959
632.71 0.268675 1 0.26853 0.000144915
633.16 0.268783 1 0.269793 -0.00101026
633.61 0.270891 1 0.271121 -0.000229826
634.05 0.272997 1 0.272486 0.000510898
634.5 0.277105 1 0.273955 0.00315003
634.95 0.282212 1 0.275502 0.00671068
635.4 0.284319 1 0.277131 0.00718819
635.84 0.284424 1 0.278809 0.00561471
636.29 0.284531 1 0.280617 0.00391429
636.74 0.288637 1 0.28252 0.00611727
637.18 0.295741 1 0.284479 0.0112627
637.63 0.296848 1 0.286585 0.0102622
638.08 0.297953 1 0.2888 0.00915298
638.53 0.300059 1 0.291128 0.0089312
638.97 0.305162 1 0.293515 0.0116467
639.42 0.308267 1 0.296074 0.0121925
639.87 0.310372 1 0.298756 0.0116163
640.32 0.312476 1 0.301561 0.0109156
640.76 0.316578 1 0.304426 0.0121524
641.21 0.320683 1 0.307483 0.0131994
641.66 0.326786 1 0.31067 0.0161165
642.1 0.330888 1 0.313912 0.0169757
642.55 0.332991 1 0.317357 0.0156336
643 0.333094 1 0.320934 0.0121604
643.44 0.339195 1 0.324557 0.014638
643.89 0.342297 1 0.32839 0.0139074
644.34 0.3444 1 0.332351 0.0120488
644.79 0.350502 1 0.336437 0.0140646
645.23 0.356601 1 0.340551 0.0160502
645.68 0.358703 1 0.344876 0.0138265
646.13 0.362804 1 0.349316 0.0134875
646.57 0.366903 1 0.353765 0.013138
647.02 0.372004 1 0.358418 0.0135858
647.47 0.379104 1 0.36317 0.0159344
647.91 0.378202 1 0.367905 0.0102971
648.36 0.381302 1 0.372832 0.00847025
648.81 0.387402 1 0.377835 0.0095664
649.25 0.390499 1 0.382794 0.00770543
649.7 0.395598 1 0.387923 0.00767558
650.15 0.399697 1 0.393101 0.00659656
650.59 0.404794 1 0.398201 0.00659305
651.04 0.405892 1 0.403443 0.00244857
651.48 0.414988 1 0.408585 0.00640296
651.93 0.416086 1 0.413847 0.00223889
652.38 0.415183 1 0.4191 -0.00391636
652.82 0.423278 1 0.424214 -0.000935827
653.27 0.425376 1 0.42941 -0.0040343
653.72 0.430472 1 0.434556 -0.00408342
654.16 0.433567 1 0.439525 -0.00595884
654.61 0.438663 1 0.444531 -0.00586787
655.06 0.441759 1 0.449443 -0.00768408
655.5 0.443852 1 0.454142 -0.0102891
655.95 0.441948 1 0.458825 -0.0168775
656.39 0.446041 1 0.463272 -0.0172309
656.84 0.452136 1 0.467668 -0.0155321
657.29 0.45723 1 0.471896 -0.0146657
657.73 0.460322 1 0.475853 -0.015531
658.18 0.463416 1 0.479705 -0.0162891
658.62 0.469508 1 0.483267 -0.0137592
659.07 0.469601 1 0.486687 -0.0170851
659.52 0.473695 1 0.489866 -0.0161718
659.96 0.477785 1 0.492731 -0.0149457
660.41 0.475878 1 0.495398 -0.0195203
660.85 0.479968 1 0.497738 -0.0177695
661.3 0.48206 1 0.499844 -0.0177842
661.74 0.48415 1 0.501614 -0.0174643
662.19 0.488241 1 0.503118 -0.0148762
662.64 0.489333 1 0.504301 -0.0149689
663.08 0.488421 1 0.505142 -0.0167204
663.53 0.493512 1 0.505669 -0.0121573
663.97 0.4926 1 0.505854 -0.0132536
664.42 0.49369 1 0.505698 -0.0120081
664.86 0.497778 1 0.505205 -0.00742704
665.31 0.494867 1 0.504348 -0.00948011
665.75 0.494955 1 0.503161 -0.00820674
666.2 0.500043 1 0.501591 -0.00154729
666.65 0.497132 1 0.499658 -0.00252594
667.09 0.497218 1 0.497418 -0.000199921
667.54 0.495306 1 0.494771 0.000535143
667.98 0.498392 1 0.491837 0.00655535
668.43 0.491479 1 0.488485 0.00299454
668.87 0.490564 1 0.484869 0.00569554
669.32 0.484651 1 0.48083 0.00382111
669.76 0.487736 1 0.476554 0.0111817
670.21 0.483822 1 0.471854 0.011968
670.65 0.478906 1 0.466946 0.0119594
671.1 0.474991 1 0.461618 0.0133736
671.54 0.471075 1 0.456114 0.0149601
671.99 0.464159 1 0.450197 0.0139622
672.43 0.458242 1 0.44414 0.0141019
672.88 0.452327 1 0.437681 0.0146459
673.32 0.450409 1 0.431118 0.0192911
673.77 0.442492 1 0.424166 0.0183259
674.21 0.432574 1 0.41715 0.0154241
674.66 0.429657 1 0.409763 0.0198939
675.1 0.420738 1 0.402349 0.0183889
675.55 0.40882 1 0.394586 0.0142346
675.99 0.405901 1 0.386834 0.0190672
676.44 0.394983 1 0.378756 0.0162271
676.88 0.388062 1 0.370726 0.0173361
677.33 0.376143 1 0.362397 0.0137469
677.77 0.369223 1 0.354152 0.0150703
678.22 0.358303 1 0.345635 0.0126685
678.66 0.347382 1 0.337238 0.010144
679.11 0.336462 1 0.328595 0.00786634
679.55 0.330539 1 0.320107 0.0104328
679.99 0.317617 1 0.311595 0.0060221
680.44 0.308696 1 0.302881 0.0058154
680.88 0.299773 1 0.294365 0.00540767
681.33 0.288851 1 0.285676 0.00317525
681.77 0.278928 1 0.277213 0.00171508
682.22 0.271005 1 0.268603 0.00240202
682.66 0.261081 1 0.260243 0.000837556
683.11 0.250158 1 0.251765 -0.00160715
683.55 0.241233 1 0.243557 -0.00232369
683.99 0.232308 1 0.235439 -0.00313167
684.44 0.221384 1 0.227242 -0.00585847
684.88 0.211458 1 0.219339 -0.00788137
685.33 0.202533 1 0.21138 -0.00884698
685.77 0.195607 1 0.203727 -0.00812069
686.21 0.18768 1 0.19621 -0.0085301
686.66 0.177754 1 0.188669 -0.0109145
687.1 0.171827 1 0.181446 -0.00961885
687.55 0.162901 1 0.174218 -0.0113173
687.99 0.156972 1 0.167312 -0.0103396
688.44 0.150045 1 0.160419 -0.0103731
688.88 0.141117 1 0.153848 -0.0127312
689.32 0.136187 1 0.147448 -0.0112606
689.77 0.12826 1 0.141082 -0.0128226
690.21 0.12233 1 0.135035 -0.0127056
690.65 0.1164 1 0.129166 -0.012766
691.1 0.110471 1 0.123347 -0.0128759
691.54 0.10454 1 0.117837 -0.0132976
691.99 0.0996103 1 0.112388 -0.0127776
692.43 0.0926788 1 0.107239 -0.0145607
692.87 0.087747 1 0.102268 -0.0145213
693.32 0.0858163 1 0.0973661 -0.0115497
693.76 0.0818838 1 0.0927491 -0.0108652
694.2 0.077951 1 0.0883043 -0.0103533
694.65 0.0720194 1 0.0839342 -0.0119149
695.09 0.0710859 1 0.0798304 -0.00874454
695.53 0.065152 1 0.0758909 -0.0107389
695.98 0.0622194 1 0.0720286 -0.00980919
696.42 0.0612848 1 0.0684116 -0.00712672
696.86 0.05435 1 0.0649487 -0.0105987
697.31 0.0504163 1 0.0615628 -0.0111465
697.75 0.0494807 1 0.0584002 -0.00891945
698.19 0.0455448 1 0.05538 -0.00983517
698.64 0.0436101 1 0.0524343 -0.0088242
699.08 0.0426735 1 0.0496896 -0.00701608
699.52 0.0367366 1 0.0470747 -0.0103381
699.97 0.0388007 1 0.0445301 -0.00572931
700.41 0.0358631 1 0.0421645 -0.00630133
700.85 0.0339252 1 0.0399156 -0.00599041
701.3 0.0289883 1 0.0377318 -0.00874355
701.74 0.0290496 1 0.0357058 -0.00665622
702.18 0.0261106 1 0.0337836 -0.00767296
702.63 0.0251726 1 0.0319205 -0.00674786
703.07 0.0242329 1 0.0301952 -0.00596225
703.51 0.0252929 1 0.028561 -0.00326813
703.96 0.0223538 1 0.0269798 -0.00462595
704.4 0.0214131 1 0.0255178 -0.0041047
704.84 0.0224719 1 0.024135 -0.00166307
705.28 0.0165305 1 0.0228278 -0.00629731
705.73 0.01559 1 0.0215652 -0.00597521
706.17 0.0146478 1 0.0203997 -0.00575194
706.61 0.0127052 1 0.0192991 -0.00659389
707.06 0.0127636 1 0.0182372 -0.00547355
707.5 0.0148204 1 0.0172578 -0.00243746
707.94 0.00987673 1 0.0163337 -0.00645698
708.38 0.00993276 1 0.0154619 -0.00552915
708.83 0.0119897 1 0.0146214 -0.00263176
709.27 0.00904497 1 0.0138469 -0.00480193
709.71 0.00809991 1 0.0131165 -0.00501658
710.15 0.00915448 1 0.0124277 -0.00327321
710.6 0.00720992 1 0.0117639 -0.00455394
711.04 0.00726376 1 0.0111522 -0.00388842
711.48 0.00731723 1 0.0105753 -0.0032581
711.92 0.00537034 1 0.0100313 -0.00466094
712.37 0.00442429 1 0.00950679 -0.00508251
712.81 0.00647666 1 0.0090233 -0.00254665
713.25 0.00452866 1 0.00856709 -0.00403843
713.69 0.0045803 1 0.00813652 -0.00355622
714.13 0.00563157 1 0.00773005 -0.00209848
714.58 0.00568362 1 0.00733774 -0.00165412
715.02 0.00373415 1 0.00697565 -0.0032415
715.46 0.0027843 1 0.0066335 -0.00384921
715.9 0.00183408 1 0.00631009 -0.00447601
716.35 0.0018846 1 0.00599751 -0.00411291
716.79 0.00293363 1 0.00570857 -0.00277494
717.23 0.000982284 1 0.00543512 -0.00445284
717.67 3.0563e-05 1 0.00517623 -0.00514566
718.11 0.00307847 1 0.00493099 -0.00185253
718.56 0.00012707 1 0.00469346 -0.00456639
719 0.00317421 1 0.0044734 -0.00129919
719.44 0.00122098 1 0.00426466 -0.00304369
719.88 0.00326736 1 0.00406658 -0.000799216
720.32 0.00031337 1 0.00387851 -0.00356514
720.76 0.001359 1 0.00369987 -0.00234087
721.21 0.00140527 1 0.00352635 -0.00212108
721.65 0.00145012 1 0.00336513 -0.001915
722.09 0.000494599 1 0.00321178 -0.00271718
722.53 -0.00046131 1 0.00306585 -0.00352716
722.97 0.000582398 1 0.00292692 -0.00234452
723.41 -0.00137428 1 0.00279461 -0.00416889
723.86 0.00066963 1 0.00266574 -0.00199611
724.3 0.00171217 1 0.00254571 -0.000833534
724.74 0.00175433 1 0.00243125 -0.000676922
725.18 0.000796098 1 0.00232208 -0.00152598
725.62 -0.00116252 1 0.0022179 -0.00338043
726.06 0.00387847 1 0.00211847 0.00175999
726.5 -0.00308093 1 0.00202354 -0.00510447
726.95 -3.981e-05 1 0.00193087 -0.00197068
727.39 0 1 0.00184436 -0.00184436
727.83 -0.000960582 1 0.00176169 -0.00272227
728.27 0.00107845 1 0.00168269 -0.000604245
728.71 0.000117089 1 0.00160718 -0.00149009
729.15 0.000155346 1 0.00153498 -0.00137964
729.59 0.00319322 1 0.00146595 0.00172727
730.03 0.000230718 1 0.00139994 -0.00116922
730.48 0.00126868 1 0.0013354 -6.67218e-05
730.92 0.000305414 1 0.00127507 -0.000969654
731.36 0.00234178 1 0.00121736 0.00112442
731.8 0.00137778 1 0.00116215 0.00021563
732.24 0.00341341 1 0.00110933 0.00230408
732.68 0.000448678 1 0.0010588 -0.000610121
733.12 0.00148359 1 0.00101045 0.000473131
733.56 0.00151813 1 0.000964202 0.000553933
734 0.00255233 1 0.000919951 0.00163238
734.44 0.00358617 1 0.000877618 0.00270855
734.89 0.00262042 1 0.00083622 0.0017842
735.33 0.00465355 1 0.000797519 0.00385603
735.77 0.00568634 1 0.0007605 0.00492584
736.21 0.00271879 1 0.000725093 0.0019937
736.65 0.0017509 1 0.000691231 0.00105967
737.09 0.00278267 1 0.000658848 0.00212382
737.53 0.00381411 1 0.000627884 0.00318622
737.97 0.00284521 1 0.000598279 0.00224693
738.41 0.00387599 1 0.000569978 0.00330601
738.85 0.00690643 1 0.000542926 0.00636351
739.29 0.00593656 1 0.000517071 0.00541949
739.73 0.00296636 1 0.000492365 0.002474
740.17 0.00399585 1 0.000468758 0.00352709
740.61 0.00302502 1 0.000446206 0.00257881
741.05 0.00305387 1 0.000424665 0.00262921
741.49 0.00308242 1 0.000404093 0.00267832
741.93 0.00511065 1 0.000384449 0.0047262
742.37 0.00413858 1 0.000365694 0.00377289
742.81 0.00216621 1 0.000347792 0.00181842
743.26 0.00419415 1 0.000330327 0.00386383
743.7 0.00422118 1 0.000314041 0.00390713
744.14 0.0032479 1 0.000298503 0.0029494
744.58 0.00327434 1 0.000283682 0.00299066
745.02 0.00330048 1 0.000269547 0.00303094
745.46 0.00332634 1 0.000256069 0.00307027
745.9 0.00535191 1 0.000243219 0.00510869
746.34 0.0043772 1 0.000230971 0.00414623
746.78 0.00340222 1 0.000219299 0.00318292
747.22 0.00442695 1 0.000208178 0.00421877
747.66 0.00345141 1 0.000197584 0.00325383
748.1 0.0034756 1 0.000187493 0.00328811
748.54 0.00249952 1 0.000177884 0.00232164
748.98 0.00252318 1 0.000168736 0.00235444
749.42 0.00454657 1 0.000160028 0.00438654
749.86 0.00556969 1 0.000151741 0.00541795
750.29 0.00159205 1 0.00014403 0.00144802
750.73 0.00061467 1 0.00013652 0.00047815
751.17 0.00163704 1 0.000129377 0.00150766
751.61 0.000659155 1 0.000122584 0.000536571
752.05 0.00368102 1 0.000116126 0.0035649
752.49 0.00270265 1 0.000109987 0.00259266
752.93 -0.00127597 1 0.000104153 -0.00138012
753.37 0.00374517 1 9.86094e-05 0.00364656
753.81 0.00376607 1 9.3343e-05 0.00367273
754.25 0.00278674 1 8.83411e-05 0.0026984
754.69 0.00280718 1 8.35912e-05 0.00272359
755.13 0.00382738 1 7.90815e-05 0.0037483
755.57 0.00284736 1 7.48009e-05 0.00277256
756.01 0.00286712 1 7.07384e-05 0.00279638
756.45 0.00388665 1 6.68838e-05 0.00381977
756.89 0.00390597 1 6.32271e-05 0.00384274
757.33 0.00292507 1 5.97589e-05 0.00286531
757.77 0.00294395 1 5.64702e-05 0.00288748
758.21 0.00296262 1 5.33522e-05 0.00290927
758.64 -1.93319e-05 1 5.04621e-05 -6.9794e-05
759.08 0.000998931 1 4.76578e-05 0.000951273
759.52 0.00401699 1 4.50007e-05 0.00397199
759.96 0.00503485 1 4.24836e-05 0.00499236
760.4 0.00205251 1 4.00997e-05 0.00201241
760.84 0.00106997 1 3.78422e-05 0.00103213
761.28 0.00308724 1 3.5705e-05 0.00305154
761.72 0.00310432 1 3.3682e-05 0.00307064
762.16 0.00412122 1 3.17676e-05 0.00408945
762.6 0.00213793 1 2.99562e-05 0.00210797
763.03 0.00115408 1 2.82806e-05 0.0011258
763.47 0.00217043 1 2.6658e-05 0.00214377
763.91 0.0021866 1 2.51236e-05 0.00216148
764.35 0.0032026 1 2.36731e-05 0.00317892
764.79 0.00121842 1 2.2302e-05 0.00119612
765.23 0.00123408 1 2.10062e-05 0.00121307
765.67 0.00124957 1 1.9782e-05 0.00122979
766.11 0.000264892 1 1.86256e-05 0.000246267
766.54 -0.000720287 1 1.75575e-05 -0.000737845
766.98 0.00229472 1 1.65248e-05 0.0022782
767.42 0.00330957 1 1.55499e-05 0.00329402
767.86 -0.00067573 1 1.46297e-05 -0.00069036
768.3 0.00233882 1 1.37613e-05 0.00232506
768.74 0.00635321 1 1.2942e-05 0.00634027
769.17 0.00436714 1 1.21862e-05 0.00435496
769.61 0.00438126 1 1.14563e-05 0.0043698
770.05 0.00239523 1 1.07681e-05 0.00238446
770.49 0.00340906 1 1.01192e-05 0.00339894
770.93 0.00442276 1 9.50767e-06 0.00441325
771.37 -0.000563678 1 8.93136e-06 -0.000572609
771.8 0.000449453 1 8.40036e-06 0.000441052
772.24 0.00146276 1 7.88818e-06 0.00145487
772.68 0.00147595 1 7.40581e-06 0.00146854
773.12 0.00148901 1 6.95161e-06 0.00148206
773.56 0.00150195 1 6.524e-06 0.00149543
774 -0.00148522 1 6.12153e-06 -0.00149135
774.43 0.000527198 1 5.75114e-06 0.000521447
774.87 0.0015398 1 5.3943e-06 0.0015344
775.31 0.000552291 1 5.05864e-06 0.000547232
775.75 0.000564675 1 4.74295e-06 0.000559932
776.19 0.00257696 1 4.4461e-06 0.00257251
776.62 0.000588859 1 4.17319e-06 0.000584685
777.06 0.00460094 1 3.91053e-06 0.00459703
777.5 -0.000387074 1 3.66369e-06 -0.000390737
777.94 -0.000375182 1 3.43178e-06 -0.000378613
778.37 0.000636352 1 3.21873e-06 0.000633133
778.81 0.00364807 1 3.01384e-06 0.00364505
779.25 0.00265969 1 2.82145e-06 0.00265687
779.69 0.00167124 1 2.64084e-06 0.0016686
780.13 0.000682704 1 2.47131e-06 0.000680232
780.56 0.000693832 1 2.31573e-06 0.000691516
781 0.000705144 1 2.16626e-06 0.000702978
781.44 -0.000283616 1 2.02604e-06 -0.000285642
781.88 0.00372755 1 1.89453e-06 0.00372566
782.31 0.0017384 1 1.77394e-06 0.00173663
782.75 0.00274944 1 1.65817e-06 0.00274778
783.19 0.00476042 1 1.54966e-06 0.00475887
783.63 -0.00122867 1 1.44797e-06 -0.00123012
784.06 0.000781944 1 1.35479e-06 0.000780589
784.5 0.00279275 1 1.26541e-06 0.00279148
784.94 -0.000196498 1 1.1817e-06 -0.00019768
785.37 0.00181396 1 1.10504e-06 0.00181286
785.81 0.00082462 1 1.03155e-06 0.000823588
786.25 0.00283523 1 9.62759e-07 0.00283427
786.69 0.000845805 1 8.98385e-07 0.000844907
787.12 -0.0021439 1 8.39479e-07 -0.00214474
787.56 -0.0021334 1 7.8305e-07 -0.00213419
788 0.00187706 1 7.30275e-07 0.00187633
788.43 0.00188725 1 6.82011e-07 0.00188657
788.87 0.000897658 1 6.35804e-07 0.000897022
789.31 0.000908036 1 5.92615e-07 0.000907444
789.75 0.00391839 1 5.52253e-07 0.00391784
790.18 -7.15099e-05 1 5.1537e-07 -7.20253e-05
790.62 -0.00206119 1 4.80087e-07 -0.00206167
791.06 -0.00205089 1 4.47134e-07 -0.00205134
791.49 -4.08396e-05 1 4.17039e-07 -4.12567e-05
791.93 -3.05623e-05 1 3.88267e-07 -3.09506e-05
792.37 0.00397971 1 3.6141e-07 0.00397935
792.8 -0.00101026 1 3.36897e-07 -0.0010106
793.24 0 1 3.13474e-07 -3.13474e-07
793.68 0.00401026 1 2.91624e-07 0.00400997
794.11 0.00102029 1 2.71693e-07 0.00102002
794.55 0.00403056 1 2.5266e-07 0.00403031
794.99 0.00404084 1 2.34914e-07 0.0040406
795.42 0.00205089 1 2.18737e-07 0.00205067
795.86 0.00706119 1 2.03297e-07 0.00706099
796.3 0.00207151 1 1.88911e-07 0.00207132
796.73 0.00308161 1 1.75804e-07 0.00308143
797.17 0.00109196 1 1.63301e-07 0.0010918
797.61 0.00410234 1 1.51659e-07 0.00410219
798.04 0.000112509 1 1.41057e-07 0.000112368
798.48 0.00312294 1 1.30951e-07 0.00312281
798.91 0.00213317 1 1.21752e-07 0.00213304
799.35 -0.000856338 1 1.12986e-07 -0.000856451
799.79 0.0051542 1 1.04831e-07 0.00515409
800.22 0.000164526 1 9.74127e-08 0.000164429
800.66 0.000175138 1 9.03476e-08 0.000175048
801.1 0.0011858 1 8.37789e-08 0.00118571
