500.34 0.00143397 1 -0.00211138 0.00354535
500.8 0.00280397 1 -0.00215975 0.00496373
501.25 0.00216594 1 -0.00220787 0.00437381
501.71 -0.00146404 1 -0.00225789 0.000793851
502.17 0.000905986 1 -0.00230875 0.00321474
502.62 0.00326797 1 -0.00235932 0.00562729
503.08 0.000638008 1 -0.00241186 0.00304987
503.53 0 1 -0.00246409 0.00246409
503.99 -0.00262996 1 -0.00251833 -0.000111636
504.44 -0.000267973 1 -0.00257223 0.00230426
504.9 0.00110206 1 -0.00262819 0.00373025
505.36 -0.00252792 1 -0.00268503 0.000157112
505.81 0.00183406 1 -0.00274148 0.00457554
506.27 0.00020407 1 -0.00280007 0.00300414
506.72 0.000566026 1 -0.00285824 0.00342427
507.18 0.000936014 1 -0.00291859 0.0038546
507.63 -0.00270206 1 -0.00297849 0.000276432
508.09 -0.000332097 1 -0.00304061 0.00270851
508.54 -0.0039702 1 -0.00310225 -0.000867949
509 -0.00160028 1 -0.00316615 0.00156588
509.45 -0.00223842 1 -0.00322955 0.000991129
509.91 -0.000868539 1 -0.00329524 0.0024267
510.36 -0.000506725 1 -0.00336039 0.00285367
510.82 -0.0011369 1 -0.00342789 0.00229099
511.27 -0.00377514 1 -0.0034948 -0.00028034
511.73 -0.00340537 1 -0.00356409 0.000158726
512.19 -0.00303563 1 -0.0036343 0.000598672
512.64 -0.00167396 1 -0.00370386 0.0020299
513.1 -0.00330429 1 -0.00377587 0.000471581
513.55 -0.00194269 1 -0.00384719 0.0019045
514.01 -0.00657309 1 -0.00392099 -0.0026521
514.46 -0.00421157 1 -0.00399407 -0.000217501
514.92 -0.00484206 1 -0.00406966 -0.000772394
515.37 -0.00448062 1 -0.00414448 -0.000336133
515.83 -0.00311119 1 -0.00422185 0.00111066
516.28 -0.00374984 1 -0.00429841 0.00054857
516.73 -0.00738854 1 -0.00437582 -0.00301272
517.19 -0.00401926 1 -0.00445583 0.000436567
517.64 -0.00565806 1 -0.00453495 -0.00112311
518.1 -0.00428888 1 -0.00461669 0.000327811
518.55 -0.00792779 1 -0.00469751 -0.00323028
519.01 -0.00755872 1 -0.00478097 -0.00277775
519.46 -0.00619774 1 -0.00486346 -0.00133429
519.92 -0.0048288 1 -0.00494862 0.000119814
520.37 -0.00946794 1 -0.00503274 -0.0044352
520.83 -0.00909913 1 -0.00511957 -0.00397956
521.28 -0.00373839 1 -0.00520531 0.00146692
521.74 -0.00636971 1 -0.00529378 -0.00107594
522.19 -0.00500911 1 -0.0053811 0.000371988
522.65 -0.00864057 1 -0.00547116 -0.00316941
523.1 -0.00728011 1 -0.00556003 -0.00172008
523.55 -0.00791973 1 -0.00564965 -0.00227008
524.01 -0.00455141 1 -0.00574203 0.00119062
524.46 -0.00819118 1 -0.00583314 -0.00235804
524.92 -0.00882302 1 -0.00592701 -0.00289601
525.37 -0.00646294 1 -0.00601955 -0.000443388
525.83 -0.00509495 1 -0.00611487 0.00101993
526.28 -0.00473503 1 -0.00620881 0.00147377
526.73 -0.00537521 1 -0.00630341 0.000928203
527.19 -0.00600747 1 -0.00640079 0.000393321
527.64 -0.00464782 1 -0.00649671 0.00184889
528.1 -0.00728027 1 -0.0065954 -0.000684868
528.55 -0.00792079 1 -0.00669256 -0.00122823
529.01 -0.00455343 1 -0.0067925 0.00223907
529.46 -0.00719415 1 -0.00689086 -0.000303288
529.91 -0.00783496 1 -0.00698978 -0.000845181
530.37 -0.00946789 1 -0.00709146 -0.00237643
530.82 -0.0061089 1 -0.00719148 0.00108257
531.28 -0.010742 1 -0.00729424 -0.0034478
531.73 -0.0113833 1 -0.00739527 -0.00398799
532.18 -0.00902458 1 -0.00749678 -0.0015278
532.64 -0.00965804 1 -0.00760102 -0.00205702
533.09 -0.0102996 1 -0.00770344 -0.00259614
533.54 -0.00794122 1 -0.00780627 -0.000134949
534 -0.011575 1 -0.00791181 -0.00366321
534.45 -0.00721689 1 -0.00801544 0.000798545
534.91 -0.00985092 1 -0.00812174 -0.00172919
535.36 -0.00749303 1 -0.00822607 0.000733041
535.81 -0.00913525 1 -0.00833071 -0.000804534
536.27 -0.0117696 1 -0.00843799 -0.00333165
536.72 -0.0084121 1 -0.00854321 0.000131105
537.17 -0.0100547 1 -0.00864868 -0.00140601
537.63 -0.00868946 1 -0.00875673 6.7264e-05
538.08 -0.0123323 1 -0.00886263 -0.00346967
538.54 -0.00696734 1 -0.00897108 0.00200374
538.99 -0.00861044 1 -0.00907732 0.000466885
539.44 -0.00825367 1 -0.0091837 0.00093003
539.9 -0.0098891 1 -0.00929255 -0.000596558
540.35 -0.0125326 1 -0.00939911 -0.00313349
540.8 -0.00817624 1 -0.00950574 0.0013295
541.26 -0.0128121 1 -0.00961476 -0.00319733
541.71 -0.011456 1 -0.00972143 -0.00173459
542.16 -0.0111001 1 -0.00982807 -0.001272
542.62 -0.00973636 1 -0.00993703 0.000200671
543.07 -0.0103807 1 -0.0100436 -0.000337153
543.52 -0.0100252 1 -0.01015 0.000124779
543.98 -0.0106619 1 -0.0102586 -0.000403306
544.43 -0.0113067 1 -0.0103648 -0.000941956
544.88 -0.00995168 1 -0.0104707 0.000519064
545.34 -0.0105889 1 -0.0105789 -1.00425e-05
545.79 -0.0122341 1 -0.0106844 -0.00154978
546.24 -0.0128796 1 -0.0107896 -0.00208993
546.69 -0.00952513 1 -0.0108946 0.00136947
547.15 -0.012163 1 -0.0110016 -0.00116142
547.6 -0.0128089 1 -0.0111059 -0.00170301
548.05 -0.00945493 1 -0.0112098 0.00175486
548.51 -0.0120933 1 -0.0113156 -0.00077768
548.96 -0.0127397 1 -0.0114187 -0.00132098
549.41 -0.0103862 1 -0.0115213 0.00113509
549.86 -0.013033 1 -0.0116235 -0.00140949
550.32 -0.009672 1 -0.0117274 0.00205535
550.77 -0.00931908 1 -0.0118284 0.00250936
551.22 -0.0119663 1 -0.011929 -3.73733e-05
551.68 -0.0146059 1 -0.0120311 -0.00257483
552.13 -0.0132535 1 -0.0121304 -0.00112315
552.58 -0.0149013 1 -0.012229 -0.00267231
553.03 -0.0135493 1 -0.0123269 -0.00122232
553.49 -0.0131896 1 -0.0124263 -0.000763253
553.94 -0.0128379 1 -0.0125228 -0.000315092
554.39 -0.0114865 1 -0.0126186 0.00113212
554.84 -0.0101352 1 -0.0127135 0.00257836
555.3 -0.0117763 1 -0.0128097 0.00103348
555.75 -0.0114254 1 -0.012903 0.00147767
556.2 -0.0120746 1 -0.0129954 0.000920793
556.65 -0.0137241 1 -0.013087 -0.000637168
557.11 -0.010366 1 -0.0131796 0.00281354
557.56 -0.0140159 1 -0.0132692 -0.000746696
558.01 -0.011666 1 -0.0133579 0.0016919
558.46 -0.0113163 1 -0.0134456 0.0021293
558.92 -0.012959 1 -0.0135341 0.000575156
559.37 -0.0136097 1 -0.0136197 1.00629e-05
559.82 -0.0112606 1 -0.0137043 0.0024437
560.27 -0.0119117 1 -0.0137877 0.00187604
560.72 -0.014563 1 -0.0138701 -0.000692937
561.18 -0.0132068 1 -0.0139531 0.000746274
561.63 -0.0158585 1 -0.0140331 -0.00182544
562.08 -0.0155105 1 -0.0141119 -0.00139855
562.53 -0.0131627 1 -0.0141896 0.00102692
562.99 -0.0118073 1 -0.0142677 0.00246037
563.44 -0.0144599 1 -0.0143429 -0.000117077
563.89 -0.0161128 1 -0.0144168 -0.001696
564.34 -0.0137658 1 -0.0144894 0.000723572
564.79 -0.0124191 1 -0.0145608 0.00214163
565.25 -0.0140649 1 -0.0146323 0.000567386
565.7 -0.0137187 1 -0.014701 0.000982313
566.15 -0.0133727 1 -0.0147683 0.00139566
566.6 -0.0150269 1 -0.0148343 -0.000192579
567.05 -0.0106813 1 -0.0148989 0.00421757
567.5 -0.014336 1 -0.0149621 0.00062609
567.96 -0.0179832 1 -0.0150252 -0.00295801
568.41 -0.0136384 1 -0.0150855 0.00144717
568.86 -0.0152938 1 -0.0151444 -0.000149315
569.31 -0.0159494 1 -0.0152019 -0.00074749
569.76 -0.0166053 1 -0.0152579 -0.00134736
570.21 -0.0142614 1 -0.0153124 0.00105105
570.67 -0.0129101 1 -0.0153666 0.00245653
571.12 -0.0115667 1 -0.0154182 0.00385145
571.57 -0.0152236 1 -0.0154682 0.000244623
572.02 -0.0148807 1 -0.0155168 0.000636039
572.47 -0.0155381 1 -0.0155638 2.56917e-05
572.92 -0.0141957 1 -0.0156093 0.00141357
573.37 -0.0158536 1 -0.0156533 -0.000200326
573.83 -0.0165041 1 -0.0156967 -0.000807491
574.28 -0.0151625 1 -0.0157375 0.000574992
574.73 -0.0158212 1 -0.0157769 -4.43219e-05
575.18 -0.0154801 1 -0.0158147 0.000334562
575.63 -0.0131393 1 -0.015851 0.00271164
576.08 -0.0157988 1 -0.0158857 8.6911e-05
576.53 -0.0164585 1 -0.0159189 -0.000539629
576.98 -0.0141185 1 -0.0159505 0.00183202
577.44 -0.0177712 1 -0.0159813 -0.00178995
577.89 -0.0154318 1 -0.0160098 0.000578033
578.34 -0.0160926 1 -0.0160368 -5.5796e-05
578.79 -0.0177537 1 -0.0160623 -0.00169144
579.24 -0.0154151 1 -0.0160862 0.000671117
579.69 -0.0160767 1 -0.0161086 3.18656e-05
580.14 -0.0167387 1 -0.0161295 -0.000609187
580.59 -0.0174009 1 -0.0161489 -0.00125203
581.04 -0.0190634 1 -0.0161667 -0.00289667
581.49 -0.0187262 1 -0.0161831 -0.0025431
581.95 -0.0173818 1 -0.0161983 -0.0011835
582.4 -0.0160451 1 -0.0162116 0.000166489
582.85 -0.0157088 1 -0.0162235 0.000514717
583.3 -0.0173728 1 -0.016234 -0.00113881
583.75 -0.018037 1 -0.0162429 -0.00179407
584.2 -0.0147016 1 -0.0162505 0.00154892
584.65 -0.0173664 1 -0.0162566 -0.0011098
585.1 -0.0180316 1 -0.0162613 -0.00177023
585.55 -0.016697 1 -0.0162646 -0.000432357
586 -0.0163627 1 -0.0162666 -9.617e-05
586.45 -0.0150288 1 -0.0162671 0.00123835
586.9 -0.0156952 1 -0.0162664 0.000571206
587.35 -0.0153618 1 -0.0162642 0.000902425
587.8 -0.0170288 1 -0.0162608 -0.000767983
588.25 -0.0156961 1 -0.0162561 0.00056
588.71 -0.0153563 1 -0.0162499 0.000893625
589.16 -0.0180242 1 -0.0162426 -0.0017816
589.61 -0.0166925 1 -0.0162341 -0.000458374
590.06 -0.016361 1 -0.0162243 -0.000136692
590.51 -0.0170299 1 -0.0162134 -0.000816531
590.96 -0.0156991 1 -0.0162012 0.000502129
591.41 -0.0153686 1 -0.0161879 0.000819308
591.86 -0.0150384 1 -0.0161735 0.00113503
592.31 -0.0157086 1 -0.0161579 0.000449302
592.76 -0.0163791 1 -0.0161413 -0.000237841
593.21 -0.0150499 1 -0.0161235 0.00107362
593.66 -0.0147211 1 -0.0161048 0.0013837
594.11 -0.0153926 1 -0.016085 0.000692431
594.56 -0.0160644 1 -0.0160642 -1.71505e-07
595.01 -0.0147366 1 -0.0160425 0.00130592
595.46 -0.0164091 1 -0.0160198 -0.000389278
595.91 -0.0170819 1 -0.0159962 -0.00108574
596.36 -0.0157551 1 -0.0159716 0.000216569
596.81 -0.0154286 1 -0.0159462 0.00051766
597.26 -0.0161024 1 -0.01592 -0.000182439
597.71 -0.0147767 1 -0.015893 0.0011163
598.16 -0.0154512 1 -0.0158651 0.000413891
598.61 -0.0161261 1 -0.0158365 -0.00028963
599.06 -0.0158014 1 -0.0158071 5.75701e-06
599.51 -0.013477 1 -0.0157771 0.00230008
599.96 -0.015153 1 -0.0157463 0.000593358
600.41 -0.0148293 1 -0.0157149 0.000885622
600.86 -0.014506 1 -0.0156828 0.0011769
601.31 -0.016183 1 -0.0156502 -0.000532797
601.76 -0.0148604 1 -0.015617 0.000756569
602.21 -0.0135381 1 -0.0155832 0.00204502
602.65 -0.0132234 1 -0.0155496 0.0023262
603.1 -0.0149019 1 -0.0155148 0.000612917
603.55 -0.0165808 1 -0.0154795 -0.00110121
604 -0.01526 1 -0.0154438 0.00018385
604.45 -0.0159396 1 -0.0154077 -0.000531883
604.9 -0.0156195 1 -0.0153711 -0.000248382
605.35 -0.0162999 1 -0.0153342 -0.000965623
605.8 -0.0149806 1 -0.015297 0.000316418
606.25 -0.0116617 1 -0.0152594 0.00359776
606.7 -0.0133431 1 -0.0152216 0.00187844
607.15 -0.015025 1 -0.0151835 0.000158471
607.6 -0.0157072 1 -0.0151451 -0.000562122
608.05 -0.0153898 1 -0.0151065 -0.000283317
608.5 -0.0140728 1 -0.0150677 0.000994911
608.95 -0.0157562 1 -0.0150288 -0.000727416
609.39 -0.013447 1 -0.0149906 0.00154357
609.84 -0.0151312 1 -0.0149514 -0.000179794
610.29 -0.0158157 1 -0.0149121 -0.000903648
610.74 -0.0145007 1 -0.0148727 0.000372028
611.19 -0.014186 1 -0.0148333 0.000647252
611.64 -0.0148718 1 -0.0147938 -7.79535e-05
612.09 -0.0155579 1 -0.0147543 -0.00080357
612.54 -0.0162444 1 -0.0147149 -0.00152958
612.99 -0.0149314 1 -0.0146754 -0.000255962
613.44 -0.0146187 1 -0.014636 1.72995e-05
613.88 -0.0143134 1 -0.0145976 0.000284162
614.33 -0.0150016 1 -0.0145583 -0.000443229
614.78 -0.0146901 1 -0.0145192 -0.000170926
615.23 -0.0153791 1 -0.0144802 -0.000898911
615.68 -0.0140685 1 -0.0144413 0.000372829
616.13 -0.0127583 1 -0.0144026 0.00164431
616.58 -0.0164485 1 -0.014364 -0.00208446
617.03 -0.0151391 1 -0.0143257 -0.000813452
617.47 -0.014837 1 -0.0142883 -0.000548682
617.92 -0.0135285 1 -0.0142504 0.0007219
618.37 -0.0162204 1 -0.0142127 -0.00200771
618.82 -0.0159127 1 -0.0141752 -0.00173751
619.27 -0.0126054 1 -0.0141379 0.00153252
619.72 -0.0152986 1 -0.0141009 -0.00119762
620.17 -0.0149921 1 -0.0140642 -0.000927908
620.61 -0.014693 1 -0.0140286 -0.000664334
621.06 -0.0153874 1 -0.0139925 -0.00139491
621.51 -0.0150823 1 -0.0139567 -0.00112561
621.96 -0.0157776 1 -0.0139211 -0.00185644
622.41 -0.0144733 1 -0.0138859 -0.000587395
622.86 -0.0151695 1 -0.0138511 -0.00131846
623.3 -0.0148729 1 -0.0138173 -0.00105561
623.75 -0.0145699 1 -0.013783 -0.000786889
624.2 -0.0142674 1 -0.0137492 -0.000518272
624.65 -0.0139654 1 -0.0137156 -0.000249757
625.1 -0.0146638 1 -0.0136824 -0.000981342
625.54 -0.0133693 1 -0.0136503 0.000281014
625.99 -0.0130686 1 -0.0136178 0.000549235
626.44 -0.0157683 1 -0.0135857 -0.00218264
626.89 -0.0164685 1 -0.0135539 -0.00291462
627.34 -0.0121692 1 -0.0135225 0.0013533
627.78 -0.0148769 1 -0.0134921 -0.00138483
628.23 -0.0145784 1 -0.0134613 -0.00111711
628.68 -0.0152805 1 -0.0134309 -0.0018495
629.13 -0.0159829 1 -0.0134009 -0.00258201
629.58 -0.0146859 1 -0.0133712 -0.00131464
630.02 -0.0163958 1 -0.0133425 -0.00305333
630.47 -0.0160997 1 -0.0133135 -0.0027862
630.92 -0.013804 1 -0.0132848 -0.000519215
631.37 -0.0145088 1 -0.0132565 -0.00125237
631.81 -0.0122206 1 -0.013229 0.0010084
632.26 -0.0139264 1 -0.0132013 -0.000725067
632.71 -0.0116326 1 -0.0131739 0.0015413
633.16 -0.0133393 1 -0.0131467 -0.000192508
633.61 -0.0140464 1 -0.0131199 -0.000926505
634.05 -0.0147605 1 -0.0130939 -0.00166661
634.5 -0.0124687 1 -0.0130677 0.000598996
634.95 -0.0141773 1 -0.0130416 -0.00113562
635.4 -0.0118863 1 -0.0130159 0.00112952
635.84 -0.0126023 1 -0.0129909 0.000388543
636.29 -0.0123124 1 -0.0129656 0.000653195
636.74 -0.0130229 1 -0.0129405 -8.24232e-05
637.18 -0.0127404 1 -0.0129162 0.000175809
637.63 -0.0124519 1 -0.0128915 0.000439614
638.08 -0.0141639 1 -0.012867 -0.00129689
638.53 -0.0108764 1 -0.0128427 0.00196627
638.97 -0.0125958 1 -0.012819 0.000223261
639.42 -0.0113092 1 -0.012795 0.00148574
639.87 -0.0120232 1 -0.0127711 0.000747836
640.32 -0.0137377 1 -0.0127473 -0.000990453
640.76 -0.013459 1 -0.0127241 -0.00073495
641.21 -0.0141745 1 -0.0127005 -0.00147406
641.66 -0.0118905 1 -0.0126769 0.000786394
642.1 -0.0126133 1 -0.012654 4.06178e-05
642.55 -0.0143304 1 -0.0126305 -0.00169985
643 -0.0140479 1 -0.0126071 -0.00144081
643.44 -0.0117722 1 -0.0125842 0.000811987
643.89 -0.0124907 1 -0.0125607 7.0005e-05
644.34 -0.0132098 1 -0.0125373 -0.000672521
644.79 -0.0119294 1 -0.0125137 0.000584391
645.23 -0.0126557 1 -0.0124907 -0.000164968
645.68 -0.00937629 1 -0.0124671 0.00309078
646.13 -0.0130974 1 -0.0124433 -0.000654094
646.57 -0.0118253 1 -0.01242 0.00059475
647.02 -0.0135474 1 -0.0123961 -0.0011514
647.47 -0.00927016 1 -0.0123719 0.00310179
647.91 -0.0119995 1 -0.0123482 0.000348673
648.36 -0.0117233 1 -0.0123238 0.000600471
648.81 -0.0104476 1 -0.0122991 0.00185154
649.25 -0.0121785 1 -0.0122749 9.6313e-05
649.7 -0.0129039 1 -0.0122498 -0.000654108
650.15 -0.0116298 1 -0.0122245 0.00059469
650.59 -0.0133623 1 -0.0121995 -0.00116281
651.04 -0.00908929 1 -0.0121737 0.00308438
651.48 -0.00982286 1 -0.0121481 0.00232528
651.93 -0.0115509 1 -0.0121217 0.000570815
652.38 -0.0122795 1 -0.012095 -0.000184523
652.82 -0.0130147 1 -0.0120685 -0.000946156
653.27 -0.0127443 1 -0.0120411 -0.000703264
653.72 -0.0124746 1 -0.0120133 -0.000461293
654.16 -0.0112114 1 -0.0119857 0.000774395
654.61 -0.00994269 1 -0.0119572 0.0020145
655.06 -0.0106746 1 -0.0119282 0.00125363
655.5 -0.012413 1 -0.0118995 -0.0005135
655.95 -0.013146 1 -0.0118696 -0.00127633
656.39 -0.0168855 1 -0.01184 -0.00504541
656.84 -0.0136196 1 -0.0118093 -0.00181026
657.29 -0.0103543 1 -0.0117781 0.00142385
657.73 -0.00909538 1 -0.0117471 0.00265173
658.18 -0.0108312 1 -0.0117149 0.00088373
658.62 -0.0115734 1 -0.0116829 0.000109525
659.07 -0.00931035 1 -0.0116497 0.00233937
659.52 -0.0100479 1 -0.011616 0.0015681
659.96 -0.00979176 1 -0.0115824 0.00179066
660.41 -0.00653041 1 -0.0115476 0.00501716
660.85 -0.0102754 1 -0.0115129 0.00123752
661.3 -0.0110152 1 -0.011477 0.000461738
661.74 -0.00976136 1 -0.0114412 0.00167985
662.19 -0.0115023 1 -0.0114041 -9.82486e-05
662.64 -0.0102439 1 -0.0113663 0.00112247
663.08 -0.0099917 1 -0.0113288 0.00133712
663.53 -0.0107344 1 -0.0112899 0.000555463
663.97 -0.0114834 1 -0.0112512 -0.000232221
664.42 -0.0102273 1 -0.011211 0.000983713
664.86 -0.00897739 1 -0.011171 0.00219366
665.31 -0.00872243 1 -0.0111296 0.00240716
665.75 -0.0124737 1 -0.0110884 -0.00138529
666.2 -0.00921995 1 -0.0110457 0.00182574
666.65 -0.00896678 1 -0.0110023 0.00203553
667.09 -0.0107198 1 -0.0109592 0.00023943
667.54 -0.00746783 1 -0.0109146 0.00344672
667.98 -0.010222 1 -0.0108702 0.000648177
668.43 -0.00997126 1 -0.0108242 0.000852958
668.87 -0.0107266 1 -0.0107786 5.19561e-05
669.32 -0.00947706 1 -0.0107313 0.00125422
669.76 -0.0102336 1 -0.0106844 0.000450745
670.21 -0.00898526 1 -0.0106357 0.00165048
670.65 -0.011743 1 -0.0105875 -0.00115547
671.1 -0.00949586 1 -0.0105376 0.00104173
671.54 -0.00925481 1 -0.0104881 0.0012333
671.99 -0.0120089 1 -0.0104369 -0.00157204
672.43 -0.00976903 1 -0.0103861 0.000617063
672.88 -0.00952434 1 -0.0103335 0.000809195
673.32 -0.0092857 1 -0.0102815 0.000995822
673.77 -0.0110422 1 -0.0102277 -0.00081457
674.21 -0.0118048 1 -0.0101744 -0.00163041
674.66 -0.0095626 1 -0.0101193 0.000556687
675.1 -0.00932639 1 -0.0100648 0.000738399
675.55 -0.0100854 1 -0.0100084 -7.70073e-05
675.99 -0.00885044 1 -0.00995271 0.00110227
676.44 -0.00861075 1 -0.00989512 0.00128438
676.88 -0.00837699 1 -0.00983823 0.00146124
677.33 -0.0111386 1 -0.00977944 -0.00135911
677.77 -0.00890604 1 -0.00972139 0.000815348
678.22 -0.0106689 1 -0.00966143 -0.00100744
678.66 -0.0104376 1 -0.00960225 -0.000835351
679.11 -0.00820171 1 -0.00954116 0.00133945
679.55 -0.0079717 1 -0.00948089 0.0015092
679.99 -0.0097423 1 -0.00942009 -0.000322205
680.44 -0.00950833 1 -0.00935738 -0.000150952
680.88 -0.00928019 1 -0.00929554 1.53505e-05
681.33 -0.00904752 1 -0.00923179 0.000184272
681.77 -0.0118206 1 -0.00916896 -0.00265169
682.22 -0.00858927 1 -0.00910421 0.000514939
682.66 -0.00936368 1 -0.00904043 -0.000323245
683.11 -0.00713361 1 -0.00897473 0.00184113
683.55 -0.00890929 1 -0.00891005 7.55637e-07
683.99 -0.00868561 1 -0.00884493 0.00015932
684.44 -0.0084575 1 -0.0087779 0.000320398
684.88 -0.0102351 1 -0.00871195 -0.00152316
685.33 -0.00800833 1 -0.0086441 0.000635769
685.77 -0.00878724 1 -0.00857737 -0.000209868
686.21 -0.00956678 1 -0.00851027 -0.00105652
686.66 -0.00834199 1 -0.00844128 9.92897e-05
687.1 -0.0101228 1 -0.00837348 -0.00174937
687.55 -0.00889938 1 -0.00830379 -0.000595592
687.99 -0.00668155 1 -0.00823534 0.00155379
688.44 -0.00745944 1 -0.00816503 0.000705587
688.88 -0.00924292 1 -0.00809598 -0.00114694
689.32 -0.00802706 1 -0.00802667 -3.93733e-07
689.77 -0.00980697 1 -0.00795551 -0.00185146
690.21 -0.00759244 1 -0.00788569 0.000293251
690.65 -0.00837856 1 -0.00781564 -0.000562924
691.1 -0.00716051 1 -0.00774377 0.000583265
691.54 -0.00694797 1 -0.0076733 0.000725334
691.99 -0.00673129 1 -0.00760104 0.000869754
692.43 -0.0105201 1 -0.00753021 -0.00298988
692.87 -0.0103096 1 -0.00745922 -0.00285034
693.32 -0.00809494 1 -0.00738648 -0.000708458
693.76 -0.00888576 1 -0.00731523 -0.00157054
694.2 -0.00867726 1 -0.00724386 -0.0014334
694.65 -0.00846471 1 -0.00717078 -0.00129394
695.09 -0.00725757 1 -0.00709923 -0.00015834
695.53 -0.0100511 1 -0.00702762 -0.00302349
695.98 -0.00884065 1 -0.00695433 -0.00188632
696.42 -0.00663556 1 -0.00688263 0.000247074
696.86 -0.00643114 1 -0.00681091 0.000379765
697.31 -0.0102228 1 -0.00673755 -0.00348524
697.75 -0.00801976 1 -0.00666583 -0.00135393
698.19 -0.00781741 1 -0.00659413 -0.00122328
698.64 -0.00661118 1 -0.00652084 -9.03408e-05
699.08 -0.00841022 1 -0.00644923 -0.001961
699.52 -0.00920996 1 -0.00637768 -0.00283228
699.97 -0.00700586 1 -0.00630459 -0.000701264
700.41 -0.00580699 1 -0.00623322 0.00042623
700.85 -0.00560882 1 -0.00616196 0.000553138
701.3 -0.00940687 1 -0.0060892 -0.00331766
701.74 -0.00821011 1 -0.0060182 -0.00219191
702.18 -0.00701405 1 -0.00594735 -0.0010667
702.63 -0.00781426 1 -0.00587506 -0.0019392
703.07 -0.00561962 1 -0.00580454 0.000184928
703.51 -0.00542568 1 -0.00573422 0.000308544
703.96 -0.00922807 1 -0.00566251 -0.00356555
704.4 -0.00703556 1 -0.00559261 -0.00144294
704.84 -0.00484376 1 -0.00552294 0.000679183
705.28 -0.00865267 1 -0.00545351 -0.00319916
705.73 -0.00545798 1 -0.00538276 -7.52139e-05
706.17 -0.00526833 1 -0.00531385 4.55238e-05
706.61 -0.0060794 1 -0.00524522 -0.000834177
707.06 -0.00588691 1 -0.00517532 -0.000711588
707.5 -0.00769943 1 -0.00510729 -0.00259215
707.94 -0.00651267 1 -0.00503956 -0.00147311
708.38 -0.00832663 1 -0.00497215 -0.00335448
708.83 -0.00513711 1 -0.00490356 -0.000233554
709.27 -0.00595253 1 -0.00483683 -0.0011157
709.71 -0.00576869 1 -0.00477046 -0.000998221
710.15 -0.00558556 1 -0.00470446 -0.000881105
710.6 -0.00639903 1 -0.00463734 -0.00176169
711.04 -0.00621739 1 -0.0045721 -0.00164529
711.48 -0.00503647 1 -0.00450725 -0.000529224
711.92 -0.00485629 1 -0.0044428 -0.000413491
712.37 -0.00667278 1 -0.00437732 -0.00229546
712.81 -0.00349409 1 -0.00431371 0.000819621
713.25 -0.00731614 1 -0.00425053 -0.00306561
713.69 -0.00513892 1 -0.00418779 -0.000951137
714.13 -0.00496245 1 -0.00412549 -0.000836966
714.58 -0.00378274 1 -0.00406224 0.000279498
715.02 -0.00760777 1 -0.00400086 -0.00360691
715.46 -0.00543355 1 -0.00393995 -0.00149361
715.9 -0.00626008 1 -0.00387951 -0.00238058
716.35 -0.00708344 1 -0.00381819 -0.00326525
716.79 -0.00591149 1 -0.00375873 -0.00215276
717.23 -0.00474029 1 -0.00369975 -0.00104053
717.67 -0.00556984 1 -0.00364128 -0.00192856
718.11 -0.00140015 1 -0.00358331 0.00218317
718.56 -0.00422738 1 -0.00352455 -0.000702827
719 -0.00305922 1 -0.00346762 0.000408399
719.44 -0.00189182 1 -0.00341121 0.00151938
719.88 -0.00372519 1 -0.00335531 -0.000369871
720.32 -0.00455931 1 -0.00329995 -0.00125936
720.76 -0.0033942 1 -0.00324512 -0.000149082
721.21 -0.00422614 1 -0.0031896 -0.00103654
721.65 -0.00406258 1 -0.00313586 -0.000926722
722.09 -0.00389979 1 -0.00308266 -0.000817135
722.53 -0.00373778 1 -0.00303001 -0.000707772
722.97 -0.00157654 1 -0.0029779 0.00140137
723.41 -0.00441607 1 -0.00292635 -0.00148972
723.86 -0.00125275 1 -0.0028742 0.00162145
724.3 -0.00209386 1 -0.00282377 0.000729917
724.74 6.42605e-05 1 -0.00277391 0.00283817
725.18 -0.0017784 1 -0.0027246 0.000946195
725.62 -0.00362185 1 -0.00267585 -0.000945996
726.06 -0.00346607 1 -0.00262767 -0.000838408
726.5 -0.00331109 1 -0.00258005 -0.000731041
726.95 -0.00615339 1 -0.00253193 -0.00362146
727.39 0 1 -0.00248545 0.00248545
727.83 -0.0028474 1 -0.00243955 -0.00040785
728.27 -0.00269558 1 -0.0023942 -0.000301372
728.71 0.000455465 1 -0.00234943 0.00280489
729.15 -0.000394269 1 -0.00230522 0.00191095
729.59 -0.00124477 1 -0.00226157 0.0010168
730.03 -0.00309604 1 -0.0022185 -0.000877541
730.48 5.52932e-05 1 -0.00217502 0.00223032
730.92 -0.0027975 1 -0.00213309 -0.000664415
731.36 0.000348957 1 -0.00209171 0.00244067
731.8 0.000494673 1 -0.0020509 0.00254557
732.24 -0.000360348 1 -0.00201065 0.0016503
732.68 -0.0012161 1 -0.00197096 0.000754854
733.12 -0.00407258 1 -0.00193182 -0.00214076
733.56 -0.000929781 1 -0.00189324 0.000963456
734 -0.0017877 1 -0.00185521 6.75102e-05
734.44 -0.00164633 1 -0.00181773 0.000171405
734.89 0.00249753 1 -0.00177997 0.0042775
735.33 0.00163748 1 -0.00174359 0.00338108
735.77 0.00277674 1 -0.00170776 0.0044845
736.21 0.000915307 1 -0.00167248 0.00258778
736.65 -0.00094681 1 -0.00163772 0.000690914
737.09 0.00219039 1 -0.00160351 0.0037939
737.53 0.00132693 1 -0.00156982 0.00289674
737.97 0.00146279 1 -0.00153666 0.00299945
738.41 0.00159799 1 -0.00150403 0.00310201
738.85 0.00373253 1 -0.00147191 0.00520444
739.29 0.00286642 1 -0.00144031 0.00430673
739.73 -3.39576e-07 1 -0.00140923 0.00140889
740.17 0.000132261 1 -0.00137866 0.00151092
740.61 0.000264224 1 -0.00134859 0.00161281
741.05 0.00339556 1 -0.00131902 0.00471458
741.49 0.00152626 1 -0.00128995 0.00281621
741.93 0.00165635 1 -0.00126137 0.00291772
742.37 0.000785818 1 -0.00123329 0.0020191
742.81 0.00191468 1 -0.00120568 0.00312036
743.26 0.00104584 1 -0.00117795 0.00222379
743.7 0.00317348 1 -0.00115131 0.00432479
744.14 0.000300528 1 -0.00112515 0.00142567
744.58 0.00142699 1 -0.00109945 0.00252643
745.02 0.000552861 1 -0.00107421 0.00162707
745.46 0.00267816 1 -0.00104943 0.00372759
745.9 0.00180288 1 -0.0010251 0.00282798
746.34 0.00592703 1 -0.00100122 0.00692825
746.78 0.00205063 1 -0.00097778 0.00302841
747.22 0.00117366 1 -0.000954779 0.00212844
747.66 0.00229614 1 -0.00093221 0.00322835
748.1 0.00441808 1 -0.000910069 0.00532815
748.54 0.000539475 1 -0.00088835 0.00142783
748.98 0.000660333 1 -0.000867049 0.00152738
749.42 0.00278066 1 -0.00084616 0.00362682
749.86 0.00290046 1 -0.000825678 0.00372614
750.29 0.00101704 1 -0.000806051 0.00182309
750.73 -0.00186418 1 -0.000786359 -0.00107782
751.17 -0.00174592 1 -0.000767059 -0.000978856
751.61 -0.000628152 1 -0.000748147 0.000119994
752.05 0.00448911 1 -0.000729616 0.00521873
752.49 0.000605881 1 -0.000711461 0.00131734
752.93 0.000722162 1 -0.000693678 0.00141584
753.37 -0.00016204 1 -0.00067626 0.00051422
753.81 0.000953279 1 -0.000659204 0.00161248
754.25 0.00106812 1 -0.000642503 0.00171063
754.69 -0.0028175 1 -0.000626153 -0.00219134
755.13 -0.000703581 1 -0.000610148 -9.34325e-05
755.57 0.00140988 1 -0.000594484 0.00200436
756.01 0.00152288 1 -0.000579155 0.00210204
756.45 0.00163544 1 -0.000564155 0.0021996
756.89 -0.000252436 1 -0.000549481 0.000297045
757.33 0.000859247 1 -0.000535127 0.00139437
757.77 -2.95013e-05 1 -0.000521087 0.000491586
758.21 0.00208133 1 -0.000507357 0.00258868
758.64 -0.000810773 1 -0.000494234 -0.000316539
759.08 -0.00170077 1 -0.000481101 -0.00121967
759.52 -0.000591181 1 -0.000468264 -0.000122917
759.96 0.00151801 1 -0.000455717 0.00197372
760.4 0.00362679 1 -0.000443454 0.00407025
760.84 -0.000264814 1 -0.000431472 0.000166658
761.28 0.00084319 1 -0.000419766 0.00126296
761.72 -4.91884e-05 1 -0.00040833 0.000359141
762.16 -0.000941945 1 -0.000397159 -0.000544786
762.6 -0.000835075 1 -0.00038625 -0.000448825
763.03 0.000269011 1 -0.000375837 0.000644848
763.47 -0.00162484 1 -0.00036543 -0.00125941
763.91 0.00148095 1 -0.000355271 0.00183622
764.35 -0.00241361 1 -0.000345354 -0.00206825
764.79 -0.00230852 1 -0.000335676 -0.00197284
765.23 -0.00320376 1 -0.000326232 -0.00287753
765.67 -9.93482e-05 1 -0.000317016 0.000217668
766.11 -0.00299526 1 -0.000308026 -0.00268724
766.54 -0.00389386 1 -0.000299453 -0.0035944
766.98 0.000209588 1 -0.000290895 0.000500484
767.42 -0.00068728 1 -0.000282549 -0.000404731
767.86 0.000415542 1 -0.000274411 0.000689953
768.3 0.00151806 1 -0.000266477 0.00178454
768.74 0.00162028 1 -0.000258743 0.00187902
769.17 0.000719889 1 -0.000251373 0.000971262
769.61 -0.000178469 1 -0.000244022 6.55533e-05
770.05 -0.00107711 1 -0.000236859 -0.000840251
770.49 0.00302397 1 -0.00022988 0.00325385
770.93 0.00212478 1 -0.00022308 0.00234786
771.37 -0.00277468 1 -0.000216458 -0.00255822
771.8 -0.00067668 1 -0.000210152 -0.000466528
772.24 -0.00157665 1 -0.000203867 -0.00137279
772.68 0.000523121 1 -0.000197747 0.000720868
773.12 -0.000377352 1 -0.00019179 -0.000185562
773.56 -0.00327807 1 -0.00018599 -0.00309208
774 -0.00117901 1 -0.000180345 -0.000998669
774.43 -0.00208244 1 -0.000174975 -0.00190746
774.87 -0.000983839 1 -0.000169626 -0.000814213
775.31 -0.00188546 1 -0.000164423 -0.00172104
775.75 -0.0027873 1 -0.00015936 -0.00262794
776.19 0.000310657 1 -0.000154436 0.000465093
776.62 -0.00159381 1 -0.000149754 -0.00144406
777.06 -0.000496258 1 -0.000145095 -0.000351164
777.5 -0.0023989 1 -0.000140564 -0.00225833
777.94 -0.00230173 1 -0.000136159 -0.00216557
778.37 -0.00420694 1 -0.000131973 -0.00407497
778.81 -0.00111013 1 -0.000127808 -0.000982318
779.25 -0.00301349 1 -0.000123761 -0.00288972
779.69 8.2987e-05 1 -0.000119829 0.000202816
780.13 -0.0018207 1 -0.000116008 -0.00170469
780.56 0.00127327 1 -0.00011238 0.00138565
781 -0.00163073 1 -0.000108772 -0.00152196
781.44 -0.000534871 1 -0.000105268 -0.000429603
781.88 -0.00243915 1 -0.000101866 -0.00233729
782.31 -0.00434575 1 -9.86364e-05 -0.00424711
782.75 0.000749706 1 -9.54269e-05 0.000845133
783.19 -0.00215497 1 -9.23115e-05 -0.00206266
783.63 -0.00305976 1 -8.92877e-05 -0.00297048
784.06 -0.00296683 1 -8.64188e-05 -0.00288041
784.5 0.00212815 1 -8.35693e-05 0.00221172
784.94 -0.00177697 1 -8.08047e-05 -0.00169617
785.37 -0.000684347 1 -7.81827e-05 -0.000606165
785.81 0.000410339 1 -7.55793e-05 0.000485918
786.25 -0.000495065 1 -7.30544e-05 -0.00042201
786.69 -0.00440055 1 -7.06059e-05 -0.00432995
787.12 0.000691737 1 -6.82848e-05 0.000760022
787.56 -0.0042139 1 -6.59814e-05 -0.00414792
788 -0.00311961 1 -6.37485e-05 -0.00305586
788.43 0.000972485 1 -6.16327e-05 0.00103412
788.87 -0.00293334 1 -5.95337e-05 -0.00287381
789.31 -0.00183922 1 -5.74997e-05 -0.00178172
789.75 -0.000745141 1 -5.55289e-05 -0.000689612
790.18 -0.000653244 1 -5.36624e-05 -0.000599581
790.62 0.00144075 1 -5.18117e-05 0.00149257
791.06 -0.00146528 1 -5.00191e-05 -0.00141526
791.49 -0.00437347 1 -4.83219e-05 -0.00432515
791.93 -0.00127955 1 -4.66397e-05 -0.00123291
792.37 0.00181435 1 -4.5011e-05 0.00185936
792.8 -0.00409389 1 -4.34696e-05 -0.00405042
793.24 0 1 -4.19423e-05 4.19423e-05
793.68 0.00209389 1 -4.04641e-05 0.00213435
794.11 -0.000814351 1 -3.90656e-05 -0.000775286
794.55 0.000279553 1 -3.76804e-05 0.000317234
794.99 0.00137347 1 -3.63403e-05 0.00140981
795.42 0.000465279 1 -3.50728e-05 0.000500352
795.86 0.00255925 1 -3.38179e-05 0.00259306
796.3 -0.00234676 1 -3.26043e-05 -0.00231415
796.73 -0.00125486 1 -3.14569e-05 -0.0012234
797.17 -0.00416078 1 -3.03213e-05 -0.00413046
797.61 -0.00406666 1 -2.92234e-05 -0.00403744
798.04 0.00102537 1 -2.81858e-05 0.00105356
798.48 0.000119606 1 -2.71592e-05 0.000146765
798.91 -0.00178824 1 -2.61892e-05 -0.00176205
799.35 0.00130612 1 -2.52297e-05 0.00133135
799.79 0.000400552 1 -2.43027e-05 0.000424854
800.22 0.00249292 1 -2.34271e-05 0.00251634
800.66 -0.00341249 1 -2.25614e-05 -0.00338993
801.1 -0.00131781 1 -2.17251e-05 -0.00129608
