500.34 0.00267311 1 -0.00182353 0.00449664
500.8 0.00300863 1 -0.00186884 0.00487747
501.25 0.00233686 1 -0.0019135 0.00425037
501.71 0.0026724 1 -0.00195952 0.00463192
502.17 0.00300794 1 -0.00200589 0.00501383
502.62 0.00533619 1 -0.0020516 0.00738779
503.08 0.00367174 1 -0.00209868 0.00577043
503.53 0 1 -0.00214509 0.00214509
503.99 -0.000664448 1 -0.00219287 0.00152842
504.44 0.00266381 1 -0.00223997 0.00490377
504.9 0.00299935 1 -0.00228846 0.00528781
505.36 0.0013349 1 -0.0023373 0.0036722
505.81 0.00266314 1 -0.00238543 0.00504857
506.27 0.000998666 1 -0.00243497 0.00343364
506.72 0.00232689 1 -0.00248378 0.00481067
507.18 0.000662397 1 -0.00253403 0.00319642
507.63 0.000990598 1 -0.00258351 0.00357411
508.09 0.00132608 1 -0.00263445 0.00396053
508.54 -0.000345751 1 -0.00268461 0.00233886
509 -1.03049e-05 1 -0.00273623 0.00272593
509.45 -0.00068217 1 -0.00278707 0.0021049
509.91 -0.00134676 1 -0.00283937 0.00149261
510.36 -1.86702e-05 1 -0.00289087 0.0028722
510.82 0.00031669 1 -0.00294385 0.00326054
511.27 0.000644735 1 -0.00299601 0.00364075
511.73 0.000980042 1 -0.00304966 0.00402971
512.19 -0.00068468 1 -0.00310365 0.00241897
512.64 -0.00235672 1 -0.00315679 0.000800075
513.1 -2.15033e-05 1 -0.00321145 0.00318994
513.55 0.000306393 1 -0.00326523 0.00357162
514.01 -0.00135846 1 -0.00332053 0.00196207
514.46 -3.0634e-05 1 -0.00337495 0.00334432
514.92 -0.00369556 1 -0.0034309 -0.00026466
515.37 -0.00336781 1 -0.00348595 0.000118136
515.83 -0.00203282 1 -0.00354254 0.00150971
516.28 -0.00570515 1 -0.0035982 -0.00210695
516.73 -0.00237753 1 -0.00365417 0.00127664
517.19 -0.00204267 1 -0.00371169 0.00166902
517.64 -0.00371514 1 -0.00376827 5.31246e-05
518.1 -0.00238038 1 -0.0038264 0.00144602
518.55 -0.00405295 1 -0.00388357 -0.000169376
519.01 -0.00671829 1 -0.00394231 -0.00277598
519.46 -0.00339096 1 -0.00400007 0.000609103
519.92 -0.00305642 1 -0.0040594 0.00100298
520.37 -0.0047292 1 -0.00411773 -0.000611472
520.83 -0.00539477 1 -0.00417764 -0.00121713
521.28 -0.00306767 1 -0.00423653 0.00116886
521.74 -0.00373336 1 -0.00429701 0.000563652
522.19 -0.00240638 1 -0.00435645 0.00195007
522.65 -0.00507221 1 -0.00441749 -0.000654714
523.1 -0.00474536 1 -0.00447747 -0.000267888
523.55 -0.00441858 1 -0.00453771 0.000119133
524.01 -0.0030846 1 -0.00459955 0.00151495
524.46 -0.00475796 1 -0.00466031 -9.7651e-05
524.92 -0.00642413 1 -0.00472267 -0.00170146
525.37 -0.00409763 1 -0.00478393 0.0006863
525.83 -0.00576396 1 -0.00484681 -0.00091715
526.28 -0.00343761 1 -0.00490856 0.00147094
526.73 -0.00411134 1 -0.00497054 0.000859198
527.19 -0.0027779 1 -0.00503414 0.00225624
527.64 -0.00345179 1 -0.00509659 0.0016448
528.1 -0.00611852 1 -0.00516066 -0.000957862
528.55 -0.00679258 1 -0.00522356 -0.00156902
529.01 -0.00245948 1 -0.00528808 0.0028286
529.46 -0.00613371 1 -0.00535141 -0.000782302
529.91 -0.00480803 1 -0.00541495 0.000606919
530.37 -0.00647521 1 -0.00548012 -0.000995093
530.82 -0.00314971 1 -0.00554406 0.00239435
531.28 -0.00781707 1 -0.00560963 -0.00220744
531.73 -0.00749176 1 -0.00567397 -0.0018178
532.18 -0.00616655 1 -0.00573849 -0.00042806
532.64 -0.00483421 1 -0.00580463 0.000970424
533.09 -0.00750919 1 -0.00586951 -0.00163968
533.54 -0.00818428 1 -0.00593457 -0.00224971
534 -0.00785224 1 -0.00600124 -0.001851
534.45 -0.00452754 1 -0.00606663 0.00153909
534.91 -0.00619572 1 -0.00613363 -6.20922e-05
535.36 -0.00487122 1 -0.00619932 0.0013281
535.81 -0.00854684 1 -0.00626517 -0.00228167
536.27 -0.00821535 1 -0.00633262 -0.00188273
536.72 -0.00489119 1 -0.00639875 0.00150756
537.17 -0.0105671 1 -0.006465 -0.00410213
537.63 -0.009236 1 -0.00653286 -0.00270314
538.08 -0.00791218 1 -0.00659936 -0.00131282
538.54 -0.00458129 1 -0.00666746 0.00208618
538.99 -0.0082577 1 -0.00673419 -0.00152351
539.44 -0.00693424 1 -0.00680103 -0.000133214
539.9 -0.00660372 1 -0.00686945 0.00026573
540.35 -0.00628051 1 -0.00693648 0.000655969
540.8 -0.00995742 1 -0.00700359 -0.00295383
541.26 -0.00862728 1 -0.00707227 -0.001555
541.71 -0.00830445 1 -0.00713954 -0.0011649
542.16 -0.00598174 1 -0.00720688 0.00122514
542.62 -0.00665201 1 -0.00727578 0.000623776
543.07 -0.00932957 1 -0.00734324 -0.00198633
543.52 -0.00800727 1 -0.00741075 -0.000596517
543.98 -0.00667794 1 -0.00747981 0.000801863
544.43 -0.00735592 1 -0.0075474 0.000191483
544.88 -0.00903403 1 -0.00761503 -0.001419
545.34 -0.00670513 1 -0.00768418 0.000979048
545.79 -0.00938353 1 -0.00775185 -0.00163168
546.24 -0.00806207 1 -0.00781954 -0.000242533
546.69 -0.00974076 1 -0.00788723 -0.00185353
547.15 -0.00941245 1 -0.00795643 -0.00145603
547.6 -0.00809144 1 -0.00802411 -6.73246e-05
548.05 -0.00777057 1 -0.00809178 0.000321216
548.51 -0.0124427 1 -0.00816094 -0.00428179
548.96 -0.00912217 1 -0.00822857 -0.000893598
549.41 -0.00780176 1 -0.00829616 0.000494402
549.86 -0.00848151 1 -0.00836371 -0.000117792
550.32 -0.0081543 1 -0.00843272 0.000278421
550.77 -0.00783437 1 -0.00850018 0.000665807
551.22 -0.0085146 1 -0.00856757 5.2973e-05
551.68 -0.0111879 1 -0.00863639 -0.00255149
552.13 -0.00986844 1 -0.00870364 -0.0011648
552.58 -0.00954916 1 -0.00877081 -0.000778349
553.03 -0.00923005 1 -0.0088379 -0.000392154
553.49 -0.010904 1 -0.00890637 -0.00199765
553.94 -0.0125852 1 -0.00897326 -0.00361199
554.39 -0.0102666 1 -0.00904003 -0.00122661
554.84 -0.00694822 1 -0.00910669 0.00215847
555.3 -0.0116229 1 -0.0091747 -0.00244819
555.75 -0.0103048 1 -0.00924111 -0.00106371
556.2 -0.0119869 1 -0.00930737 -0.00267955
556.65 -0.0106692 1 -0.00937349 -0.0012957
557.11 -0.0093446 1 -0.00944093 9.63231e-05
557.56 -0.0120272 1 -0.00950673 -0.00252052
558.01 -0.00971008 1 -0.00957237 -0.000137704
558.46 -0.0103931 1 -0.00963784 -0.000755251
558.92 -0.0110693 1 -0.00970458 -0.00136468
559.37 -0.0127526 1 -0.00976967 -0.00298298
559.82 -0.0104362 1 -0.00983457 -0.000601659
560.27 -0.01212 1 -0.00989926 -0.00222074
560.72 -0.010804 1 -0.00996375 -0.000840214
561.18 -0.0114811 1 -0.0100294 -0.00145166
561.63 -0.0111655 1 -0.0100935 -0.00107198
562.08 -0.01285 1 -0.0101573 -0.00269273
562.53 -0.0105348 1 -0.0102209 -0.000313919
562.99 -0.0102127 1 -0.0102856 7.28501e-05
563.44 -0.0108979 1 -0.0103486 -0.00054925
563.89 -0.0125832 1 -0.0104114 -0.00217182
564.34 -0.0102688 1 -0.010474 0.000205146
564.79 -0.0109546 1 -0.0105362 -0.000418376
565.25 -0.0116336 1 -0.0105996 -0.00103404
565.7 -0.0123198 1 -0.0106612 -0.00165856
566.15 -0.0110062 1 -0.0107226 -0.000283598
566.6 -0.0126928 1 -0.0107837 -0.00190915
567.05 -0.0123796 1 -0.0108444 -0.00153523
567.5 -0.0100667 1 -0.0109048 0.000838154
567.96 -0.011747 1 -0.0109663 -0.000780727
568.41 -0.0134345 1 -0.011026 -0.00240845
568.86 -0.0121222 1 -0.0110855 -0.00103674
569.31 -0.0138101 1 -0.0111445 -0.0026656
569.76 -0.0124983 1 -0.0112032 -0.00129504
570.21 -0.0111866 1 -0.0112616 7.49274e-05
570.67 -0.0128683 1 -0.0113208 -0.0015475
571.12 -0.0115572 1 -0.0113784 -0.000178745
571.57 -0.0132462 1 -0.0114356 -0.00181061
572.02 -0.0129355 1 -0.0114924 -0.00144309
572.47 -0.013625 1 -0.0115488 -0.00207621
572.92 -0.0123148 1 -0.0116048 -0.000709972
573.37 -0.0130048 1 -0.0116604 -0.00134438
573.83 -0.0136882 1 -0.0117168 -0.00197135
574.28 -0.0113786 1 -0.0117715 0.000392904
574.73 -0.0130693 1 -0.0118258 -0.00124352
575.18 -0.0117603 1 -0.0118797 0.000119371
575.63 -0.0114515 1 -0.0119331 0.00048157
576.08 -0.0141429 1 -0.011986 -0.00215693
576.53 -0.0148346 1 -0.0120385 -0.00279614
576.98 -0.0125266 1 -0.0120905 -0.000436069
577.44 -0.0172119 1 -0.0121432 -0.00506875
577.89 -0.0129044 1 -0.0121942 -0.000710148
578.34 -0.0135971 1 -0.0122448 -0.00135229
578.79 -0.01329 1 -0.0122948 -0.000995189
579.24 -0.0139832 1 -0.0123444 -0.00163884
579.69 -0.0116767 1 -0.0123934 0.000716737
580.14 -0.0153704 1 -0.0124419 -0.00292846
580.59 -0.0140644 1 -0.0124899 -0.00157443
581.04 -0.0147586 1 -0.0125374 -0.0022212
581.49 -0.0174531 1 -0.0125843 -0.00486876
581.95 -0.0151411 1 -0.0126318 -0.00250933
582.4 -0.0148361 1 -0.0126776 -0.00215853
582.85 -0.0135314 1 -0.0127229 -0.000808551
583.3 -0.017227 1 -0.0127676 -0.0044594
583.75 -0.0169228 1 -0.0128118 -0.00411109
584.2 -0.015619 1 -0.0128553 -0.00276362
584.65 -0.0143153 1 -0.0128983 -0.001417
585.1 -0.015012 1 -0.0129408 -0.00207124
585.55 -0.0137089 1 -0.0129826 -0.000726345
586 -0.0124062 1 -0.0130238 0.000617677
586.45 -0.0141037 1 -0.0130645 -0.00103918
586.9 -0.0128014 1 -0.0131045 0.000303075
587.35 -0.0134995 1 -0.0131439 -0.000355563
587.8 -0.0141979 1 -0.0131827 -0.0010151
588.25 -0.0148965 1 -0.0132209 -0.00167555
588.71 -0.0135887 1 -0.0132593 -0.000329394
589.16 -0.0132879 1 -0.0132962 8.30354e-06
589.61 -0.0139874 1 -0.0133325 -0.000654926
590.06 -0.0146872 1 -0.0133681 -0.00131909
590.51 -0.0133873 1 -0.0134031 1.58045e-05
590.96 -0.0150877 1 -0.0134375 -0.00165025
591.41 -0.0157884 1 -0.0134711 -0.00231725
591.86 -0.0144894 1 -0.0135041 -0.000985217
592.31 -0.0151906 1 -0.0135365 -0.00165415
592.76 -0.0138922 1 -0.0135682 -0.000324049
593.21 -0.0155941 1 -0.0135992 -0.00199493
593.66 -0.0122963 1 -0.0136295 0.00133321
594.11 -0.0129988 1 -0.0136591 0.000660358
594.56 -0.0147016 1 -0.0136881 -0.00101349
595.01 -0.0124047 1 -0.0137163 0.00131167
595.46 -0.0141081 1 -0.0137439 -0.000364187
595.91 -0.0138118 1 -0.0137708 -4.10505e-05
596.36 -0.0135159 1 -0.0137969 0.00028107
596.81 -0.0132202 1 -0.0138224 0.000602168
597.26 -0.0149249 1 -0.0138471 -0.00107776
597.71 -0.0136299 1 -0.0138712 0.00024128
598.16 -0.0133352 1 -0.0138945 0.000559283
598.61 -0.0150408 1 -0.0139171 -0.00112376
599.06 -0.0137468 1 -0.0139389 0.00019216
599.51 -0.012453 1 -0.0139601 0.00150702
599.96 -0.0141596 1 -0.0139805 -0.000179166
600.41 -0.0118666 1 -0.0140002 0.00213358
600.86 -0.0125738 1 -0.0140191 0.00144527
601.31 -0.0102814 1 -0.0140373 0.00375589
601.76 -0.0129893 1 -0.0140548 0.00106543
602.21 -0.0126976 1 -0.0140715 0.0013739
602.65 -0.0114126 1 -0.0140871 0.00267447
603.1 -0.0121215 1 -0.0141023 0.0019808
603.55 -0.0158308 1 -0.0141168 -0.00171396
604 -0.0125404 1 -0.0141306 0.00159019
604.45 -0.0132503 1 -0.0141436 0.000893244
604.9 -0.0129606 1 -0.0141558 0.0011952
605.35 -0.0146712 1 -0.0141673 -0.000503944
605.8 -0.0133822 1 -0.014178 0.000795807
606.25 -0.0120935 1 -0.0141879 0.00209445
606.7 -0.0118051 1 -0.0141971 0.00239198
607.15 -0.0135171 1 -0.0142055 0.000688402
607.6 -0.0132295 1 -0.0142132 0.000983705
608.05 -0.0129422 1 -0.0142201 0.00127789
608.5 -0.0136553 1 -0.0142262 0.000570953
608.95 -0.0163687 1 -0.0142316 -0.00213711
609.39 -0.0110888 1 -0.0142361 0.00314726
609.84 -0.012803 1 -0.0142399 0.00143697
610.29 -0.0135174 1 -0.014243 0.000725547
610.74 -0.0132323 1 -0.0142453 0.001013
611.19 -0.0149475 1 -0.0142468 -0.000700691
611.64 -0.0126631 1 -0.0142476 0.00158449
612.09 -0.013379 1 -0.0142476 0.000868529
612.54 -0.0130953 1 -0.0142468 0.00115143
612.99 -0.011812 1 -0.0142452 0.00243319
613.44 -0.0135291 1 -0.0142429 0.000713815
613.88 -0.0122528 1 -0.0142399 0.00198709
614.33 -0.0129706 1 -0.014236 0.00126545
614.78 -0.0126887 1 -0.0142314 0.00154267
615.23 -0.0134073 1 -0.014226 0.000818737
615.68 -0.0141262 1 -0.0142199 9.366e-05
616.13 -0.0128455 1 -0.0142129 0.00136744
616.58 -0.0135652 1 -0.0142053 0.000640063
617.03 -0.0122853 1 -0.0141968 0.00191154
617.47 -0.0130119 1 -0.0141878 0.00117588
617.92 -0.0127328 1 -0.0141778 0.00144509
618.37 -0.012454 1 -0.0141671 0.00171315
618.82 -0.0121756 1 -0.0141556 0.00198006
619.27 -0.0138976 1 -0.0141434 0.000245822
619.72 -0.01362 1 -0.0141304 0.000510436
620.17 -0.0133428 1 -0.0141167 0.000773902
620.61 -0.0130721 1 -0.0141025 0.0010304
621.06 -0.0147956 1 -0.0140872 -0.000708399
621.51 -0.0125196 1 -0.0140713 0.00155165
621.96 -0.014244 1 -0.0140545 -0.000189443
622.41 -0.0139687 1 -0.0140371 6.8317e-05
622.86 -0.0126939 1 -0.0140189 0.00132493
623.3 -0.0144256 1 -0.0140003 -0.000425258
623.75 -0.0121516 1 -0.0139807 0.0018291
624.2 -0.0128779 1 -0.0139603 0.00108232
624.65 -0.0126047 1 -0.0139391 0.00133439
625.1 -0.0123319 1 -0.0139173 0.00158533
625.54 -0.0130656 1 -0.0138952 0.0008296
625.99 -0.0117936 1 -0.0138719 0.0020783
626.44 -0.013522 1 -0.0138479 0.000325858
626.89 -0.0132509 1 -0.0138232 0.00057229
627.34 -0.0119801 1 -0.0137977 0.00181759
627.78 -0.0147158 1 -0.0137722 -0.000943645
628.23 -0.0144459 1 -0.0137454 -0.000700568
628.68 -0.0131764 1 -0.0137178 0.000541386
629.13 -0.0129074 1 -0.0136896 0.00078222
629.58 -0.0116388 1 -0.0136607 0.00202194
630.02 -0.0113765 1 -0.0136318 0.00225525
630.47 -0.0131087 1 -0.0136015 0.00049276
630.92 -0.0128414 1 -0.0135705 0.000729164
631.37 -0.0135745 1 -0.0135389 -3.55404e-05
631.81 -0.0123139 1 -0.0135073 0.00119346
632.26 -0.0120478 1 -0.0134744 0.00142657
632.71 -0.0127822 1 -0.0134408 0.000658591
633.16 -0.012517 1 -0.0134065 0.000889512
633.61 -0.0122523 1 -0.0133716 0.00111934
634.05 -0.0139938 1 -0.0133368 -0.000656989
634.5 -0.0127299 1 -0.0133006 0.00057069
634.95 -0.0144665 1 -0.0132638 -0.00120271
635.4 -0.0112035 1 -0.0132263 0.00202281
635.84 -0.00994681 1 -0.0131891 0.00324227
636.29 -0.0106847 1 -0.0131504 0.00246567
636.74 -0.0114231 1 -0.0131111 0.001688
637.18 -0.0111677 1 -0.013072 0.00190436
637.63 -0.0099069 1 -0.0130315 0.00312459
638.08 -0.0116466 1 -0.0129904 0.00134376
638.53 -0.0133868 1 -0.0129486 -0.000438116
638.97 -0.0131331 1 -0.0129073 -0.000225855
639.42 -0.00987418 1 -0.0128644 0.0029902
639.87 -0.0106157 1 -0.0128209 0.00220521
640.32 -0.0133577 1 -0.0127769 -0.000580808
640.76 -0.0111059 1 -0.0127333 0.00162742
641.21 -0.0108488 1 -0.0126881 0.00183936
641.66 -0.0125921 1 -0.0126424 5.02876e-05
642.1 -0.0103416 1 -0.0125972 0.00225554
642.55 -0.0110859 1 -0.0125504 0.00146446
643 -0.0118307 1 -0.0125031 0.000672364
643.44 -0.0115816 1 -0.0124563 0.000874682
643.89 -0.00932731 1 -0.0124079 0.00308061
644.34 -0.0130735 1 -0.012359 -0.000714456
644.79 -0.0118201 1 -0.0123096 0.00048949
645.23 -0.0105729 1 -0.0122608 0.00168795
645.68 -0.0093205 1 -0.0122105 0.00288996
646.13 -0.0100686 1 -0.0121596 0.00209099
646.57 -0.00982274 1 -0.0121094 0.00228661
647.02 -0.0115718 1 -0.0120575 0.000485734
647.47 -0.00932131 1 -0.0120052 0.00268389
647.91 -0.0110769 1 -0.0119536 0.00087673
648.36 -0.00982738 1 -0.0119004 0.00207301
648.81 -0.0105784 1 -0.0118467 0.00126835
649.25 -0.0123354 1 -0.0117938 -0.000541563
649.7 -0.0120873 1 -0.0117393 -0.000348075
650.15 -0.0138398 1 -0.0116843 -0.00215551
650.59 -0.0115982 1 -0.0116301 3.18773e-05
651.04 -0.00935167 1 -0.0115743 0.00222262
651.48 -0.00811108 1 -0.0115193 0.00340825
651.93 -0.00986551 1 -0.0114627 0.00159719
652.38 -0.0116204 1 -0.0114057 -0.000214757
652.82 -0.00938132 1 -0.0113496 0.00196825
653.27 -0.0131373 1 -0.0112918 -0.00184547
653.72 -0.0098937 1 -0.0112336 0.00133994
654.16 -0.010656 1 -0.0111764 0.000520371
654.61 -0.0074135 1 -0.0111175 0.00370404
655.06 -0.0111715 1 -0.0110583 -0.000113148
655.5 -0.0109353 1 -0.0110001 6.47652e-05
655.95 -0.0116943 1 -0.0109402 -0.000754123
656.39 -0.0154591 1 -0.0108813 -0.00457786
656.84 -0.0132191 1 -0.0108207 -0.00239842
657.29 -0.00897965 1 -0.0107598 0.00178018
657.73 -0.008746 1 -0.0107 0.00195401
658.18 -0.00950755 1 -0.0106385 0.00113097
658.62 -0.00927492 1 -0.0105781 0.00130321
659.07 -0.0100375 1 -0.0105161 0.000478551
659.52 -0.00980063 1 -0.0104537 0.000653087
659.96 -0.00956953 1 -0.0103925 0.000822969
660.41 -0.0063337 1 -0.0103296 0.00399592
660.85 -0.0121036 1 -0.0102679 -0.00183573
661.3 -0.0108688 1 -0.0102045 -0.000664338
661.74 -0.0106398 1 -0.0101423 -0.000497507
662.19 -0.0104061 1 -0.0100784 -0.000327649
662.64 -0.0101729 1 -0.0100143 -0.00015856
663.08 -0.0109454 1 -0.00995146 -0.000993966
663.53 -0.00971331 1 -0.00988694 0.000173621
663.97 -0.0114869 1 -0.00982364 -0.00166324
664.42 -0.00825585 1 -0.00975871 0.00150286
664.86 -0.00803047 1 -0.00969503 0.00166456
665.31 -0.00880051 1 -0.00962972 0.000829213
665.75 -0.00957619 1 -0.00956569 -1.05009e-05
666.2 -0.00834732 1 -0.00950003 0.00115271
666.65 -0.008119 1 -0.00943421 0.00131521
667.09 -0.00989629 1 -0.0093697 -0.00052659
667.54 -0.00966906 1 -0.00930357 -0.000365494
667.98 -0.00844742 1 -0.00923877 0.000791345
668.43 -0.0112213 1 -0.00917236 -0.00204894
668.87 -0.00900074 1 -0.0091073 0.000106563
669.32 -0.0107757 1 -0.00904064 -0.00173508
669.76 -0.00955625 1 -0.00897536 -0.000580892
670.21 -0.00733234 1 -0.00890847 0.00157613
670.65 -0.011114 1 -0.00884298 -0.00227098
671.1 -0.00889117 1 -0.00877591 -0.000115268
671.54 -0.00867389 1 -0.00871023 3.63478e-05
671.99 -0.00845223 1 -0.00864299 0.000190765
672.43 -0.00923604 1 -0.00857717 -0.000658873
672.88 -0.0100155 1 -0.00850979 -0.00150573
673.32 -0.00880044 1 -0.00844384 -0.000356598
673.77 -0.011581 1 -0.00837634 -0.0032047
674.21 -0.0103671 1 -0.0083103 -0.00205679
674.66 -0.0101488 1 -0.00824271 -0.00190612
675.1 -0.00793599 1 -0.00817659 0.000240601
675.55 -0.0117189 1 -0.00810895 -0.00360994
675.99 -0.00850718 1 -0.00804278 -0.000464394
676.44 -0.00729123 1 -0.0079751 0.000683871
676.88 -0.00708065 1 -0.00790891 0.000828266
677.33 -0.00886586 1 -0.00784122 -0.00102464
677.77 -0.00965642 1 -0.00777504 -0.00188138
678.22 -0.0074428 1 -0.00770736 0.000264564
678.66 -0.0092345 1 -0.0076412 -0.00159329
679.11 -0.00802205 1 -0.00757357 -0.000448481
679.55 -0.0068149 1 -0.00750746 0.000692566
679.99 -0.00860832 1 -0.00744139 -0.00116692
680.44 -0.00639763 1 -0.00737386 0.000976229
680.88 -0.00919221 1 -0.00730788 -0.00188433
681.33 -0.00998271 1 -0.00724045 -0.00274227
681.77 -0.00877845 1 -0.00717457 -0.00160388
682.22 -0.00657015 1 -0.00710727 0.000537116
682.66 -0.00636706 1 -0.00704153 0.000674463
683.11 -0.00715996 1 -0.00697437 -0.000185591
683.55 -0.00795805 1 -0.00690878 -0.00104926
683.99 -0.00675672 1 -0.00684328 8.65643e-05
684.44 -0.00855142 1 -0.00677638 -0.00177503
684.88 -0.0113513 1 -0.00671107 -0.0046402
685.33 -0.00814718 1 -0.00664438 -0.00150281
685.77 -0.00594823 1 -0.00657927 0.000631045
686.21 -0.00674986 1 -0.00651428 -0.000235583
686.66 -0.0085476 1 -0.00644793 -0.00209967
687.1 -0.00835044 1 -0.00638318 -0.00196726
687.55 -0.0101494 1 -0.00631709 -0.00383232
687.99 -0.00495345 1 -0.00625259 0.00129915
688.44 -0.00675365 1 -0.00618678 -0.000566872
688.88 -0.0075589 1 -0.00612257 -0.00143633
689.32 -0.00536475 1 -0.0060585 0.00069375
689.77 -0.00716681 1 -0.00599313 -0.00117368
690.21 -0.00697388 1 -0.00592938 -0.0010445
690.65 -0.00778156 1 -0.00586578 -0.00191577
691.1 -0.00758549 1 -0.00580091 -0.00178458
691.54 -0.00739439 1 -0.00573765 -0.00165674
691.99 -0.00619958 1 -0.00567313 -0.000526451
692.43 -0.00900972 1 -0.00561022 -0.00339949
692.87 -0.0108205 1 -0.0055475 -0.00527297
693.32 -0.00662755 1 -0.00548354 -0.00114401
693.76 -0.00643954 1 -0.0054212 -0.00101834
694.2 -0.00625215 1 -0.00535905 -0.0008931
694.65 -0.00506113 1 -0.00529569 0.000234555
695.09 -0.00487499 1 -0.00523394 0.00035895
695.53 -0.00768947 1 -0.00517241 -0.00251707
695.98 -0.00550038 1 -0.00510968 -0.000390697
696.42 -0.00531612 1 -0.00504857 -0.000267548
696.86 -0.00813249 1 -0.00498768 -0.00314481
697.31 -0.00694533 1 -0.00492563 -0.00201969
697.75 -0.00676296 1 -0.00486519 -0.00189777
698.19 -0.00658122 1 -0.00480497 -0.00177625
698.64 -0.00639601 1 -0.00474363 -0.00165238
699.08 -0.00721555 1 -0.00468389 -0.00253166
699.52 -0.00903572 1 -0.00462438 -0.00441134
699.97 -0.00585247 1 -0.00456378 -0.00128869
700.41 -0.00667393 1 -0.00450476 -0.00216916
700.85 -0.00749603 1 -0.004446 -0.00305003
701.3 -0.00831474 1 -0.00438616 -0.00392858
701.74 -0.00713814 1 -0.00432791 -0.00281023
702.18 -0.00496217 1 -0.00426991 -0.000692261
702.63 -0.00678288 1 -0.00421087 -0.00257201
703.07 -0.00460821 1 -0.0041534 -0.000454816
703.51 -0.0034342 1 -0.0040962 0.000661996
703.96 -0.0032569 1 -0.00403797 0.00078107
704.4 -0.0050842 1 -0.00398132 -0.00110288
704.84 -0.00491215 1 -0.00392493 -0.000987217
705.28 -0.00774075 1 -0.00386883 -0.00387193
705.73 -0.00656613 1 -0.00381173 -0.0027544
706.17 -0.00539606 1 -0.00375619 -0.00163987
706.61 -0.00422664 1 -0.00370093 -0.00052571
707.06 -0.00605405 1 -0.00364471 -0.00240934
707.5 -0.00588597 1 -0.00359004 -0.00229593
707.94 -0.00671855 1 -0.00353565 -0.0031829
708.38 -0.00755178 1 -0.00348155 -0.00407023
708.83 -0.00438192 1 -0.00342653 -0.000955391
709.27 -0.0052165 1 -0.00337303 -0.00184347
709.71 -0.00605175 1 -0.00331983 -0.00273193
710.15 -0.00488767 1 -0.00326692 -0.00162075
710.6 -0.00572055 1 -0.00321313 -0.00250742
711.04 -0.00555782 1 -0.00316084 -0.00239698
711.48 -0.00239577 1 -0.00310885 0.000713084
711.92 -0.00223439 1 -0.00305717 0.000822784
712.37 -0.00707004 1 -0.00300464 -0.0040654
712.81 -0.00291003 1 -0.00295358 4.35546e-05
713.25 -0.00375069 1 -0.00290284 -0.000847856
713.69 -0.00359204 1 -0.0028524 -0.000739633
714.13 -0.00343406 1 -0.00280228 -0.000631778
714.58 -0.0032732 1 -0.00275135 -0.000521852
715.02 -0.00511661 1 -0.00270187 -0.00241474
715.46 -0.00596071 1 -0.00265271 -0.003308
715.9 -0.00580549 1 -0.00260386 -0.00320162
716.35 -0.00564745 1 -0.00255424 -0.00309321
716.79 -0.000493625 1 -0.00250604 0.00201241
717.23 -0.00334049 1 -0.00245816 -0.00088233
717.67 -0.00318805 1 -0.0024106 -0.000777443
718.11 -0.0010363 1 -0.00236337 0.00132707
718.56 -0.00388182 1 -0.0023154 -0.00156642
719 -0.00273148 1 -0.00226882 -0.000462658
719.44 -0.000581837 1 -0.00222257 0.00164073
719.88 -0.00343289 1 -0.00217664 -0.00125625
720.32 -0.00328465 1 -0.00213104 -0.00115361
720.76 -0.00413711 1 -0.00208577 -0.00205135
721.21 -0.00298695 1 -0.0020398 -0.00094715
721.65 -0.00384084 1 -0.00199519 -0.00184565
722.09 -0.00169543 1 -0.0019509 0.000255473
722.53 -0.00355073 1 -0.00190695 -0.00164378
722.97 -0.00140674 1 -0.00186332 0.000456576
723.41 -0.00226346 1 -0.00182002 -0.000443447
723.86 -0.00111767 1 -0.00177607 0.000658406
724.3 -0.00297583 1 -0.00173344 -0.00124239
724.74 -0.00183471 1 -0.00169113 -0.00014358
725.18 -0.00169431 1 -0.00164916 -4.51547e-05
725.62 -0.00155463 1 -0.00160751 5.28814e-05
726.06 -0.000415662 1 -0.00156619 0.00115053
726.5 -0.000277418 1 -0.0015252 0.00124778
726.95 -0.00113678 1 -0.00148362 0.000346835
727.39 0 1 -0.00144329 0.00144329
727.83 -0.00286394 1 -0.00140329 -0.00146065
728.27 0.000271391 1 -0.00136362 0.00163501
728.71 -0.000593989 1 -0.00132428 0.000730288
729.15 0.00253992 1 -0.00128526 0.00382518
729.59 0.00167312 1 -0.00124657 0.00291969
730.03 -0.00119438 1 -0.00120821 1.38327e-05
730.48 -5.95835e-05 1 -0.00116931 0.00110973
730.92 -0.000928486 1 -0.00113161 0.000203121
731.36 -0.00179807 1 -0.00109423 -0.000703848
731.8 0.000331655 1 -0.00105717 0.00138883
732.24 0.00346071 1 -0.00102044 0.00448115
732.68 0.000589089 1 -0.000984028 0.00157312
733.12 -0.000283198 1 -0.00094794 0.000664743
733.56 0.000843854 1 -0.000912174 0.00175603
734 0.000970247 1 -0.000876728 0.00184698
734.44 0.00109599 1 -0.000841602 0.00193759
734.89 0.000223918 1 -0.000806007 0.00102992
735.33 0.00234835 1 -0.000771525 0.00311988
735.77 0.00347215 1 -0.00073736 0.00420951
736.21 0.00159532 1 -0.00070351 0.00229883
736.65 -0.000282148 1 -0.000669977 0.000387829
737.09 0.00183977 1 -0.000636757 0.00247652
737.53 0.00196106 1 -0.00060385 0.00256491
737.97 0.00208174 1 -0.000571255 0.002653
738.41 0.00220181 1 -0.000538972 0.00274078
738.85 0.00632128 1 -0.000506998 0.00682828
739.29 0.00344015 1 -0.000475332 0.00391548
739.73 0.000558423 1 -0.000443975 0.0010024
740.17 0.00367611 1 -0.000412923 0.00408903
740.61 0.00179321 1 -0.000382177 0.00217538
741.05 0.00490973 1 -0.000351734 0.00526146
741.49 0.00302567 1 -0.000321594 0.00334727
741.93 0.00414105 1 -0.000291755 0.0044328
742.37 0.000255858 1 -0.000262216 0.000518075
742.81 0.00337011 1 -0.000232976 0.00360308
743.26 0.00448638 1 -0.000203378 0.00468976
743.7 0.00359951 1 -0.000174738 0.00377425
744.14 0.00471209 1 -0.000146392 0.00485849
744.58 -0.000175861 1 -0.000118338 -5.7523e-05
745.02 0.00293565 1 -9.05763e-05 0.00302622
745.46 0.00504662 1 -6.31044e-05 0.00510973
745.9 0.00215707 1 -3.5921e-05 0.00219299
746.34 0.005267 1 -9.02463e-06 0.00527603
746.78 0.00337641 1 1.75863e-05 0.00335883
747.22 0.00248532 1 4.39133e-05 0.0024414
747.66 0.00259371 1 6.9958e-05 0.00252375
748.1 0.0047016 1 9.57219e-05 0.00460588
748.54 0.00180899 1 0.000121207 0.00168779
748.98 0.00191589 1 0.000146414 0.00176948
749.42 0.00402231 1 0.000171345 0.00385096
749.86 0.00412824 1 0.000196002 0.00393224
750.29 0.0042313 1 0.000219835 0.00401147
750.73 0.00133629 1 0.000243955 0.00109234
751.17 0.00144081 1 0.000267805 0.00117301
751.61 0.00154487 1 0.000291387 0.00125349
752.05 0.00264847 1 0.000314704 0.00233377
752.49 -0.000248379 1 0.000337757 -0.000586136
752.93 -0.000145682 1 0.000360547 -0.000506228
753.37 -0.00104343 1 0.000383076 -0.0014265
753.81 -0.000941614 1 0.000405346 -0.00134696
754.25 0.00115977 1 0.000427359 0.000732407
754.69 -0.000739284 1 0.000449117 -0.0011884
755.13 0.00136124 1 0.000470621 0.000890621
755.57 0.00346135 1 0.000491873 0.00296947
756.01 0.00356104 1 0.000512875 0.00304816
756.45 0.00166032 1 0.000533629 0.00112669
756.89 0.0027592 1 0.000554136 0.00220506
757.33 0.00385767 1 0.000574399 0.00328327
757.77 0.00195575 1 0.000594419 0.00136133
758.21 0.00105344 1 0.000614198 0.00043924
758.64 -0.00185147 1 0.000633296 -0.00248476
759.08 -0.000754536 1 0.000652604 -0.00140714
759.52 0.00234202 1 0.000671676 0.00167034
759.96 0.0034382 1 0.000690514 0.00274769
760.4 0.00253402 1 0.000709121 0.00182489
760.84 0.00162947 1 0.000727497 0.000901972
761.28 0.000724567 1 0.000745646 -2.10794e-05
761.72 0.00181931 1 0.000763568 0.00105574
762.16 0.00191371 1 0.000781266 0.00113244
762.6 0.00200776 1 0.000798741 0.00120902
763.03 0.00209936 1 0.000815606 0.00128375
763.47 0.000192748 1 0.000832647 -0.000639899
763.91 0.00128581 1 0.000849471 0.000436342
764.35 0.00237855 1 0.000866079 0.00151248
764.79 0.00247098 1 0.000882475 0.0015885
765.23 -0.00143691 1 0.000898659 -0.00233557
765.67 -0.00134511 1 0.000914633 -0.00225974
766.11 -0.00225361 1 0.0009304 -0.00318401
766.54 -0.00116448 1 0.000945609 -0.00211009
766.98 0.000926426 1 0.000960971 -3.45449e-05
767.42 1.7048e-05 1 0.000976131 -0.000959083
767.86 0.000107385 1 0.00099109 -0.000883704
768.3 0.000197443 1 0.00100585 -0.000808407
768.74 0.00128723 1 0.00102041 0.000266811
769.17 0.00237471 1 0.00103446 0.00134025
769.61 0.00246396 1 0.00104864 0.00141532
770.05 -0.000447044 1 0.00106263 -0.00150968
770.49 0.00264169 1 0.00107643 0.00156526
770.93 0.00173018 1 0.00109005 0.000640136
771.37 -0.000181577 1 0.00110347 -0.00128505
771.8 0.00290443 1 0.00111642 0.00178801
772.24 -7.80322e-06 1 0.00112948 -0.00113729
772.68 -0.00292026 1 0.00114237 -0.00406263
773.12 -0.00383295 1 0.00115508 -0.00498803
773.56 0.000254138 1 0.00116761 -0.000913471
774 0.000341012 1 0.00117997 -0.000838954
774.43 -0.00357429 1 0.00119187 -0.00476617
774.87 -0.000487834 1 0.00120389 -0.00169172
775.31 -0.000401577 1 0.00121574 -0.00161731
775.75 -0.000315518 1 0.00122742 -0.00154293
776.19 -0.00122965 1 0.00123893 -0.00246858
776.62 -0.00114592 1 0.00125002 -0.00239594
777.06 0.00193958 1 0.00126121 0.00067837
777.5 0.0010249 1 0.00127224 -0.000247338
777.94 -0.000889947 1 0.00128311 -0.00217306
778.37 -0.000806897 1 0.00129358 -0.00210048
778.81 -0.00172208 1 0.00130415 -0.00302622
779.25 0.000362584 1 0.00131455 -0.00095197
779.69 -0.00155291 1 0.00132481 -0.00287772
780.13 0.000531448 1 0.00133491 -0.000803467
780.56 -0.00238625 1 0.00134465 -0.0037309
781 -0.000302175 1 0.00135446 -0.00165663
781.44 0.00178177 1 0.00136413 0.000417641
781.88 -0.000134421 1 0.00137365 -0.00150807
782.31 -0.00305264 1 0.00138282 -0.00443545
782.75 3.09335e-05 1 0.00139206 -0.00136113
783.19 0.000114387 1 0.00140117 -0.00128678
783.63 0.000197729 1 0.00141014 -0.00121241
784.06 -0.00172092 1 0.00141877 -0.00313969
784.5 0.000362214 1 0.00142747 -0.00106526
784.94 -0.000554745 1 0.00143604 -0.00199078
785.37 -0.00147368 1 0.00144429 -0.00291796
785.81 -0.000390813 1 0.0014526 -0.00184341
786.25 0.00169197 1 0.00146078 0.000231191
786.69 -0.00222532 1 0.00146884 -0.00369416
787.12 0.00185543 1 0.00147659 0.000378845
787.56 -0.003062 1 0.0014844 -0.0045464
788 0.00202051 1 0.00149209 0.000528419
788.43 0.00110108 1 0.00149949 -0.000398405
788.87 -0.00181652 1 0.00150694 -0.00332346
789.31 -0.00073417 1 0.00151428 -0.00224845
789.75 0.00134813 1 0.0015215 -0.000173364
790.18 -0.00257147 1 0.00152844 -0.00409991
790.62 -0.00148923 1 0.00153544 -0.00302467
791.06 -0.000407029 1 0.00154232 -0.00194935
791.49 -0.00132672 1 0.00154895 -0.00287566
791.93 -0.00324455 1 0.00155561 -0.00480017
792.37 0.00283759 1 0.00156217 0.00127542
792.8 -0.00308213 1 0.00156848 -0.00465062
793.24 0 1 0.00157483 -0.00157483
793.68 -0.000917866 1 0.00158108 -0.00249895
794.11 -0.00183759 1 0.00158709 -0.00342469
794.55 0.00224455 1 0.00159314 0.000651411
794.99 0.00432672 1 0.00159909 0.00272762
795.42 -0.000592971 1 0.00160481 -0.00219778
795.86 0.00348923 1 0.00161057 0.00187866
796.3 0.000571468 1 0.00161623 -0.00104476
796.73 0.000651865 1 0.00162167 -0.000969809
797.17 -0.00126583 1 0.00162715 -0.00289298
797.61 0.000816519 1 0.00163254 -0.00081602
798.04 0.00289704 1 0.00163772 0.00125933
798.48 -2.05093e-05 1 0.00164292 -0.00166343
798.91 6.0121e-05 1 0.00164793 -0.00158781
799.35 -0.000857312 1 0.00165297 -0.00251028
799.79 0.00322532 1 0.00165792 0.0015674
800.22 -0.000693851 1 0.00166268 -0.00235653
800.66 -0.00261107 1 0.00166746 -0.00427853
801.1 0.00347179 1 0.00167217 0.00179963
