500.34 0.00465231 1 -0.000455098 0.00510741
500.8 0.00599083 1 -0.000501998 0.00649283
501.25 0.007322 1 -0.00054823 0.00787023
501.71 0.00566053 1 -0.000595846 0.00625638
502.17 0.00299907 1 -0.000643825 0.0036429
502.62 0.00633026 1 -0.00069111 0.00702137
503.08 0.00566881 1 -0.000739802 0.00640861
503.53 0 1 -0.000787785 0.000787785
503.99 0.00033855 1 -0.00083719 0.00117574
504.44 0.00466974 1 -0.000885869 0.00555561
504.9 0.00400829 1 -0.000935983 0.00494427
505.36 0.000346826 1 -0.000986456 0.00133328
505.81 0.002678 1 -0.00103618 0.00371418
506.27 0.00501653 1 -0.00108735 0.00610388
506.72 0.00534769 1 -0.00113776 0.00648545
507.18 0.00668619 1 -0.00118964 0.00787584
507.63 0.00201733 1 -0.00124074 0.00325806
508.09 0.00435581 1 -0.00129331 0.00564912
508.54 0.00168691 1 -0.00134509 0.003032
509 0.00302536 1 -0.00139836 0.00442372
509.45 0.00235643 1 -0.0014508 0.00380724
509.91 0.00169484 1 -0.00150476 0.0031996
510.36 0.00202587 1 -0.00155788 0.00358375
510.82 0.00136423 1 -0.00161252 0.00297675
511.27 -0.000304788 1 -0.0016663 0.00136152
511.73 3.35222e-05 1 -0.00172162 0.00175514
512.19 -0.0026282 1 -0.00177727 -0.000850922
512.64 0.0017027 1 -0.00183205 0.00353475
513.1 0.00104092 1 -0.00188837 0.00292929
513.55 0.00137176 1 -0.00194379 0.00331554
514.01 -0.00129009 1 -0.00200076 0.000710676
514.46 -0.000959321 1 -0.00205682 0.0010975
514.92 -0.00162124 1 -0.00211445 0.000493211
515.37 -0.00229055 1 -0.00217114 -0.000119405
515.83 4.7449e-05 1 -0.00222942 0.00227687
516.28 -0.00162194 1 -0.00228673 0.000664791
516.73 -0.00229137 1 -0.00234435 5.29788e-05
517.19 4.64952e-05 1 -0.00240357 0.00245006
517.64 -0.00362303 1 -0.0024618 -0.00116123
518.1 -0.00228525 1 -0.00252163 0.000236373
518.55 -0.00295487 1 -0.00258046 -0.000374417
519.01 -0.0016172 1 -0.0026409 0.00102369
519.46 -0.00328693 1 -0.00270032 -0.000586609
519.92 -0.00294936 1 -0.00276135 -0.000188009
520.37 -0.00361919 1 -0.00282135 -0.000797842
520.83 -0.00528175 1 -0.00288297 -0.00239877
521.28 -0.00395169 1 -0.00294354 -0.00100815
521.74 -0.00261436 1 -0.00300573 0.000391371
522.19 -0.000284431 1 -0.00306685 0.00278242
522.65 -0.00394723 1 -0.00312961 -0.00081762
523.1 -0.00261742 1 -0.00319127 0.000573848
523.55 -0.00328768 1 -0.0032532 -3.44867e-05
524.01 -0.000950685 1 -0.00331677 0.00236608
524.46 -0.00462108 1 -0.00337921 -0.00124187
524.92 -0.00228422 1 -0.00344331 0.00115909
525.37 -0.00495476 1 -0.00350627 -0.0014485
525.83 -0.00561806 1 -0.00357088 -0.00204718
526.28 -0.00328874 1 -0.00363433 0.000345583
526.73 -0.0029595 1 -0.00369801 0.000738508
527.19 0.000376969 1 -0.00376336 0.00414033
527.64 -0.00129395 1 -0.00382752 0.00253357
528.1 -0.00295764 1 -0.00389334 0.000935694
528.55 -0.00662873 1 -0.00395795 -0.00267078
529.01 -0.00429259 1 -0.00402423 -0.000268362
529.46 -0.00396384 1 -0.00408928 0.000125435
529.91 -0.00263518 1 -0.00415454 0.00151936
530.37 -0.00529931 1 -0.00422147 -0.00107784
530.82 -0.00297083 1 -0.00428714 0.00131631
531.28 -0.00563515 1 -0.00435448 -0.00128066
531.73 -0.00430685 1 -0.00442056 0.000113701
532.18 -0.00397865 1 -0.00448682 0.000508162
532.64 -0.00564326 1 -0.00455474 -0.00108852
533.09 -0.00631525 1 -0.00462137 -0.00169389
533.54 -0.00598735 1 -0.00468817 -0.00129918
534 -0.00665225 1 -0.00475663 -0.00189563
534.45 -0.00232455 1 -0.00482377 0.00249922
534.91 -0.00398967 1 -0.00489257 0.000902897
535.36 -0.00366218 1 -0.00496003 0.00129785
535.81 -0.00533479 1 -0.00502764 -0.000307152
536.27 -0.00900024 1 -0.0050969 -0.00390334
536.72 -0.00567307 1 -0.0051648 -0.000508271
537.17 -0.00634601 1 -0.00523283 -0.00111318
537.63 -0.0050118 1 -0.00530251 0.000290709
538.08 -0.00668497 1 -0.0053708 -0.00131417
538.54 -0.005351 1 -0.00544073 8.97315e-05
538.99 -0.0060244 1 -0.00550925 -0.000515149
539.44 -0.00469792 1 -0.00557788 0.00087996
539.9 -0.00936431 1 -0.00564815 -0.00371617
540.35 -0.00603808 1 -0.00571698 -0.000321102
540.8 -0.00671197 1 -0.0057859 -0.000926067
541.26 -0.00637874 1 -0.00585644 -0.000522294
541.71 -0.00805288 1 -0.00592553 -0.00212734
542.16 -0.00672715 1 -0.0059947 -0.00073245
542.62 -0.00839431 1 -0.00606547 -0.00232884
543.07 -0.00706884 1 -0.00613476 -0.000934078
543.52 -0.0077435 1 -0.00620411 -0.00153939
543.98 -0.00841107 1 -0.00627505 -0.00213602
544.43 -0.008086 1 -0.0063445 -0.00174151
544.88 -0.0107611 1 -0.00641398 -0.00434709
545.34 -0.00742906 1 -0.00648504 -0.000944027
545.79 -0.00710441 1 -0.00655457 -0.000549838
546.24 -0.0077799 1 -0.00662413 -0.00115577
546.69 -0.00545553 1 -0.0066937 0.00123817
547.15 -0.00712411 1 -0.00676482 -0.000359286
547.6 -0.00880003 1 -0.0068344 -0.00196564
548.05 -0.0064761 1 -0.00690396 0.000427861
548.51 -0.00914513 1 -0.00697506 -0.00217007
548.96 -0.0098215 1 -0.0070446 -0.00277691
549.41 -0.00649802 1 -0.0071141 0.000616078
549.86 -0.0091747 1 -0.00718358 -0.00199113
550.32 -0.00884435 1 -0.00725455 -0.0015898
550.77 -0.00752134 1 -0.00732394 -0.000197405
551.22 -0.00819849 1 -0.00739327 -0.00080522
551.68 -0.00886863 1 -0.00746408 -0.00140455
552.13 -0.0105461 1 -0.00753328 -0.00301281
552.58 -0.0132237 1 -0.00760241 -0.00562132
553.03 -0.00890153 1 -0.00767146 -0.00123006
553.49 -0.00757233 1 -0.00774196 0.000169624
553.94 -0.0102505 1 -0.00781082 -0.00243964
554.39 -0.00892876 1 -0.00787958 -0.00104918
554.84 -0.00960723 1 -0.00794824 -0.00165899
555.3 -0.00927873 1 -0.0080183 -0.00126043
555.75 -0.00895754 1 -0.00808671 -0.000870834
556.2 -0.00963653 1 -0.00815499 -0.00148154
556.65 -0.0083157 1 -0.00822314 -9.25582e-05
557.11 -0.00898792 1 -0.00829265 -0.000695264
557.56 -0.00966744 1 -0.0083605 -0.00130694
558.01 -0.00734714 1 -0.00842819 0.00108104
558.46 -0.00702703 1 -0.00849571 0.00146868
558.92 -0.0107 1 -0.00856456 -0.00213543
559.37 -0.0103802 1 -0.00863172 -0.00174852
559.82 -0.0100607 1 -0.0086987 -0.00136199
560.27 -0.0117413 1 -0.00876549 -0.00297583
560.72 -0.0104221 1 -0.00883207 -0.00159007
561.18 -0.0100961 1 -0.00889992 -0.00119615
561.63 -0.00777727 1 -0.00896607 0.0011888
562.08 -0.0124587 1 -0.009032 -0.00342667
562.53 -0.00814027 1 -0.0090977 0.000957432
562.99 -0.00881499 1 -0.00916461 0.000349621
563.44 -0.00949698 1 -0.00922982 -0.000267164
563.89 -0.0111792 1 -0.00929477 -0.0018844
564.34 -0.00886157 1 -0.00935947 0.000497899
564.79 -0.00954417 1 -0.0094239 -0.00012027
565.25 -0.0102199 1 -0.00948947 -0.000730449
565.7 -0.0119029 1 -0.00955334 -0.0023496
566.15 -0.0115862 1 -0.00961691 -0.00196924
566.6 -0.0122696 1 -0.00968019 -0.00258939
567.05 -0.00995321 1 -0.00974316 -0.000210051
567.5 -0.00963706 1 -0.00980583 0.000168762
567.96 -0.0113141 1 -0.00986955 -0.00144456
568.41 -0.00899839 1 -0.00993156 0.000933174
568.86 -0.0116829 1 -0.00999324 -0.00168965
569.31 -0.0133676 1 -0.0100546 -0.00331302
569.76 -0.0120525 1 -0.0101156 -0.00193697
570.21 -0.0117377 1 -0.0101762 -0.00156149
570.67 -0.00941608 1 -0.0102378 0.00082173
571.12 -0.0101017 1 -0.0102977 0.000196019
571.57 -0.0107875 1 -0.0103572 -0.000430294
572.02 -0.0114736 1 -0.0104164 -0.00105722
572.47 -0.0101599 1 -0.0104751 0.000315241
572.92 -0.0128464 1 -0.0105334 -0.00231293
573.37 -0.0105331 1 -0.0105914 5.82664e-05
573.83 -0.0112131 1 -0.0106502 -0.000562957
574.28 -0.00990036 1 -0.0107073 0.000806926
574.73 -0.0125878 1 -0.010764 -0.00182385
575.18 -0.0122755 1 -0.0108202 -0.0014553
575.63 -0.00996343 1 -0.010876 0.000912568
576.08 -0.0126516 1 -0.0109314 -0.00172025
576.53 -0.01234 1 -0.0109863 -0.00135376
576.98 -0.0110287 1 -0.0110407 1.20295e-05
577.44 -0.0147107 1 -0.0110959 -0.00361479
577.89 -0.0113998 1 -0.0111494 -0.000250453
578.34 -0.0130892 1 -0.0112024 -0.00188684
578.79 -0.0137789 1 -0.0112549 -0.00252397
579.24 -0.0124688 1 -0.0113069 -0.00116184
579.69 -0.0121589 1 -0.0113584 -0.000800463
580.14 -0.0158493 1 -0.0114095 -0.00443985
580.59 -0.01554 1 -0.01146 -0.00408
581.04 -0.0142309 1 -0.01151 -0.00272093
581.49 -0.0139221 1 -0.0115594 -0.00236264
581.95 -0.0126066 1 -0.0116094 -0.000997212
582.4 -0.0142983 1 -0.0116578 -0.00264054
582.85 -0.0139903 1 -0.0117056 -0.00228467
583.3 -0.0166825 1 -0.0117529 -0.00492961
583.75 -0.014375 1 -0.0117996 -0.00257538
584.2 -0.0130678 1 -0.0118458 -0.00122198
584.65 -0.0137608 1 -0.0118914 -0.00186942
585.1 -0.0144541 1 -0.0119364 -0.0025177
585.55 -0.0121477 1 -0.0119809 -0.000166834
586 -0.0138415 1 -0.0120247 -0.00181683
586.45 -0.0135357 1 -0.012068 -0.00146769
586.9 -0.01223 1 -0.0121106 -0.000119426
587.35 -0.0139247 1 -0.0121527 -0.00177204
587.8 -0.0136197 1 -0.0121941 -0.00142555
588.25 -0.0133149 1 -0.012235 -0.00107995
588.71 -0.0130037 1 -0.0122761 -0.000727602
589.16 -0.0136995 1 -0.0123156 -0.00138383
589.61 -0.0133956 1 -0.0123546 -0.00104098
590.06 -0.0140919 1 -0.0123929 -0.00169905
590.51 -0.0117886 1 -0.0124305 0.000641951
590.96 -0.0124856 1 -0.0124676 -1.79834e-05
591.41 -0.0141828 1 -0.0125039 -0.00167886
591.86 -0.0118803 1 -0.0125397 0.000659317
592.31 -0.0135782 1 -0.0125747 -0.00100346
592.76 -0.0122763 1 -0.0126091 0.000332799
593.21 -0.0119747 1 -0.0126428 0.000668093
593.66 -0.0106735 1 -0.0126759 0.00200241
594.11 -0.0113725 1 -0.0127082 0.00133576
594.56 -0.0130718 1 -0.0127399 -0.000331884
595.01 -0.0147714 1 -0.0127709 -0.00200052
595.46 -0.0144714 1 -0.0128012 -0.00167014
595.91 -0.0131716 1 -0.0128308 -0.000340772
596.36 -0.0128722 1 -0.0128598 -1.24081e-05
596.81 -0.013573 1 -0.012888 -0.000685056
597.26 -0.0122742 1 -0.0129155 0.000641277
597.71 -0.0119757 1 -0.0129423 0.000966589
598.16 -0.0126775 1 -0.0129683 0.000290872
598.61 -0.0123796 1 -0.0129937 0.000614122
599.06 -0.012082 1 -0.0130183 0.000936334
599.51 -0.0127848 1 -0.0130423 0.000257503
599.96 -0.0124878 1 -0.0130654 0.000577625
600.41 -0.0111912 1 -0.0130879 0.00189669
600.86 -0.0118949 1 -0.0131096 0.00121471
601.31 -0.0125989 1 -0.0131306 0.000531658
601.76 -0.0123033 1 -0.0131508 0.000847544
602.21 -0.011008 1 -0.0131704 0.00216236
602.65 -0.0117196 1 -0.0131887 0.00146914
603.1 -0.0124249 1 -0.0132067 0.000781828
603.55 -0.0141306 1 -0.013224 -0.000906566
604 -0.0108366 1 -0.0132405 0.00240395
604.45 -0.0115429 1 -0.0132563 0.00171338
604.9 -0.0122496 1 -0.0132713 0.00102172
605.35 -0.0139566 1 -0.0132856 -0.00067104
605.8 -0.0126639 1 -0.013299 0.0006351
606.25 -0.0113716 1 -0.0133118 0.00194014
606.7 -0.0110797 1 -0.0133237 0.00224406
607.15 -0.012788 1 -0.0133349 0.000546884
607.6 -0.0134968 1 -0.0133454 -0.00015141
608.05 -0.0132058 1 -0.013355 0.000149179
608.5 -0.0109152 1 -0.0133639 0.00244865
608.95 -0.013625 1 -0.013372 -0.000253
609.39 -0.0103416 1 -0.0133792 0.00303763
609.84 -0.013052 1 -0.0133858 0.000333755
610.29 -0.0127628 1 -0.0133916 0.00062875
610.74 -0.011474 1 -0.0133966 0.00192261
611.19 -0.0131856 1 -0.0134009 0.000215342
611.64 -0.0108974 1 -0.0134044 0.00250694
612.09 -0.0126097 1 -0.0134071 0.000797392
612.54 -0.0123223 1 -0.013409 0.00108671
612.99 -0.0120353 1 -0.0134102 0.00137488
613.44 -0.0157486 1 -0.0134105 -0.00233808
613.88 -0.0114687 1 -0.0134101 0.00194146
614.33 -0.0121827 1 -0.013409 0.00122623
614.78 -0.0128972 1 -0.013407 0.000509851
615.23 -0.014612 1 -0.0134043 -0.00120768
615.68 -0.0113271 1 -0.0134008 0.00207365
616.13 -0.0120427 1 -0.0133965 0.00135382
616.58 -0.0127586 1 -0.0133914 0.000632837
617.03 -0.0124749 1 -0.0133856 0.000910704
617.47 -0.0111979 1 -0.0133792 0.00218128
617.92 -0.00991493 1 -0.0133718 0.00345687
618.37 -0.0126324 1 -0.0133637 0.000731302
618.82 -0.0103502 1 -0.0133548 0.00300458
619.27 -0.0110684 1 -0.0133451 0.0022767
619.72 -0.011787 1 -0.0133346 0.00154767
620.17 -0.0145059 1 -0.0133234 -0.00118251
620.61 -0.0132315 1 -0.0133117 8.01872e-05
621.06 -0.0139512 1 -0.013299 -0.000652283
621.51 -0.0126714 1 -0.0132855 0.000614092
621.96 -0.0153919 1 -0.0132712 -0.00212069
622.41 -0.0101128 1 -0.0132562 0.00314338
622.86 -0.0128341 1 -0.0132404 0.000406295
623.3 -0.012562 1 -0.0132243 0.000662253
623.75 -0.0132841 1 -0.013207 -7.71116e-05
624.2 -0.0130066 1 -0.013189 0.000182373
624.65 -0.0137295 1 -0.0131702 -0.000559292
625.1 -0.0104528 1 -0.0131507 0.00269789
625.54 -0.0121827 1 -0.0131309 0.000948256
625.99 -0.0129068 1 -0.01311 0.000203174
626.44 -0.0116313 1 -0.0130883 0.00145695
626.89 -0.0123562 1 -0.0130658 0.000709576
627.34 -0.00908158 1 -0.0130426 0.00396106
627.78 -0.0128134 1 -0.0130193 0.000205859
628.23 -0.0105396 1 -0.0129947 0.00245509
628.68 -0.0112662 1 -0.0129693 0.00170319
629.13 -0.0119931 1 -0.0129433 0.000950151
629.58 -0.0107205 1 -0.0129165 0.00219598
630.02 -0.0104544 1 -0.0128897 0.00243525
630.47 -0.0121827 1 -0.0128615 0.000678848
630.92 -0.0129113 1 -0.0128326 -7.86833e-05
631.37 -0.0116404 1 -0.0128031 0.00116266
631.81 -0.0103759 1 -0.0127735 0.00239756
632.26 -0.0121058 1 -0.0127425 0.000636689
632.71 -0.0118362 1 -0.0127109 0.000874702
633.16 -0.010567 1 -0.0126786 0.0021116
633.61 -0.0122982 1 -0.0126456 0.000347392
634.05 -0.0150358 1 -0.0126127 -0.00242313
634.5 -0.0127679 1 -0.0125784 -0.000189527
634.95 -0.0105004 1 -0.0125434 0.00204297
635.4 -0.0102334 1 -0.0125077 0.00227438
635.84 -0.0109727 1 -0.0124723 0.00149958
636.29 -0.0107065 1 -0.0124353 0.00172881
636.74 -0.0114408 1 -0.0123977 0.000956965
637.18 -0.0101814 1 -0.0123604 0.002179
637.63 -0.00991651 1 -0.0123215 0.002405
638.08 -0.0126521 1 -0.012282 -0.000370066
638.53 -0.0133881 1 -0.0122419 -0.00114621
638.97 -0.0111305 1 -0.0122021 0.00107164
639.42 -0.0108674 1 -0.0121608 0.00129338
639.87 -0.0106048 1 -0.0121188 0.00151406
640.32 -0.0133426 1 -0.0120763 -0.00126632
640.76 -0.0120867 1 -0.0120341 -5.26008e-05
641.21 -0.0108255 1 -0.0119904 0.00116494
641.66 -0.00956466 1 -0.0119461 0.00238143
642.1 -0.0113101 1 -0.0119022 0.000592104
642.55 -0.0110502 1 -0.0118567 0.000806539
643 -0.0107908 1 -0.0118107 0.00101994
643.44 -0.0115376 1 -0.0117652 0.000227605
643.89 -0.0102791 1 -0.011718 0.00143898
644.34 -0.010021 1 -0.0116703 0.00164933
644.79 -0.00976345 1 -0.0116221 0.00185866
645.23 -0.0115121 1 -0.0115744 6.23654e-05
645.68 -0.0102554 1 -0.0115251 0.00126971
646.13 -0.0109992 1 -0.0114753 0.000476044
646.57 -0.0117492 1 -0.0114261 -0.000323167
647.02 -0.011494 1 -0.0113752 -0.000118795
647.47 -0.00723926 1 -0.0113239 0.00408459
647.91 -0.0109906 1 -0.0112731 0.000282505
648.36 -0.00973684 1 -0.0112208 0.00148395
648.81 -0.00848353 1 -0.011168 0.00268443
649.25 -0.0122363 1 -0.0111158 -0.00112049
649.7 -0.010984 1 -0.011062 7.80821e-05
650.15 -0.0117321 1 -0.0110078 -0.000724306
650.59 -0.0104863 1 -0.0109543 0.000467994
651.04 -0.0102354 1 -0.0108991 0.000663729
651.48 -0.00799054 1 -0.0108447 0.0028542
651.93 -0.00874061 1 -0.0107887 0.00204808
652.38 -0.0114912 1 -0.0107322 -0.000758967
652.82 -0.0102478 1 -0.0106766 0.0004288
653.27 -0.0109993 1 -0.0106192 -0.000380076
653.72 -0.00775136 1 -0.0105615 0.00281014
654.16 -0.0105094 1 -0.0105046 -4.75934e-06
654.61 -0.00726243 1 -0.0104461 0.00318366
655.06 -0.010016 1 -0.0103872 0.000371181
655.5 -0.00977548 1 -0.0103292 0.000553673
655.95 -0.01053 1 -0.0102695 -0.000260564
656.39 -0.0142905 1 -0.0102107 -0.00407978
656.84 -0.0130461 1 -0.0101503 -0.00289576
657.29 -0.00880211 1 -0.0100895 0.0012874
657.73 -0.0105641 1 -0.0100297 -0.000534349
658.18 -0.0103212 1 -0.00996826 -0.000352896
658.62 -0.00808413 1 -0.00990783 0.0018237
659.07 -0.00884222 1 -0.00984569 0.00100347
659.52 -0.00760083 1 -0.00978323 0.0021824
659.96 -0.0093653 1 -0.00972185 0.000356548
660.41 -0.00712494 1 -0.00965877 0.00253383
660.85 -0.0108904 1 -0.00959681 -0.00129362
661.3 -0.0086511 1 -0.00953314 0.000882037
661.74 -0.0074176 1 -0.00947061 0.00205301
662.19 -0.0101793 1 -0.00940638 -0.000772938
662.64 -0.00894156 1 -0.00934188 0.000400317
663.08 -0.0087096 1 -0.00927855 0.000568953
663.53 -0.00847289 1 -0.00921353 0.00074064
663.97 -0.00924196 1 -0.00914972 -9.2246e-05
664.42 -0.00800631 1 -0.00908421 0.0010779
664.86 -0.00677641 1 -0.00901992 0.00224351
665.31 -0.00854182 1 -0.00895395 0.000412129
665.75 -0.00731297 1 -0.00888923 0.00157627
666.2 -0.00807945 1 -0.00882283 0.000743385
666.65 -0.00884646 1 -0.00875622 -9.02459e-05
667.09 -0.00861919 1 -0.00869089 7.17068e-05
667.54 -0.00638728 1 -0.00862389 0.00223661
667.98 -0.00916106 1 -0.0085582 -0.00060286
668.43 -0.00893024 1 -0.00849084 -0.000439401
668.87 -0.00770507 1 -0.0084248 0.000719729
669.32 -0.00847534 1 -0.00835711 -0.000118234
669.76 -0.00925124 1 -0.00829076 -0.000960484
670.21 -0.0050226 1 -0.00822276 0.00320015
670.65 -0.00879958 1 -0.00815613 -0.000643453
671.1 -0.00957204 1 -0.00808784 -0.00148419
671.54 -0.00735009 1 -0.00802096 0.000670864
671.99 -0.00812365 1 -0.00795242 -0.000171231
672.43 -0.00890279 1 -0.0078853 -0.00101749
672.88 -0.00767747 1 -0.00781655 0.000139081
673.32 -0.0074577 1 -0.00774922 0.000291528
673.77 -0.00923349 1 -0.00768027 -0.00155321
674.21 -0.0100148 1 -0.00761277 -0.00240204
674.66 -0.00979173 1 -0.00754365 -0.00224807
675.1 -0.00857415 1 -0.007476 -0.00109815
675.55 -0.00835219 1 -0.00740674 -0.000945455
675.99 -0.00613572 1 -0.00733896 0.00120323
676.44 -0.0089149 1 -0.00726958 -0.00164532
676.88 -0.00869955 1 -0.0072017 -0.00149784
677.33 -0.00747986 1 -0.00713224 -0.000347625
677.77 -0.00726563 1 -0.00706429 -0.000201339
678.22 -0.00904709 1 -0.00699476 -0.00205233
678.66 -0.00783398 1 -0.00692676 -0.000907219
679.11 -0.00961659 1 -0.00685719 -0.0027594
679.55 -0.00540461 1 -0.00678917 0.00138456
679.99 -0.00719318 1 -0.00672114 -0.000472047
680.44 -0.00497753 1 -0.00665157 0.00167403
680.88 -0.00776725 1 -0.00658355 -0.0011837
681.33 -0.00855277 1 -0.006514 -0.00203876
681.77 -0.00834362 1 -0.00644602 -0.0018976
682.22 -0.00513031 1 -0.00637653 0.00124621
682.66 -0.00692232 1 -0.00630861 -0.000613713
683.11 -0.00671019 1 -0.00623919 -0.000471004
683.55 -0.00950335 1 -0.00617135 -0.003332
683.99 -0.00629709 1 -0.00610357 -0.00019352
684.44 -0.00708673 1 -0.0060343 -0.00105243
684.88 -0.00788163 1 -0.00596663 -0.00191499
685.33 -0.00567246 1 -0.0058975 0.000225037
685.77 -0.00746853 1 -0.00582998 -0.00163856
686.21 -0.00826518 1 -0.00576253 -0.00250265
686.66 -0.00705781 1 -0.00569364 -0.00136417
687.1 -0.00785564 1 -0.00562636 -0.00222927
687.55 -0.00764947 1 -0.00555766 -0.00209182
687.99 -0.00544849 1 -0.00549058 4.20958e-05
688.44 -0.00424354 1 -0.00542209 0.00117855
688.88 -0.00704374 1 -0.00535523 -0.00168851
689.32 -0.00484453 1 -0.00528848 0.000443953
689.77 -0.00664141 1 -0.00522034 -0.00142106
690.21 -0.00744339 1 -0.00515384 -0.00228955
690.65 -0.00624598 1 -0.00508748 -0.0011585
691.1 -0.00604469 1 -0.00501974 -0.00102496
691.54 -0.00684848 1 -0.00495365 -0.00189484
691.99 -0.00664843 1 -0.0048862 -0.00176223
692.43 -0.00745344 1 -0.0048204 -0.00263303
692.87 -0.00725904 1 -0.00475476 -0.00250428
693.32 -0.00306085 1 -0.00468779 0.00162694
693.76 -0.00586768 1 -0.00462247 -0.00124521
694.2 -0.00567511 1 -0.00455732 -0.00111779
694.65 -0.0064788 1 -0.00449087 -0.00198793
695.09 -0.00528746 1 -0.00442606 -0.000861392
695.53 -0.00709673 1 -0.00436144 -0.00273528
695.98 -0.0069023 1 -0.00429555 -0.00260675
696.42 -0.00471281 1 -0.0042313 -0.000481506
696.86 -0.00552393 1 -0.00416725 -0.00135668
697.31 -0.0053314 1 -0.00410195 -0.00122945
697.75 -0.00614377 1 -0.0040383 -0.00210547
698.19 -0.00695676 1 -0.00397485 -0.00298191
698.64 -0.00676614 1 -0.00391018 -0.00285596
699.08 -0.00358039 1 -0.00384716 0.000266776
699.52 -0.00839525 1 -0.00378436 -0.0046109
699.97 -0.00420656 1 -0.00372035 -0.000486206
700.41 -0.00502269 1 -0.003658 -0.00136469
700.85 -0.00483945 1 -0.00359587 -0.00124358
701.3 -0.00665269 1 -0.00353257 -0.00312013
701.74 -0.00447073 1 -0.00347091 -0.000999819
702.18 -0.00628939 1 -0.00340948 -0.0028799
702.63 -0.00610458 1 -0.00334691 -0.00275767
703.07 -0.00392453 1 -0.00328598 -0.000638547
703.51 -0.00574511 1 -0.00322529 -0.00251981
703.96 -0.00656227 1 -0.00316349 -0.00339878
704.4 -0.00538414 1 -0.00310331 -0.00228083
704.84 -0.00420664 1 -0.00304339 -0.00116326
705.28 -0.00502979 1 -0.00298373 -0.00204607
705.73 -0.00384959 1 -0.00292298 -0.000926609
706.17 -0.00367404 1 -0.00286385 -0.000810189
706.61 -0.00649913 1 -0.00280499 -0.00369415
707.06 -0.00632092 1 -0.00274507 -0.00357586
707.5 -0.00614733 1 -0.00268675 -0.00346058
707.94 -0.00497438 1 -0.00262871 -0.00234567
708.38 -0.00480209 1 -0.00257095 -0.00223114
708.83 -0.00262656 1 -0.00251217 -0.000114383
709.27 -0.00345558 1 -0.00245498 -0.0010006
709.71 -0.00328526 1 -0.00239808 -0.000887188
710.15 -0.0031156 1 -0.00234146 -0.000774145
710.6 -0.00494277 1 -0.00228385 -0.00265891
711.04 -0.00477444 1 -0.00222782 -0.00254661
711.48 -0.00160677 1 -0.00217209 0.000565317
711.92 -0.00343977 1 -0.00211665 -0.00132312
712.37 -0.00426965 1 -0.00206026 -0.00220939
712.81 -0.00210399 1 -0.00200542 -9.85692e-05
713.25 -0.00493899 1 -0.00195089 -0.00298811
713.69 -0.00277467 1 -0.00189665 -0.000878012
714.13 -0.00161101 1 -0.00184273 0.00023172
714.58 -0.00144432 1 -0.00178789 0.00034357
715.02 -0.000282024 1 -0.00173459 0.00145257
715.46 -0.0031204 1 -0.0016816 -0.0014388
715.9 -0.00395945 1 -0.00162892 -0.00233053
716.35 -0.00679554 1 -0.00157536 -0.00522018
716.79 -0.00263595 1 -0.00152331 -0.00111264
717.23 -0.00147705 1 -0.00147158 -5.4713e-06
717.67 -0.00231883 1 -0.00142016 -0.000898664
718.11 -0.00216129 1 -0.00136907 -0.00079222
718.56 -0.00200087 1 -0.00131714 -0.000683734
719 -0.00284472 1 -0.00126669 -0.00157803
719.44 -0.000689247 1 -0.00121656 0.000527315
719.88 -0.00353446 1 -0.00116676 -0.00236771
720.32 -0.00338037 1 -0.00111727 -0.0022631
720.76 0.000773033 1 -0.00106812 0.00184115
721.21 -0.00307079 1 -0.00101818 -0.00205261
721.65 -0.00191879 1 -0.00096968 -0.00094911
722.09 -0.000767482 1 -0.000921508 0.000154026
722.53 -0.00061687 1 -0.000873663 0.000256793
722.97 -0.00146696 1 -0.000826147 -0.000640809
723.41 -0.00231774 1 -0.000778959 -0.00153878
723.86 0.000834143 1 -0.000731039 0.00156518
724.3 -0.00101806 1 -0.000684518 -0.000333541
724.74 0.00112904 1 -0.000638327 0.00176736
725.18 0.00127543 1 -0.000592467 0.00186789
725.62 -0.00157889 1 -0.000546937 -0.00103195
726.06 0.000566088 1 -0.000501739 0.00106783
726.5 -0.000289644 1 -0.000456872 0.000167229
726.95 -0.00114283 1 -0.000411329 -0.000731502
727.39 0 1 -0.000367134 0.000367134
727.83 -0.000857881 1 -0.00032327 -0.000534611
728.27 0.00028353 1 -0.000279739 0.000563268
728.71 -0.000575763 1 -0.000236539 -0.000339224
729.15 0.00256425 1 -0.000193672 0.00275792
729.59 0.00070356 1 -0.000151137 0.000854697
730.03 -0.00215781 1 -0.000108933 -0.00204888
730.48 -1.67454e-05 1 -6.6114e-05 4.93686e-05
730.92 -0.000879499 1 -2.45815e-05 -0.000854917
731.36 0.00125707 1 1.66197e-05 0.00124045
731.8 0.00139297 1 5.74898e-05 0.00133548
732.24 0.00252821 1 9.80292e-05 0.00243018
732.68 0.000662787 1 0.000138238 0.000524549
733.12 -0.000203292 1 0.000178117 -0.000381409
733.56 -7.00224e-05 1 0.000217667 -0.000287689
734 0.0010626 1 0.000256887 0.000805714
734.44 0.00319458 1 0.000295779 0.0028988
734.89 0.00232891 1 0.000335215 0.00199369
735.33 0.000459606 1 0.000373444 8.61621e-05
735.77 0.00458968 1 0.000411346 0.00417833
736.21 0.00171913 1 0.000448922 0.00127021
736.65 0.00184796 1 0.000486172 0.00136179
737.09 0.00497618 1 0.000523098 0.00445308
737.53 0.00510379 1 0.000559699 0.0045441
737.97 0.0052308 1 0.000595978 0.00463483
738.41 0.00535721 1 0.000631933 0.00472528
738.85 0.00548303 1 0.000667568 0.00481546
739.29 0.00660826 1 0.000702881 0.00590538
739.73 0.0037329 1 0.000737875 0.00299503
740.17 0.00485697 1 0.00077255 0.00408442
740.61 0.00498046 1 0.000806908 0.00417355
741.05 0.00310338 1 0.000840948 0.00226243
741.49 0.00522574 1 0.000874673 0.00435106
741.93 0.00334753 1 0.000908083 0.00243945
742.37 0.000468771 1 0.000941179 -0.000472408
742.81 0.00258946 1 0.000973963 0.0016155
743.26 0.00271233 1 0.00100717 0.00170516
743.7 0.00383192 1 0.00103932 0.00279259
744.14 0.00595097 1 0.00107117 0.0048798
744.58 0.00306949 1 0.00110271 0.00196678
745.02 0.00618749 1 0.00113394 0.00505355
745.46 0.00330496 1 0.00116487 0.00214009
745.9 0.00342192 1 0.00119549 0.00222642
746.34 0.00353836 1 0.00122581 0.00231255
746.78 0.00465429 1 0.00125583 0.00339846
747.22 0.00576973 1 0.00128555 0.00448418
747.66 0.00588466 1 0.00131497 0.00456969
748.1 0.0039991 1 0.00134409 0.00265501
748.54 0.00411305 1 0.00137292 0.00274013
748.98 0.00222652 1 0.00140145 0.000825068
749.42 0.00333951 1 0.00142969 0.00190982
749.86 0.00545202 1 0.00145764 0.00399438
750.29 0.00456153 1 0.00148468 0.00307685
750.73 0.00167312 1 0.00151205 0.000161064
751.17 0.00378425 1 0.00153914 0.0022451
751.61 0.00189492 1 0.00156595 0.000328973
752.05 0.00500515 1 0.00159247 0.00341268
752.49 0.00311492 1 0.00161871 0.00149621
752.93 -0.000775739 1 0.00164467 -0.00242041
753.37 0.00333316 1 0.00167035 0.00166281
753.81 0.00244163 1 0.00169575 0.000745878
754.25 0.00354967 1 0.00172088 0.00182879
754.69 0.00265729 1 0.00174573 0.000911559
755.13 0.00176449 1 0.00177031 -5.819e-06
755.57 0.00187128 1 0.00179462 7.66606e-05
756.01 0.00397767 1 0.00181866 0.002159
756.45 0.00508365 1 0.00184244 0.00324121
756.89 0.00118923 1 0.00186595 -0.000676722
757.33 0.00429441 1 0.00188919 0.00240522
757.77 0.00539921 1 0.00191217 0.00348704
758.21 0.00150363 1 0.0019349 -0.000431271
758.64 0.0006053 1 0.00195685 -0.00135155
759.08 0.00170897 1 0.00197907 -0.000270096
759.52 0.00381227 1 0.00200102 0.00181125
759.96 0.0049152 1 0.00202273 0.00289248
760.4 0.00301778 1 0.00204418 0.000973597
760.84 0.000119995 1 0.00206538 -0.00194539
761.28 0.00122186 1 0.00208634 -0.000864475
761.72 0.00632338 1 0.00210705 0.00421634
762.16 0.00442456 1 0.00212751 0.00229705
762.6 0.00152541 1 0.00214773 -0.000622325
763.03 0.000623639 1 0.00216726 -0.00154362
763.47 0.00272383 1 0.00218701 0.000536821
763.91 0.000823702 1 0.00220652 -0.00138282
764.35 0.00192325 1 0.0022258 -0.000302542
764.79 2.24941e-05 1 0.00224484 -0.00222234
765.23 0.00112143 1 0.00226365 -0.00114222
765.67 0.000220055 1 0.00228223 -0.00206218
766.11 -0.000681615 1 0.00230058 -0.0029822
766.54 -0.0015858 1 0.0023183 -0.0039041
766.98 0.00251195 1 0.00233621 0.000175742
767.42 0.00360942 1 0.00235389 0.00125553
767.86 0.00070661 1 0.00237136 -0.00166475
768.3 0.00280353 1 0.0023886 0.000414922
768.74 0.00390017 1 0.00240563 0.00149454
769.17 0.00299436 1 0.00242207 0.000572296
769.61 0.00209049 1 0.00243867 -0.000348185
770.05 0.00118636 1 0.00245507 -0.00126871
770.49 0.00328198 1 0.00247125 0.000810724
770.93 0.00537735 1 0.00248723 0.00289012
771.37 0.00047248 1 0.002503 -0.00203052
771.8 0.00056522 1 0.00251822 -0.001953
772.24 0.00265989 1 0.00253359 0.000126299
772.68 -0.000245673 1 0.00254876 -0.00279443
773.12 0.00184854 1 0.00256373 -0.000715186
773.56 0.000942543 1 0.0025785 -0.00163596
774 -0.00096367 1 0.00259308 -0.00355675
774.43 0.000127783 1 0.00260715 -0.00247936
774.87 0.00122116 1 0.00262135 -0.00140018
775.31 0.00131434 1 0.00263536 -0.00132101
775.75 0.00140733 1 0.00264918 -0.00124185
776.19 0.00250013 1 0.00266282 -0.000162693
776.62 0.00159063 1 0.00267597 -0.00108533
777.06 0.00268307 1 0.00268924 -6.17231e-06
777.5 0.000775332 1 0.00270234 -0.00192701
777.94 0.000867423 1 0.00271525 -0.00184783
778.37 -0.00104274 1 0.00272771 -0.00377045
778.81 0.00104903 1 0.00274028 -0.00169125
779.25 0.00014064 1 0.00275267 -0.00261203
779.69 0.0012321 1 0.00276489 -0.00153279
780.13 0.00132341 1 0.00277695 -0.00145353
780.56 0.00141251 1 0.00278857 -0.00137605
781 0.00150355 1 0.00280029 -0.00129674
781.44 0.00259446 1 0.00281185 -0.000217391
781.88 0.00168523 1 0.00282324 -0.00113801
782.31 0.000773829 1 0.00283423 -0.0020604
782.75 0.000864368 1 0.0028453 -0.00198094
783.19 0.00395479 1 0.00285623 0.00109857
783.63 -0.000954891 1 0.00286699 -0.00382188
784.06 0.000133272 1 0.00287736 -0.00274409
784.5 0.00122339 1 0.00288782 -0.00166444
784.94 -0.000686592 1 0.00289813 -0.00358473
785.37 0.0024013 1 0.00290807 -0.000506771
785.81 0.00449114 1 0.00291808 0.00157306
786.25 0.00258091 1 0.00292795 -0.000347044
786.69 0.0016706 1 0.00293768 -0.00126708
787.12 0.000758185 1 0.00294705 -0.00218886
787.56 0.00184774 1 0.00295649 -0.00110875
788 0.00593724 1 0.0029658 0.00297144
788.43 0.00502464 1 0.00297476 0.00204988
788.87 0.00111403 1 0.00298379 -0.00186977
789.31 0.00120337 1 0.00299269 -0.00178933
789.75 0.00129266 1 0.00300146 -0.0017088
790.18 -0.000620106 1 0.0030099 -0.00363
790.62 0.00246912 1 0.00301841 -0.000549285
791.06 -0.00144168 1 0.00302678 -0.00446847
791.49 -0.000354533 1 0.00303485 -0.00338938
791.93 0.000734623 1 0.00304298 -0.00230835
792.37 0.00582377 1 0.00305098 0.00277278
792.8 -8.9128e-05 1 0.00305869 -0.00314781
793.24 0 1 0.00306645 -0.00306645
793.68 0.00208913 1 0.00307409 -0.000984964
794.11 0.00317623 1 0.00308145 9.47874e-05
794.55 0.00126538 1 0.00308886 -0.00182348
794.99 0.00335453 1 0.00309615 0.000258379
795.42 0.00444168 1 0.00310317 0.00133851
795.86 0.00453088 1 0.00311025 0.00142063
796.3 -0.00137989 1 0.00311721 -0.0044971
796.73 0.00170734 1 0.0031239 -0.00141657
797.17 0.00179663 1 0.00313065 -0.00133401
797.61 0.000885973 1 0.00313729 -0.00225131
798.04 -0.00202667 1 0.00314367 -0.00517034
798.48 0.00106276 1 0.0031501 -0.00208734
798.91 0.00115022 1 0.00315629 -0.00200606
799.35 -0.000760221 1 0.00316251 -0.00392274
799.79 0.0063294 1 0.00316864 0.00316076
800.22 0.00141705 1 0.00317454 -0.00175748
800.66 -0.00249318 1 0.00318047 -0.00567365
801.1 -0.000403338 1 0.00318631 -0.00358964
