500.34 0.0046128 1 -0.00122478 0.00583758
500.8 0.00395702 1 -0.00125731 0.00521433
501.25 0.00429376 1 -0.00128979 0.00558355
501.71 0.00163799 1 -0.00132367 0.00296166
502.17 0.00298223 1 -0.00135825 0.00434048
502.62 0.00331899 1 -0.00139276 0.00471175
503.08 0.00166324 1 -0.00142874 0.00309197
503.53 0 1 -0.00146463 0.00146463
503.99 0.00134425 1 -0.00150204 0.00284629
504.44 0.00368101 1 -0.00153935 0.00522036
504.9 0.00202525 1 -0.00157823 0.00360348
505.36 0.00236949 1 -0.00161785 0.00398734
505.81 0.00170624 1 -0.00165735 0.00336359
506.27 0.00205046 1 -0.00169848 0.00374894
506.72 0.0013872 1 -0.00173946 0.00312665
507.18 0.000731398 1 -0.00178212 0.00251352
507.63 -0.000931895 1 -0.00182462 0.000892726
508.09 0.00141228 1 -0.00186884 0.00328113
508.54 0.000748958 1 -0.00191288 0.00266184
509 9.31e-05 1 -0.00195869 0.00205179
509.45 0.000429741 1 -0.00200429 0.00243403
509.91 -0.000226157 1 -0.00205171 0.00182555
510.36 -0.000889558 1 -0.00209889 0.00120933
510.82 -0.000545503 1 -0.00214794 0.00160244
511.27 -0.000208953 1 -0.00219673 0.00198778
511.73 0.000135049 1 -0.00224743 0.00238248
512.19 -0.00252098 1 -0.00229897 -0.000222007
512.64 -0.00218451 1 -0.00235021 0.000165698
513.1 -0.0028406 1 -0.00240343 -0.000437172
513.55 -0.0015042 1 -0.00245632 0.000952118
514.01 -0.00316036 1 -0.00251123 -0.000649129
514.46 -0.000824034 1 -0.00256579 0.00174175
514.92 -0.00248027 1 -0.00262241 0.000142137
515.37 -0.000144016 1 -0.00267863 0.00253462
515.83 -0.00180033 1 -0.00273697 0.000936634
516.28 -0.00346416 1 -0.00279488 -0.000669288
516.73 -0.00412804 1 -0.00285362 -0.00127442
517.19 -0.00278449 1 -0.00291453 0.000130046
517.64 -0.00344846 1 -0.00297497 -0.000473485
518.1 -0.00410501 1 -0.00303762 -0.00106739
518.55 -0.00576907 1 -0.00309975 -0.00266932
519.01 -0.00342573 1 -0.00316413 -0.000261597
519.46 -0.0030899 1 -0.00322796 0.000138059
519.92 -0.00374666 1 -0.00329407 -0.000452595
520.37 -0.00541094 1 -0.00335959 -0.00205136
520.83 -0.00506783 1 -0.00342742 -0.0016404
521.28 -0.00573223 1 -0.00349463 -0.0022376
521.74 -0.00438923 1 -0.00356419 -0.000825047
522.19 -0.00405376 1 -0.00363307 -0.000420689
522.65 -0.00471089 1 -0.00370433 -0.00100656
523.1 -0.00337555 1 -0.00377488 0.000399333
523.55 -0.00504027 1 -0.00384625 -0.00119402
524.01 -0.00269761 1 -0.00392004 0.00122243
524.46 -0.00436248 1 -0.00399304 -0.000369432
524.92 -0.00801996 1 -0.0040685 -0.00395146
525.37 -0.00368497 1 -0.00414313 0.000458155
525.83 -0.00534261 1 -0.00422023 -0.00112238
526.28 -0.00600777 1 -0.00429645 -0.00171132
526.73 -0.00367301 1 -0.00437345 0.000700437
527.19 -0.00333089 1 -0.00445296 0.00112206
527.64 -0.00199629 1 -0.00453151 0.00253522
528.1 -0.00665434 1 -0.00461259 -0.00204176
528.55 -0.00731991 1 -0.00469266 -0.00262725
529.01 -0.00397814 1 -0.00477527 0.000797134
529.46 -0.00464388 1 -0.00485682 0.000212945
529.91 -0.00630971 1 -0.00493909 -0.00137062
530.37 -0.00596821 1 -0.00502392 -0.000944284
530.82 -0.00363422 1 -0.00510761 0.00147339
531.28 -0.00729291 1 -0.00519387 -0.00209904
531.73 -0.00995912 1 -0.00527893 -0.00468018
532.18 -0.00762542 1 -0.00536466 -0.00226076
532.64 -0.0052844 1 -0.00545296 0.000168551
533.09 -0.00995091 1 -0.00553997 -0.00441093
533.54 -0.00761751 1 -0.00562761 -0.00198989
534 -0.00727681 1 -0.00571783 -0.00155898
534.45 -0.00494362 1 -0.00580668 0.00086306
534.91 -0.00560313 1 -0.00589809 0.000294964
535.36 -0.00527016 1 -0.00598809 0.000717936
535.81 -0.00793729 1 -0.00607863 -0.00185866
536.27 -0.00859714 1 -0.00617173 -0.00242541
536.72 -0.0042645 1 -0.00626332 0.00199882
537.17 -0.00793197 1 -0.0063554 -0.00157657
537.63 -0.00859217 1 -0.00645002 -0.00214215
538.08 -0.00925988 1 -0.00654304 -0.00271684
538.54 -0.00692032 1 -0.00663858 -0.000281744
538.99 -0.00758827 1 -0.00673246 -0.000855806
539.44 -0.00525634 1 -0.00682674 0.00157041
539.9 -0.00791715 1 -0.00692351 -0.000993646
540.35 -0.00958547 1 -0.00701853 -0.00256694
540.8 -0.00925391 1 -0.00711388 -0.00214003
541.26 -0.00791512 1 -0.00721168 -0.000703437
541.71 -0.00758382 1 -0.00730765 -0.000276173
542.16 -0.00825265 1 -0.00740388 -0.00084877
542.62 -0.00991426 1 -0.00750251 -0.00241175
543.07 -0.00758336 1 -0.00759922 1.5856e-05
543.52 -0.0072526 1 -0.00769612 0.000443528
543.98 -0.00791462 1 -0.00779536 -0.000119257
544.43 -0.00858413 1 -0.0078926 -0.000691534
544.88 -0.00825379 1 -0.00798996 -0.000263825
545.34 -0.00791624 1 -0.00808959 0.000173348
545.79 -0.00958618 1 -0.00818713 -0.00139905
546.24 -0.00925627 1 -0.00828472 -0.000971544
546.69 -0.0059265 1 -0.00838234 0.00245584
547.15 -0.00958955 1 -0.00848212 -0.00110743
547.6 -0.0102601 1 -0.0085797 -0.00168038
548.05 -0.00693076 1 -0.00867723 0.00174647
548.51 -0.0105943 1 -0.00877684 -0.00181744
548.96 -0.0122653 1 -0.00887418 -0.00339109
549.41 -0.00893641 1 -0.00897138 3.49631e-05
549.86 -0.0106077 1 -0.00906841 -0.0015393
550.32 -0.00727187 1 -0.0091674 0.00189553
550.77 -0.00894349 1 -0.00926401 0.000320518
551.22 -0.00961528 1 -0.00936038 -0.0002549
551.68 -0.0112799 1 -0.0094586 -0.00182134
552.13 -0.0119521 1 -0.00955437 -0.00239768
552.58 -0.0116243 1 -0.00964981 -0.00197452
553.03 -0.0102968 1 -0.00974489 -0.000551887
553.49 -0.00896212 1 -0.00984168 0.000879555
553.94 -0.0126349 1 -0.00993593 -0.00269898
554.39 -0.00930788 1 -0.0100297 0.00072186
554.84 -0.00798101 1 -0.0101231 0.00214205
555.3 -0.0106471 1 -0.0102179 -0.000429131
555.75 -0.0103206 1 -0.0103102 -1.03555e-05
556.2 -0.00899423 1 -0.0104019 0.00140768
556.65 -0.0106681 1 -0.010493 -0.000175068
557.11 -0.00933488 1 -0.0105855 0.00125063
557.56 -0.0110091 1 -0.0106753 -0.000333775
558.01 -0.0096835 1 -0.0107645 0.00108096
558.46 -0.00935809 1 -0.0108529 0.00149479
558.92 -0.0100256 1 -0.0109425 0.000916864
559.37 -0.0107006 1 -0.0110294 0.000328795
559.82 -0.0103758 1 -0.0111155 0.00073974
560.27 -0.0110511 1 -0.0112008 0.000149669
560.72 -0.0117267 1 -0.0112852 -0.000441446
561.18 -0.0103952 1 -0.0113706 0.000975416
561.63 -0.0120712 1 -0.0114533 -0.0006179
562.08 -0.0117473 1 -0.011535 -0.000212347
562.53 -0.0104236 1 -0.0116157 0.00119205
562.99 -0.010093 1 -0.0116972 0.0016042
563.44 -0.00776975 1 -0.0117759 0.00400616
563.89 -0.0124467 1 -0.0118536 -0.000593113
564.34 -0.0101239 1 -0.0119302 0.00180634
564.79 -0.0128012 1 -0.0120057 -0.000795503
565.25 -0.0114717 1 -0.0120818 0.000610136
565.7 -0.0121495 1 -0.012155 5.59391e-06
566.15 -0.0128275 1 -0.0122271 -0.000600321
566.6 -0.0125057 1 -0.012298 -0.000207633
567.05 -0.0111841 1 -0.0123677 0.00118363
567.5 -0.0118628 1 -0.0124362 0.000573454
567.96 -0.0135345 1 -0.0125049 -0.00102958
568.41 -0.0112136 1 -0.0125708 0.00135725
568.86 -0.0108929 1 -0.0126355 0.00174256
569.31 -0.0135725 1 -0.0126988 -0.000873661
569.76 -0.0122522 1 -0.0127608 0.000508562
570.21 -0.0119322 1 -0.0128214 0.000889209
570.67 -0.0116053 1 -0.012882 0.00127666
571.12 -0.0122858 1 -0.0129399 0.000654063
571.57 -0.0129665 1 -0.0129963 2.9829e-05
572.02 -0.0126474 1 -0.0130513 0.000403943
572.47 -0.0133285 1 -0.0131049 -0.000223611
572.92 -0.0110099 1 -0.0131571 0.00214715
573.37 -0.0136915 1 -0.0132078 -0.000483789
573.83 -0.0143663 1 -0.013258 -0.0011083
574.28 -0.0120484 1 -0.0133057 0.00125728
574.73 -0.0127308 1 -0.0133519 0.000621114
575.18 -0.0134134 1 -0.0133966 -1.68053e-05
575.63 -0.0120962 1 -0.0134397 0.00134351
576.08 -0.0137793 1 -0.0134814 -0.000297956
576.53 -0.0134626 1 -0.0135214 5.87912e-05
576.98 -0.0121462 1 -0.01356 0.00141374
577.44 -0.014823 1 -0.0135977 -0.00122529
577.89 -0.0145071 1 -0.0136331 -0.000873996
578.34 -0.0131915 1 -0.0136669 0.000475474
578.79 -0.0148761 1 -0.0136992 -0.00117688
579.24 -0.0145609 1 -0.0137298 -0.000831068
579.69 -0.012246 1 -0.0137589 0.00151291
580.14 -0.0149314 1 -0.0137864 -0.00114495
580.59 -0.015617 1 -0.0138124 -0.00180465
581.04 -0.0143029 1 -0.0138367 -0.000466199
581.49 -0.0149891 1 -0.0138595 -0.00112959
581.95 -0.0146686 1 -0.0138812 -0.000787399
582.4 -0.0143553 1 -0.0139007 -0.000454513
582.85 -0.0150422 1 -0.0139188 -0.00112347
583.3 -0.0147295 1 -0.0139352 -0.000794256
583.75 -0.015417 1 -0.0139501 -0.00146688
584.2 -0.0141048 1 -0.0139634 -0.000141328
584.65 -0.0127928 1 -0.0139752 0.0011824
585.1 -0.0144812 1 -0.0139855 -0.000495688
585.55 -0.0141698 1 -0.0139942 -0.000175584
586 -0.0148587 1 -0.0140014 -0.000857279
586.45 -0.0145479 1 -0.0140071 -0.000540764
586.9 -0.0132373 1 -0.0140113 0.00077397
587.35 -0.0139271 1 -0.014014 8.69361e-05
587.8 -0.0136171 1 -0.0140153 0.000398145
588.25 -0.0143075 1 -0.0140151 -0.000292391
588.71 -0.0129912 1 -0.0140134 0.00102216
589.16 -0.0146821 1 -0.0140103 -0.000671857
589.61 -0.0133733 1 -0.0140057 0.000632423
590.06 -0.0150648 1 -0.0139998 -0.00106498
590.51 -0.0137566 1 -0.0139925 0.000235948
590.96 -0.0134487 1 -0.0139839 0.000535228
591.41 -0.0131411 1 -0.013974 0.000832878
591.86 -0.0128338 1 -0.0139627 0.00112892
592.31 -0.0135268 1 -0.0139501 0.000423364
592.76 -0.01322 1 -0.0139363 0.000716241
593.21 -0.0139136 1 -0.0139212 7.57009e-06
593.66 -0.0126075 1 -0.0139049 0.00129737
594.11 -0.0123018 1 -0.0138874 0.00158567
594.56 -0.0139963 1 -0.0138688 -0.000127506
595.01 -0.0126911 1 -0.013849 0.00115786
595.46 -0.0133863 1 -0.013828 0.000441795
595.91 -0.0130817 1 -0.013806 0.000724326
596.36 -0.0147775 1 -0.013783 -0.000994521
596.81 -0.0134736 1 -0.0137589 0.00028528
597.26 -0.01417 1 -0.0137337 -0.000436242
597.71 -0.0138667 1 -0.0137077 -0.000159061
598.16 -0.0145638 1 -0.0136806 -0.000883148
598.61 -0.0132611 1 -0.0136527 0.000391525
599.06 -0.0129588 1 -0.0136238 0.000664988
599.51 -0.0106569 1 -0.0135941 0.00293727
599.96 -0.0133552 1 -0.0135636 0.000208403
600.41 -0.0110539 1 -0.0135323 0.00247841
600.86 -0.0117529 1 -0.0135002 0.00174734
601.31 -0.0134522 1 -0.0134674 1.52009e-05
601.76 -0.0131519 1 -0.013434 0.000282037
602.21 -0.0108519 1 -0.0133998 0.00254788
602.65 -0.0115589 1 -0.0133658 0.00180688
603.1 -0.0132596 1 -0.0133305 7.08417e-05
603.55 -0.0109606 1 -0.0132946 0.0023339
604 -0.012662 1 -0.0132581 0.000596098
604.45 -0.0143637 1 -0.0132212 -0.00114254
604.9 -0.0140658 1 -0.0131838 -0.000881993
605.35 -0.0137682 1 -0.013146 -0.000622213
605.8 -0.0114709 1 -0.0131077 0.00163683
606.25 -0.010174 1 -0.0130692 0.00289516
606.7 -0.0128775 1 -0.0130303 0.000152812
607.15 -0.0135812 1 -0.0129911 -0.000590177
607.6 -0.0142854 1 -0.0129516 -0.00133378
608.05 -0.0129899 1 -0.0129119 -7.79608e-05
608.5 -0.0126948 1 -0.0128721 0.000177307
608.95 -0.0154 1 -0.012832 -0.00256794
609.39 -0.0111121 1 -0.0127928 0.00168067
609.84 -0.012818 1 -0.0127525 -6.55112e-05
610.29 -0.0125243 1 -0.0127122 0.000187876
610.74 -0.013231 1 -0.0126719 -0.000559135
611.19 -0.011938 1 -0.0126315 0.000693486
611.64 -0.0136454 1 -0.0125912 -0.00105423
612.09 -0.0113532 1 -0.0125509 0.00119774
612.54 -0.0110613 1 -0.0125108 0.00144942
612.99 -0.0107698 1 -0.0124707 0.00170085
613.44 -0.0134787 1 -0.0124308 -0.00104795
613.88 -0.0111944 1 -0.0123919 0.00119747
614.33 -0.0129041 1 -0.0123524 -0.000551707
614.78 -0.0146141 1 -0.012313 -0.00230104
615.23 -0.0143245 1 -0.012274 -0.0020505
615.68 -0.0130352 1 -0.0122351 -0.000800071
616.13 -0.0127464 1 -0.0121966 -0.000549724
616.58 -0.0114579 1 -0.0121585 0.00070056
617.03 -0.0141698 1 -0.0121206 -0.0020492
617.47 -0.0108885 1 -0.012084 0.00119546
617.92 -0.0126012 1 -0.0120469 -0.000554317
618.37 -0.0133143 1 -0.0120102 -0.00130408
618.82 -0.0130278 1 -0.0119739 -0.00105381
619.27 -0.0107416 1 -0.0119381 0.0011965
619.72 -0.0144559 1 -0.0119028 -0.00255311
620.17 -0.0121705 1 -0.0118679 -0.000302651
620.61 -0.0118919 1 -0.0118342 -5.76646e-05
621.06 -0.0126074 1 -0.0118004 -0.000807006
621.51 -0.0123232 1 -0.011767 -0.00055623
621.96 -0.0140395 1 -0.0117341 -0.00230533
622.41 -0.0127561 1 -0.0117018 -0.00105429
622.86 -0.0124732 1 -0.0116701 -0.000803102
623.3 -0.0131969 1 -0.0116396 -0.00155735
623.75 -0.0109148 1 -0.0116089 0.000694141
624.2 -0.0106331 1 -0.0115789 0.000945797
624.65 -0.0113517 1 -0.0115494 0.00019762
625.1 -0.0120708 1 -0.0115205 -0.000550387
625.54 -0.0147966 1 -0.0114928 -0.00330383
625.99 -0.0115165 1 -0.011465 -5.14941e-05
626.44 -0.0112369 1 -0.0114379 0.000201011
626.89 -0.0119576 1 -0.0114113 -0.000546314
627.34 -0.00867881 1 -0.0113853 0.00270653
627.78 -0.0124066 1 -0.0113605 -0.00104609
628.23 -0.0141286 1 -0.0113357 -0.00279293
628.68 -0.0128511 1 -0.0113115 -0.00153962
629.13 -0.0135739 1 -0.0112878 -0.00228616
629.58 -0.0112973 1 -0.0112647 -3.25686e-05
630.02 -0.0110271 1 -0.0112426 0.000215511
630.47 -0.0117513 1 -0.0112206 -0.000530656
630.92 -0.0124759 1 -0.0111991 -0.00127672
631.37 -0.0122009 1 -0.0111782 -0.00102269
631.81 -0.0109325 1 -0.0111582 0.000225769
632.26 -0.0116583 1 -0.0111383 -0.000520063
632.71 -0.0103847 1 -0.0111188 0.000734152
633.16 -0.0131114 1 -0.0110998 -0.0020116
633.61 -0.0128387 1 -0.0110813 -0.00175734
634.05 -0.0115724 1 -0.0110636 -0.000508742
634.5 -0.0123005 1 -0.0110459 -0.00125452
634.95 -0.012029 1 -0.0110287 -0.00100034
635.4 -0.010758 1 -0.0110118 0.000253777
635.84 -0.00949344 1 -0.0109956 0.00150215
636.29 -0.0122233 1 -0.0109794 -0.00124394
636.74 -0.00995365 1 -0.0109635 0.00100984
637.18 -0.0106904 1 -0.0109482 0.000257815
637.63 -0.0114217 1 -0.0109329 -0.000488758
638.08 -0.0131534 1 -0.0109178 -0.00223554
638.53 -0.00888551 1 -0.0109029 0.00201743
638.97 -0.0106241 1 -0.0108886 0.000264521
639.42 -0.0103571 1 -0.0108741 0.000516936
639.87 -0.0120907 1 -0.0108597 -0.00123097
640.32 -0.0128247 1 -0.0108454 -0.00197924
640.76 -0.010565 1 -0.0108315 0.000266533
641.21 -0.0102999 1 -0.0108174 0.00051748
641.66 -0.00903533 1 -0.0108033 0.00176798
642.1 -0.0107771 1 -0.0107895 1.24587e-05
642.55 -0.0115134 1 -0.0107754 -0.00073801
643 -0.0112502 1 -0.0107612 -0.000489017
643.44 -0.00999329 1 -0.0107472 0.000753891
643.89 -0.00973104 1 -0.0107328 0.00100172
644.34 -0.0114693 1 -0.0107182 -0.000751076
644.79 -0.012208 1 -0.0107034 -0.00150454
645.23 -0.00995295 1 -0.0106888 0.000735833
645.68 -0.0106926 1 -0.0106736 -1.9051e-05
646.13 -0.0104328 1 -0.0106581 0.0002253
646.57 -0.00917914 1 -0.0106426 0.00146345
647.02 -0.0119203 1 -0.0106264 -0.00129381
647.47 -0.00666185 1 -0.0106099 0.00394807
647.91 -0.0114097 1 -0.0105934 -0.000816285
648.36 -0.00915224 1 -0.010576 0.0014238
648.81 -0.0108953 1 -0.0105582 -0.000337083
649.25 -0.0126446 1 -0.0105403 -0.00210423
649.7 -0.0113886 1 -0.0105215 -0.000867096
650.15 -0.0101332 1 -0.0105022 0.000368987
650.59 -0.00888388 1 -0.0104827 0.00159878
651.04 -0.0106294 1 -0.0104621 -0.000167308
651.48 -0.00738111 1 -0.0104414 0.00306031
651.93 -0.00912765 1 -0.0104196 0.00129193
652.38 -0.0108747 1 -0.0103971 -0.000477636
652.82 -0.00962785 1 -0.0103743 0.000746488
653.27 -0.0103759 1 -0.0103504 -2.55332e-05
653.72 -0.00912447 1 -0.0103256 0.00120117
654.16 -0.0108791 1 -0.0103007 -0.000578437
654.61 -0.0106287 1 -0.0102744 -0.000354346
655.06 -0.0103788 1 -0.0102472 -0.00013161
655.5 -0.0121349 1 -0.0102198 -0.00191516
655.95 -0.0108861 1 -0.0101909 -0.000695171
656.39 -0.0146432 1 -0.0101618 -0.00448145
656.84 -0.0123954 1 -0.0101311 -0.0022643
657.29 -0.00814805 1 -0.0100994 0.00195139
657.73 -0.00990673 1 -0.0100676 0.000160843
658.18 -0.00866044 1 -0.010034 0.00137358
658.62 -0.00942014 1 -0.0100003 0.000580113
659.07 -0.0101749 1 -0.00996473 -0.000210175
659.52 -0.00893019 1 -0.00992818 0.000997987
659.96 -0.00869144 1 -0.00989145 0.00120001
660.41 -0.00644779 1 -0.00985285 0.00340506
660.85 -0.00921007 1 -0.00981409 0.00060402
661.3 -0.00996747 1 -0.00977339 -0.000194083
661.74 -0.0067308 1 -0.00973256 0.00300177
662.19 -0.00848927 1 -0.00968974 0.00120047
662.64 -0.00824829 1 -0.00964583 0.00139754
663.08 -0.0110132 1 -0.00960184 -0.00141135
663.53 -0.00677328 1 -0.00955577 0.00278249
663.97 -0.0105392 1 -0.00950965 -0.00102958
664.42 -0.00630041 1 -0.00946141 0.003161
664.86 -0.00606742 1 -0.00941317 0.00334575
665.31 -0.00682968 1 -0.00936274 0.00253306
665.75 -0.00859776 1 -0.00931238 0.000714611
666.2 -0.00736112 1 -0.00925978 0.00189866
666.65 -0.00712503 1 -0.00920609 0.00208106
667.09 -0.00789473 1 -0.00915254 0.00125781
667.54 -0.00765975 1 -0.00909671 0.00143696
667.98 -0.00843053 1 -0.00904108 0.00061055
668.43 -0.00719665 1 -0.00898313 0.00178647
668.87 -0.00996852 1 -0.00892544 -0.00104308
669.32 -0.00873576 1 -0.00886541 0.000129649
669.76 -0.0105087 1 -0.00880571 -0.00170301
670.21 -0.00827708 1 -0.00874364 0.000466561
670.65 -0.0110511 1 -0.00868198 -0.00236916
671.1 -0.00782063 1 -0.00861793 0.000797296
671.54 -0.00659579 1 -0.00855435 0.00195856
671.99 -0.00836642 1 -0.00848838 0.00012196
672.43 -0.00814269 1 -0.00842295 0.000280261
672.88 -0.00691445 1 -0.00835512 0.00144067
673.32 -0.00869184 1 -0.00828792 -0.000403923
673.77 -0.0104648 1 -0.00821831 -0.00224644
674.21 -0.00824327 1 -0.00814941 -9.3856e-05
674.66 -0.00801732 1 -0.0080781 6.07792e-05
675.1 -0.00879697 1 -0.00800758 -0.000789385
675.55 -0.0105722 1 -0.00793466 -0.00263752
675.99 -0.00535296 1 -0.00786261 0.00250965
676.44 -0.00712934 1 -0.00778818 0.000658841
676.88 -0.00491125 1 -0.00771469 0.00280344
677.33 -0.0066888 1 -0.00763884 0.000950037
677.77 -0.00747187 1 -0.00756402 9.21501e-05
678.22 -0.00725059 1 -0.00748685 0.000236261
678.66 -0.00903481 1 -0.0074108 -0.00162401
679.11 -0.00881471 1 -0.00733242 -0.00148229
679.55 -0.00660008 1 -0.00725524 0.00065516
679.99 -0.00738603 1 -0.00717755 -0.000208484
680.44 -0.00616771 1 -0.00709758 0.000929871
680.88 -0.00695483 1 -0.00701893 6.41029e-05
681.33 -0.00873771 1 -0.00693805 -0.00179966
681.77 -0.00752599 1 -0.00685855 -0.000667442
682.22 -0.00631007 1 -0.00677686 0.000466792
682.66 -0.00609954 1 -0.00669665 0.000597105
683.11 -0.00588483 1 -0.00661428 0.000729451
683.55 -0.00667548 1 -0.00653345 -0.000142026
683.99 -0.00746672 1 -0.00645237 -0.00101435
684.44 -0.00725382 1 -0.00636922 -0.000884606
684.88 -0.00904625 1 -0.00628771 -0.00275854
685.33 -0.00683458 1 -0.00620418 -0.000630402
685.77 -0.00662821 1 -0.00612237 -0.000505845
686.21 -0.00642244 1 -0.00604045 -0.000381989
686.66 -0.0062126 1 -0.00595659 -0.000256014
687.1 -0.00700804 1 -0.00587455 -0.00113349
687.55 -0.00779944 1 -0.00579062 -0.00200882
687.99 -0.00459609 1 -0.00570857 0.00111248
688.44 -0.00538874 1 -0.0056247 0.000235963
688.88 -0.00618661 1 -0.00554277 -0.000643841
689.32 -0.00498508 1 -0.00546093 0.000475849
689.77 -0.0057796 1 -0.00537736 -0.000402237
690.21 -0.0055793 1 -0.00529581 -0.000283491
690.65 -0.00537961 1 -0.00521444 -0.000165171
691.1 -0.00517601 1 -0.00513144 -4.45767e-05
691.54 -0.00597756 1 -0.00505052 -0.000927042
691.99 -0.00477523 1 -0.00496804 0.000192803
692.43 -0.00657802 1 -0.00488768 -0.00169034
692.87 -0.00638143 1 -0.00480764 -0.00157379
693.32 -0.00418101 1 -0.00472613 0.000545121
693.76 -0.00398567 1 -0.00464681 0.000661137
694.2 -0.00479095 1 -0.00456787 -0.000223078
694.65 -0.00559245 1 -0.00448757 -0.00110488
695.09 -0.00339899 1 -0.0044095 0.00101051
695.53 -0.00620615 1 -0.00433189 -0.00187427
695.98 -0.00500958 1 -0.00425301 -0.000756576
696.42 -0.00481802 1 -0.0041764 -0.000641624
696.86 -0.00662708 1 -0.00410031 -0.00252678
697.31 -0.00643246 1 -0.00402306 -0.00240941
697.75 -0.00424281 1 -0.00394809 -0.000294712
698.19 -0.00605378 1 -0.00387372 -0.00218007
698.64 -0.00486112 1 -0.00379827 -0.00106285
699.08 -0.00467339 1 -0.00372514 -0.000948248
699.52 -0.00348629 1 -0.00365264 0.000166353
699.97 -0.0032956 1 -0.00357918 0.000283575
700.41 -0.0051098 1 -0.00350802 -0.00160178
700.85 -0.00192464 1 -0.00343756 0.00151292
701.3 -0.00573594 1 -0.00336622 -0.00236972
701.74 -0.00455208 1 -0.00329719 -0.0012549
702.18 -0.00436888 1 -0.00322889 -0.00113999
702.63 -0.00418218 1 -0.00315981 -0.00102237
703.07 -0.00200028 1 -0.00309302 0.00109274
703.51 -0.00281904 1 -0.00302701 0.000207968
703.96 -0.00563435 1 -0.0029603 -0.00267406
704.4 -0.00645443 1 -0.00289586 -0.00355857
704.84 -0.00327517 1 -0.00283222 -0.000442943
705.28 -0.00409656 1 -0.00276939 -0.00132717
705.73 -0.00491457 1 -0.00270598 -0.0022086
706.17 -0.0027373 1 -0.0026448 -9.25005e-05
706.61 -0.00356069 1 -0.00258445 -0.000976237
707.06 -0.00638075 1 -0.00252359 -0.00385715
707.5 -0.00420548 1 -0.00246494 -0.00174054
707.94 -0.00403087 1 -0.00240713 -0.00162374
708.38 -0.00585694 1 -0.00235017 -0.00350677
708.83 -0.00267974 1 -0.0022928 -0.000386941
709.27 -0.00250716 1 -0.00223757 -0.00026959
709.71 -0.00233525 1 -0.00218319 -0.000152052
710.15 -0.00316401 1 -0.00212968 -0.00103433
710.6 -0.00398958 1 -0.00207585 -0.00191373
711.04 -0.00481971 1 -0.00202408 -0.00279563
711.48 -0.00365051 1 -0.00197318 -0.00167734
711.92 -0.002482 1 -0.00192313 -0.00055886
712.37 -0.00431035 1 -0.00187285 -0.0024375
712.81 -0.000143216 1 -0.00182455 0.00168134
713.25 -0.00297676 1 -0.00177711 -0.00119965
713.69 -0.00181099 1 -0.00173053 -8.04599e-05
714.13 -0.000645908 1 -0.0016848 0.0010389
714.58 -0.00147778 1 -0.00163892 0.000161135
715.02 -0.00231409 1 -0.00159491 -0.000719182
715.46 -0.00315109 1 -0.00155174 -0.00159935
715.9 -0.00498878 1 -0.00150942 -0.00347936
716.35 -0.0028235 1 -0.00146699 -0.00135651
716.79 -0.00166259 1 -0.00142635 -0.000236249
717.23 -0.000502386 1 -0.00138652 0.000884138
717.67 -0.00234287 1 -0.00134752 -0.000995356
718.11 0.00381594 1 -0.00130932 0.00512526
718.56 -0.00202236 1 -0.00127109 -0.000751271
719 -0.000864971 1 -0.00123452 0.000369548
719.44 -0.00270828 1 -0.00119873 -0.00150955
719.88 -0.00355229 1 -0.00116373 -0.00238856
720.32 -0.00339702 1 -0.0011295 -0.00226751
720.76 -0.00124244 1 -0.00109604 -0.000146403
721.21 -0.00208509 1 -0.0010626 -0.00102249
721.65 -0.000931957 1 -0.00103066 9.87062e-05
722.09 -0.000779534 1 -0.000999466 0.000219932
722.53 0.00137218 1 -0.000968999 0.00234118
722.97 0.000523171 1 -0.000939255 0.00146243
723.41 -0.00132655 1 -0.000910223 -0.000416327
723.86 0.0028264 1 -0.00088126 0.00370766
724.3 -0.00102477 1 -0.000853641 -0.000171133
724.74 0.00312333 1 -0.000826705 0.00395004
725.18 0.00227071 1 -0.000800443 0.00307116
725.62 -0.000582628 1 -0.000774845 0.000192217
726.06 -0.000436695 1 -0.0007499 0.000313205
726.5 -0.000291488 1 -0.000725597 0.00043411
726.95 -0.00114373 1 -0.000701397 -0.000442336
727.39 0 1 -0.000678364 0.000678364
727.83 0.000143003 1 -0.000655943 0.000798946
728.27 0.000285281 1 -0.000634122 0.000919403
728.71 -0.000573163 1 -0.000612892 3.97298e-05
729.15 0.00456768 1 -0.000592242 0.00515992
729.59 0.00270781 1 -0.000572162 0.00327997
730.03 0.00184723 1 -0.00055264 0.00239987
730.48 0.00198909 1 -0.000533241 0.00252234
730.92 0.0011271 1 -0.000514816 0.00164192
731.36 0.00226442 1 -0.000496918 0.00276134
731.8 0.00140105 1 -0.000479537 0.00188059
732.24 0.002537 1 -0.000462661 0.00299966
732.68 0.00067227 1 -0.00044628 0.00111855
733.12 0.000806869 1 -0.000430383 0.00123725
733.56 0.000940801 1 -0.000414961 0.00135576
734 0.00307407 1 -0.000400003 0.00347407
734.44 0.00220668 1 -0.000385499 0.00259218
734.89 0.00334163 1 -0.000371124 0.00371276
735.33 0.00247293 1 -0.000357506 0.00283044
735.77 0.00460359 1 -0.000344312 0.0049479
736.21 0.0057336 1 -0.000331532 0.00606513
736.65 0.00286299 1 -0.000319155 0.00318214
737.09 0.00599174 1 -0.000307171 0.00629891
737.53 0.00511987 1 -0.000295573 0.00541545
737.97 0.00324739 1 -0.000284349 0.00353174
738.41 0.00537429 1 -0.00027349 0.00564778
738.85 0.00650058 1 -0.000262988 0.00676357
739.29 0.00562627 1 -0.000252833 0.0058791
739.73 0.00275136 1 -0.000243016 0.00299438
740.17 0.00487586 1 -0.000233528 0.00510938
740.61 0.00299976 1 -0.000224361 0.00322412
741.05 0.00312309 1 -0.000215506 0.00333859
741.49 0.00524583 1 -0.000206954 0.00545278
741.93 0.005368 1 -0.000198698 0.0055667
742.37 0.0044896 1 -0.000190728 0.00468033
742.81 0.00361063 1 -0.000183038 0.00379367
743.26 0.00273384 1 -0.000175453 0.00290929
743.7 0.00385375 1 -0.000168303 0.00402205
744.14 0.00397311 1 -0.000161408 0.00413451
744.58 0.00209192 1 -0.000154761 0.00224668
745.02 0.00521019 1 -0.000148355 0.00535855
745.46 0.00532793 1 -0.000142183 0.00547011
745.9 0.00344514 1 -0.000136236 0.00358138
746.34 0.00556182 1 -0.00013051 0.00569233
746.78 0.00367798 1 -0.000124997 0.00380298
747.22 0.00579363 1 -0.000119689 0.00591332
747.66 0.00690877 1 -0.000114582 0.00702335
748.1 0.0040234 1 -0.000109668 0.00413306
748.54 0.00213753 1 -0.000104941 0.00224247
748.98 0.00325116 1 -0.000100396 0.00335155
749.42 0.0063643 1 -9.60265e-05 0.00646033
749.86 0.00547695 1 -9.18265e-05 0.00556878
750.29 0.00458658 1 -8.78806e-05 0.00467446
750.73 0.00269829 1 -8.39999e-05 0.00278229
751.17 0.00480953 1 -8.02727e-05 0.0048898
751.61 0.0029203 1 -7.66938e-05 0.00299699
752.05 0.0050306 1 -7.32581e-05 0.00510386
752.49 0.00314045 1 -6.99608e-05 0.00321042
752.93 0.00124985 1 -6.67969e-05 0.00131665
753.37 0.0053588 1 -6.3762e-05 0.00542257
753.81 0.00346731 1 -6.08513e-05 0.00352816
754.25 0.00357538 1 -5.80606e-05 0.00363344
754.69 0.00268302 1 -5.53856e-05 0.0027384
755.13 0.00379023 1 -5.2822e-05 0.00384305
755.57 0.00789702 1 -5.03658e-05 0.00794738
756.01 0.00600338 1 -4.80131e-05 0.0060514
756.45 0.00410934 1 -4.57602e-05 0.0041551
756.89 0.00121489 1 -4.36032e-05 0.00125849
757.33 0.00432003 1 -4.15386e-05 0.00436157
757.77 0.00442478 1 -3.9563e-05 0.00446434
758.21 0.00352913 1 -3.76729e-05 0.0035668
758.64 0.00163073 1 -3.59053e-05 0.00166664
759.08 -0.00026568 1 -3.41749e-05 -0.000231505
759.52 0.000837528 1 -3.25207e-05 0.000870049
759.96 0.00394036 1 -3.09396e-05 0.0039713
760.4 0.00404283 1 -2.94288e-05 0.00407226
760.84 0.000144928 1 -2.79855e-05 0.000172913
761.28 0.00224667 1 -2.66071e-05 0.00227328
761.72 0.00334805 1 -2.5291e-05 0.00337335
762.16 0.00344909 1 -2.40345e-05 0.00347313
762.6 0.00354978 1 -2.28355e-05 0.00357262
763.03 0.00264786 1 -2.17168e-05 0.00266957
763.47 0.00174788 1 -2.06242e-05 0.0017685
763.91 0.00384757 1 -1.95822e-05 0.00386716
764.35 0.00194694 1 -1.85888e-05 0.00196553
764.79 0.00304599 1 -1.76418e-05 0.00306363
765.23 0.00014472 1 -1.67393e-05 0.00016146
765.67 0.00324314 1 -1.58794e-05 0.00325902
766.11 -0.00165874 1 -1.50603e-05 -0.00164368
766.54 -0.000563151 1 -1.42977e-05 -0.000548853
766.98 0.00153437 1 -1.35542e-05 0.00154793
767.42 0.00563161 1 -1.28465e-05 0.00564445
767.86 0.00172855 1 -1.21731e-05 0.00174072
768.3 0.00282522 1 -1.15324e-05 0.00283675
768.74 0.0049216 1 -1.0923e-05 0.00493253
769.17 0.00501554 1 -1.03563e-05 0.00502589
769.61 0.00311139 1 -9.80472e-06 0.0031212
770.05 0.00220698 1 -9.28043e-06 0.00221626
770.49 0.00430232 1 -8.78222e-06 0.0043111
770.93 0.0023974 1 -8.3089e-06 0.00240571
771.37 -0.000507764 1 -7.85933e-06 -0.000499905
771.8 0.00358468 1 -7.44189e-06 0.00359212
772.24 0.000679041 1 -7.03613e-06 0.000686077
772.68 0.00177317 1 -6.65101e-06 0.00177982
773.12 0.000867066 1 -6.28557e-06 0.000873351
773.56 0.00196074 1 -5.93888e-06 0.00196668
774 0.0030542 1 -5.61006e-06 0.00305981
774.43 0.00114532 1 -5.30517e-06 0.00115063
774.87 0.000238363 1 -5.00923e-06 0.000243372
775.31 0.0013312 1 -4.72874e-06 0.00133593
775.75 0.00242383 1 -4.46296e-06 0.0024283
776.19 0.00251628 1 -4.21118e-06 0.00252049
776.62 0.00260643 1 -3.978e-06 0.00261041
777.06 0.00469851 1 -3.75192e-06 0.00470226
777.5 0.000790401 1 -3.5379e-06 0.000793939
777.94 0.00288212 1 -3.33535e-06 0.00288545
778.37 0.000971589 1 -3.14793e-06 0.000974737
778.81 0.00306298 1 -2.9664e-06 0.00306594
779.25 0.0021542 1 -2.79471e-06 0.002157
779.69 0.00524528 1 -2.63237e-06 0.00524791
780.13 0.0033362 1 -2.4789e-06 0.00333868
780.56 0.00142491 1 -2.33707e-06 0.00142725
781 0.000515551 1 -2.19985e-06 0.00051775
781.44 0.00160605 1 -2.07023e-06 0.00160812
781.88 0.00169643 1 -1.94781e-06 0.00169837
782.31 0.000784621 1 -1.83478e-06 0.000786456
782.75 0.00187475 1 -1.72552e-06 0.00187647
783.19 0.00396476 1 -1.62241e-06 0.00396638
783.63 0.00505466 1 -1.52511e-06 0.00505618
784.06 0.000142412 1 -1.43536e-06 0.000143847
784.5 0.0032321 1 -1.34869e-06 0.00323345
784.94 0.0043217 1 -1.26698e-06 0.00432297
785.37 0.00240917 1 -1.19164e-06 0.00241036
785.81 0.00549859 1 -1.11895e-06 0.00549971
786.25 0.00358793 1 -1.05045e-06 0.00358898
786.69 0.000677186 1 -9.85929e-07 0.000678172
787.12 0.00276435 1 -9.26504e-07 0.00276527
787.56 0.000853465 1 -8.69212e-07 0.000854334
788 0.00294252 1 -8.15281e-07 0.00294334
788.43 0.0030295 1 -7.65645e-07 0.00303026
788.87 0.00411844 1 -7.17823e-07 0.00411916
789.31 0.00620734 1 -6.72839e-07 0.00620802
789.75 0.0042962 1 -6.30533e-07 0.00429683
790.18 -0.000617006 1 -5.91633e-07 -0.000616414
790.62 -0.000528224 1 -5.54188e-07 -0.000527669
791.06 0.00256053 1 -5.18999e-07 0.00256105
791.49 0.00164724 1 -4.86664e-07 0.00164773
791.93 -0.000264047 1 -4.55561e-07 -0.000263592
792.37 0.00382465 1 -4.26351e-07 0.00382507
792.8 0.00191132 1 -3.9953e-07 0.00191172
793.24 0 1 -3.73748e-07 3.73748e-07
793.68 0.00208868 1 -3.49552e-07 0.00208903
794.11 0.00217535 1 -3.2735e-07 0.00217568
794.55 0.00426405 1 -3.06023e-07 0.00426435
794.99 -0.000647242 1 -2.86022e-07 -0.000646956
795.42 0.00143947 1 -2.67682e-07 0.00143974
795.86 0.00452822 1 -2.50076e-07 0.00452847
796.3 0.00261701 1 -2.33577e-07 0.00261724
796.73 0.0027038 1 -2.18458e-07 0.00270402
797.17 0.000792658 1 -2.03955e-07 0.000792862
797.61 0.00288156 1 -1.90373e-07 0.00288175
798.04 0.00196848 1 -1.77936e-07 0.00196866
798.48 5.74782e-05 1 -1.66013e-07 5.76442e-05
798.91 0.00414451 1 -1.551e-07 0.00414467
799.35 0.000233628 1 -1.44644e-07 0.000233773
799.79 0.00832281 1 -1.34863e-07 0.00832295
800.22 0.00241004 1 -1.25917e-07 0.00241017
800.66 0.00349938 1 -1.1735e-07 0.0034995
801.1 0.00558879 1 -1.09343e-07 0.0055889
