500.34 0.000145353 1 7.96731e-05 6.56794e-05
500.8 0.000268585 1 8.45417e-05 0.000184044
501.25 0.00138914 1 8.95736e-05 0.00129957
501.71 0.000512382 1 9.50067e-05 0.000417375
502.17 -0.000364376 1 0.000100748 -0.000465124
502.62 0.00275619 1 0.000106677 0.00264951
503.08 -0.00112057 1 0.000113075 -0.00123364
503.53 0 1 0.000119681 -0.000119681
503.99 -0.00187675 1 0.000126805 -0.00200356
504.44 -0.00175619 1 0.000134156 -0.00189034
504.9 -0.000632945 1 0.000142081 -0.000775026
505.36 -0.0025097 1 0.000150442 -0.00266015
505.81 0.00161086 1 0.000159064 0.00145179
506.27 0.000734094 1 0.000168353 0.000565741
506.72 0.000854647 1 0.000177927 0.00067672
507.18 0.000977876 1 0.000188237 0.000789639
507.63 -0.00190158 1 0.00019886 -0.00210044
508.09 0.00122164 1 0.000210293 0.00101135
508.54 0.000342172 1 0.000222068 0.000120104
509 0.000465377 1 0.000234736 0.000230641
509.45 0.000585897 1 0.000247776 0.000338121
509.91 -0.00129091 1 0.000261799 -0.00155271
510.36 0.000829591 1 0.000276228 0.000553363
510.82 -4.72372e-05 1 0.000291737 -0.000338974
511.27 7.32478e-05 1 0.000307687 -0.000234439
511.73 0.0001964 1 0.000324824 -0.000128424
512.19 0.00131954 1 0.000342842 0.000976699
512.64 0.00143999 1 0.00036136 0.00107863
513.1 0.000563111 1 0.000381242 0.000181869
513.55 0.00268354 1 0.000401667 0.00228187
514.01 -0.00119337 1 0.000423586 -0.00161696
514.46 0.000927031 1 0.000446094 0.000480937
514.92 5.0093e-05 1 0.000470238 -0.000420145
515.37 0.00217047 1 0.000495018 0.00167545
515.83 0.0032935 1 0.000521588 0.00277191
516.28 0.000413836 1 0.000548845 -0.000135009
516.73 0.00253416 1 0.000577408 0.00195675
517.19 -0.00034286 1 0.000608014 -0.000950874
517.64 -0.00122257 1 0.00063939 -0.00186196
518.1 0.000900371 1 0.000672994 0.000227377
518.55 0.00102062 1 0.000707428 0.000313194
519.01 0.000143525 1 0.000744292 -0.000600767
519.46 0.000263736 1 0.000782049 -0.000518313
519.92 0.0033866 1 0.00082245 0.00256415
520.37 -0.000493235 1 0.000863813 -0.00135705
520.83 0.000629582 1 0.000908052 -0.00027847
521.28 0.00374971 1 0.000953322 0.00279638
521.74 0.000872475 1 0.00100172 -0.000129244
522.19 0.00299255 1 0.00105122 0.00194133
522.65 0.00111527 1 0.00110412 1.11533e-05
523.1 0.0022353 1 0.0011582 0.0010771
523.55 0.0023553 1 0.00121468 0.00114062
524.01 0.00247794 1 0.00127499 0.00120295
524.46 0.00059789 1 0.00133661 -0.000738716
524.92 0.000720476 1 0.00140237 -0.000681898
525.37 -0.000159631 1 0.00146954 -0.00162917
525.83 0.0019629 1 0.00154119 0.000421709
526.28 0.00208273 1 0.00161433 0.000468406
526.73 0.00420254 1 0.00169059 0.00251195
527.19 0.00632497 1 0.00177189 0.00455308
527.64 0.00644472 1 0.00185482 0.0045899
528.1 0.00456709 1 0.0019432 0.0026239
528.55 0.00468677 1 0.0020333 0.00265347
529.01 0.00280908 1 0.00212927 0.000679807
529.46 0.00392869 1 0.00222707 0.00170162
529.91 0.00404827 1 0.00232889 0.00171938
530.37 0.00417047 1 0.00243726 0.00173321
530.82 0.00428999 1 0.00254763 0.00174236
531.28 0.00341212 1 0.00266505 0.00074707
531.73 0.00353155 1 0.00278456 0.000746988
532.18 0.00565096 1 0.00290885 0.00274211
532.64 0.00677297 1 0.00304098 0.003732
533.09 0.0068923 1 0.00317538 0.00371692
533.54 0.00601159 1 0.00331504 0.00269655
534 0.00613348 1 0.00346342 0.00267007
534.45 0.00925269 1 0.00361424 0.00563845
534.91 0.00737451 1 0.00377441 0.0036001
535.36 0.00949364 1 0.00393713 0.0055565
535.81 0.00761272 1 0.00410603 0.00350669
536.27 0.00873441 1 0.00428526 0.00444915
536.72 0.0108534 1 0.00446723 0.00638618
537.17 0.00997237 1 0.00465597 0.00531639
537.63 0.00909392 1 0.00485612 0.0042378
538.08 0.00821279 1 0.00505918 0.00315361
538.54 0.0113343 1 0.00527442 0.00605984
538.99 0.011453 1 0.00549269 0.00596034
539.44 0.0125718 1 0.00571881 0.00685295
539.9 0.0116931 1 0.00595832 0.00573477
540.35 0.0108117 1 0.00620103 0.00461069
540.8 0.0139303 1 0.00645229 0.00747801
541.26 0.0140515 1 0.00671824 0.00733324
541.71 0.01217 1 0.00698756 0.00518241
542.16 0.0152884 1 0.00726618 0.00802223
542.62 0.0124094 1 0.00756086 0.00484857
543.07 0.0155278 1 0.00785907 0.0076687
543.52 0.0166461 1 0.00816735 0.0084787
543.98 0.0177669 1 0.00849318 0.00927374
544.43 0.0158851 1 0.00882267 0.00706243
544.88 0.0140032 1 0.00916305 0.00484018
545.34 0.0171239 1 0.00952254 0.00760139
545.79 0.0182419 1 0.0098858 0.00835614
546.24 0.0173599 1 0.0102608 0.0070991
546.69 0.0224778 1 0.0106479 0.01183
547.15 0.0185983 1 0.0110562 0.00754205
547.6 0.0197161 1 0.0114685 0.00824758
548.05 0.0218338 1 0.0118937 0.00994012
548.51 0.0199541 1 0.012342 0.0076121
548.96 0.0220717 1 0.0127943 0.00927747
549.41 0.0231893 1 0.0132604 0.00992894
549.86 0.0233068 1 0.0137406 0.00956619
550.32 0.0254269 1 0.0142465 0.0111804
550.77 0.0265442 1 0.0147563 0.0117879
551.22 0.0276616 1 0.0152812 0.0123804
551.68 0.0247814 1 0.0158337 0.0089477
552.13 0.0268986 1 0.0163901 0.0105085
552.58 0.0260157 1 0.0169626 0.00905314
553.03 0.0281328 1 0.0175515 0.0105814
553.49 0.0302524 1 0.0181707 0.0120817
553.94 0.0293693 1 0.0187936 0.0105757
554.39 0.0314862 1 0.019434 0.0120523
554.84 0.032603 1 0.020092 0.0125111
555.3 0.0327224 1 0.0207832 0.0119392
555.75 0.034839 1 0.0214779 0.0133611
556.2 0.0339556 1 0.0221913 0.0117643
556.65 0.0320722 1 0.0229237 0.00914845
557.11 0.0351912 1 0.0236923 0.0114989
557.56 0.0363076 1 0.024464 0.0118436
558.01 0.0394239 1 0.0252557 0.0141682
558.46 0.0405402 1 0.0260676 0.0144726
558.92 0.0386589 1 0.0269188 0.0117401
559.37 0.0407751 1 0.0277726 0.0130024
559.82 0.0418911 1 0.0286476 0.0132435
560.27 0.0420071 1 0.0295441 0.012463
560.72 0.0421229 1 0.0304623 0.0116606
561.18 0.0442413 1 0.0314238 0.0128175
561.63 0.0443571 1 0.032387 0.0119701
562.08 0.0414727 1 0.0333729 0.00809986
562.53 0.0465883 1 0.0343816 0.0122067
562.99 0.0487064 1 0.0354368 0.0132696
563.44 0.0478218 1 0.0364928 0.011329
563.89 0.0509372 1 0.0375725 0.0133647
564.34 0.0500525 1 0.0386762 0.0113763
564.79 0.0521677 1 0.0398041 0.0123636
565.25 0.0502853 1 0.0409823 0.00930298
565.7 0.0514004 1 0.04216 0.00924041
566.15 0.0515153 1 0.0433625 0.00815285
566.6 0.0546302 1 0.0445901 0.0100401
567.05 0.056745 1 0.0458431 0.0109019
567.5 0.0548597 1 0.0471215 0.00773818
567.96 0.0579769 1 0.0484549 0.00952194
568.41 0.0580914 1 0.0497855 0.00830592
568.86 0.0582059 1 0.0511421 0.0070638
569.31 0.0593202 1 0.0525248 0.00679545
569.76 0.0604345 1 0.0539338 0.00650074
570.21 0.0635487 1 0.0553692 0.00817954
570.67 0.0636654 1 0.0568639 0.0068015
571.12 0.0647794 1 0.0583529 0.00642645
571.57 0.0648933 1 0.0598687 0.00502464
572.02 0.0650072 1 0.0614112 0.00359601
572.47 0.0681209 1 0.0629804 0.00514052
572.92 0.0702346 1 0.0645765 0.00565814
573.37 0.0683482 1 0.0661993 0.00214885
573.83 0.0714642 1 0.067886 0.00357822
574.28 0.0725776 1 0.0695631 0.00301454
574.73 0.0736909 1 0.0712669 0.00242401
575.18 0.0748041 1 0.0729974 0.00180669
575.63 0.0759172 1 0.0747546 0.00116265
576.08 0.0770303 1 0.0765383 0.000491968
576.53 0.0801432 1 0.0783484 0.00179477
576.98 0.081256 1 0.0801849 0.00107117
577.44 0.0793713 1 0.0820891 -0.00271785
577.89 0.0834839 1 0.0839783 -0.000494349
578.34 0.0835965 1 0.0858932 -0.00229673
578.79 0.0867089 1 0.0878337 -0.0011248
579.24 0.0878213 1 0.0897996 -0.00197831
579.69 0.0899335 1 0.0917906 -0.00185702
580.14 0.0900457 1 0.0938064 -0.00376066
580.59 0.0911578 1 0.0958467 -0.00468893
581.04 0.0922697 1 0.0979112 -0.00564152
581.49 0.0943816 1 0.0999997 -0.00561809
581.95 0.0964958 1 0.102159 -0.005663
582.4 0.0986075 1 0.104294 -0.00568695
582.85 0.100719 1 0.106453 -0.00573373
583.3 0.10083 1 0.108633 -0.0078029
583.75 0.103942 1 0.110836 -0.00689404
584.2 0.106053 1 0.11306 -0.00700665
584.65 0.109164 1 0.115304 -0.00614024
585.1 0.111275 1 0.11757 -0.00629431
585.55 0.112386 1 0.119854 -0.0074683
586 0.115497 1 0.122159 -0.00666165
586.45 0.116608 1 0.124481 -0.00787377
586.9 0.119718 1 0.126822 -0.00710407
587.35 0.121829 1 0.129181 -0.00735189
587.8 0.122939 1 0.131556 -0.0086166
588.25 0.127049 1 0.133947 -0.00689751
588.71 0.130162 1 0.136407 -0.00624512
589.16 0.130272 1 0.138829 -0.00855663
589.61 0.132382 1 0.141264 -0.00888215
590.06 0.135492 1 0.143713 -0.00822093
590.51 0.139602 1 0.146174 -0.00657218
590.96 0.142711 1 0.148646 -0.00593509
591.41 0.142821 1 0.151129 -0.00830882
591.86 0.14593 1 0.153623 -0.00769253
592.31 0.149039 1 0.156125 -0.00708535
592.76 0.152148 1 0.158635 -0.00648639
593.21 0.153257 1 0.161152 -0.00789475
593.66 0.160366 1 0.163676 -0.00330949
594.11 0.160475 1 0.166205 -0.00572967
594.56 0.162584 1 0.168738 -0.00615433
595.01 0.167692 1 0.171275 -0.00358248
595.46 0.167801 1 0.173814 -0.00601314
595.91 0.172909 1 0.176355 -0.0034453
596.36 0.174017 1 0.178895 -0.00487792
596.81 0.177125 1 0.181435 -0.00430997
597.26 0.179233 1 0.183974 -0.00474039
597.71 0.183341 1 0.186509 -0.00316812
598.16 0.184449 1 0.189041 -0.00459208
598.61 0.188557 1 0.191568 -0.00301119
599.06 0.192664 1 0.194088 -0.00142435
599.51 0.195771 1 0.196602 -0.000830439
599.96 0.198879 1 0.199107 -0.00022836
600.41 0.200986 1 0.201603 -0.000616987
600.86 0.204093 1 0.204088 4.80442e-06
601.31 0.2052 1 0.206561 -0.00136186
601.76 0.208306 1 0.209022 -0.000715837
602.21 0.213413 1 0.211469 0.001944
602.65 0.215517 1 0.213847 0.00167028
603.1 0.218623 1 0.216263 0.00236077
603.55 0.22073 1 0.218661 0.00206844
604 0.222836 1 0.221041 0.00179442
604.45 0.224942 1 0.223402 0.00153983
604.9 0.229047 1 0.225742 0.00330577
605.35 0.230153 1 0.22806 0.00209335
605.8 0.233259 1 0.230355 0.00290365
606.25 0.237364 1 0.232626 0.00473775
606.7 0.237469 1 0.234873 0.00259671
607.15 0.241575 1 0.237093 0.00448155
607.6 0.24468 1 0.239286 0.00539332
608.05 0.242784 1 0.241451 0.00133299
608.5 0.248889 1 0.243588 0.00530153
608.95 0.247994 1 0.245694 0.0022999
609.39 0.255096 1 0.247724 0.00737245
609.84 0.2542 1 0.249768 0.00443243
610.29 0.257305 1 0.25178 0.00552484
610.74 0.256409 1 0.253758 0.00265047
611.19 0.257513 1 0.255702 0.00181006
611.64 0.260616 1 0.257612 0.00300434
612.09 0.26372 1 0.259486 0.00423395
612.54 0.263823 1 0.261324 0.0024995
612.99 0.266927 1 0.263125 0.00380151
613.44 0.26703 1 0.26489 0.00214048
613.88 0.269131 1 0.266578 0.00255248
614.33 0.269234 1 0.268268 0.000965665
614.78 0.272337 1 0.26992 0.0024168
615.23 0.271439 1 0.271533 -9.39235e-05
615.68 0.271542 1 0.273108 -0.00156642
616.13 0.274644 1 0.274645 -6.78565e-07
616.58 0.273746 1 0.276143 -0.00239679
617.03 0.275848 1 0.277603 -0.00175496
617.47 0.276948 1 0.278995 -0.00204653
617.92 0.27805 1 0.28038 -0.00233063
618.37 0.277151 1 0.281729 -0.004578
618.82 0.279253 1 0.283042 -0.0037893
619.27 0.279354 1 0.28432 -0.0049653
619.72 0.279455 1 0.285562 -0.00610693
620.17 0.278557 1 0.286772 -0.00821522
620.61 0.281655 1 0.287923 -0.0062678
621.06 0.282756 1 0.28907 -0.00631383
621.51 0.282856 1 0.290187 -0.00733055
621.96 0.282957 1 0.291277 -0.00831961
622.41 0.284057 1 0.29234 -0.00828284
622.86 0.285157 1 0.29338 -0.00822223
623.3 0.283255 1 0.294375 -0.0111198
623.75 0.285355 1 0.295373 -0.0100186
624.2 0.286455 1 0.296355 -0.00990052
624.65 0.287554 1 0.297322 -0.00976833
625.1 0.288653 1 0.298278 -0.00962489
625.54 0.28875 1 0.299205 -0.0104545
625.99 0.291849 1 0.300147 -0.0082981
626.44 0.292948 1 0.301088 -0.0081402
626.89 0.293047 1 0.302031 -0.00898445
627.34 0.294145 1 0.30298 -0.00883469
627.78 0.294242 1 0.303917 -0.0096757
628.23 0.29434 1 0.30489 -0.0105498
628.68 0.297438 1 0.305881 -0.0084425
629.13 0.299536 1 0.306894 -0.00735825
629.58 0.300634 1 0.307935 -0.00730181
630.02 0.304729 1 0.308985 -0.004256
630.47 0.303827 1 0.310096 -0.00626914
630.92 0.307924 1 0.311249 -0.00332508
631.37 0.309021 1 0.31245 -0.00342915
631.81 0.313116 1 0.313676 -0.000560428
632.26 0.313212 1 0.314988 -0.00177575
632.71 0.314309 1 0.316365 -0.00205564
633.16 0.317405 1 0.317811 -0.000405771
633.61 0.318502 1 0.319334 -0.00083187
634.05 0.320596 1 0.320901 -0.000305256
634.5 0.323692 1 0.32259 0.00110145
634.95 0.326787 1 0.324372 0.00241505
635.4 0.329883 1 0.326253 0.00362985
635.84 0.335976 1 0.328193 0.0077834
636.29 0.338071 1 0.330285 0.00778632
636.74 0.340167 1 0.332493 0.00767401
637.18 0.345259 1 0.334767 0.0104922
637.63 0.348354 1 0.337217 0.0111366
638.08 0.348449 1 0.339798 0.00865085
638.53 0.353543 1 0.342513 0.0110302
638.97 0.356635 1 0.345302 0.0113332
639.42 0.361729 1 0.348296 0.0134335
639.87 0.363823 1 0.351436 0.012387
640.32 0.365917 1 0.354726 0.0111907
640.76 0.373008 1 0.35809 0.0149178
641.21 0.376101 1 0.361684 0.0144172
641.66 0.384195 1 0.365435 0.0187598
642.1 0.387286 1 0.369255 0.0180308
642.55 0.390378 1 0.373318 0.0170599
643 0.392471 1 0.377541 0.01493
643.44 0.397561 1 0.381823 0.0157386
643.89 0.404654 1 0.386357 0.0182963
644.34 0.408746 1 0.391047 0.0176983
644.79 0.414838 1 0.39589 0.0189473
645.23 0.416927 1 0.40077 0.016157
645.68 0.423019 1 0.405905 0.0171135
646.13 0.42811 1 0.411181 0.0169289
646.57 0.433199 1 0.416471 0.0167283
647.02 0.43529 1 0.422009 0.0132817
647.47 0.443381 1 0.427668 0.0157129
647.91 0.44847 1 0.433312 0.0151572
648.36 0.45056 1 0.439189 0.0113708
648.81 0.46065 1 0.445162 0.0154883
649.25 0.461738 1 0.451085 0.0106534
649.7 0.465828 1 0.457216 0.00861186
650.15 0.470918 1 0.463411 0.00750727
650.59 0.477005 1 0.469516 0.00748948
651.04 0.482095 1 0.475797 0.00629803
651.48 0.487182 1 0.48196 0.00522144
651.93 0.492271 1 0.488273 0.00399791
652.38 0.493359 1 0.494579 -0.00121942
652.82 0.501446 1 0.500723 0.000722601
653.27 0.504534 1 0.50697 -0.00243534
653.72 0.510623 1 0.513161 -0.00253844
654.16 0.512709 1 0.519145 -0.00643638
654.61 0.515796 1 0.525176 -0.00938
655.06 0.519884 1 0.5311 -0.0112165
655.5 0.523969 1 0.536772 -0.0128025
655.95 0.524056 1 0.54243 -0.0183739
656.39 0.531142 1 0.547807 -0.0166656
656.84 0.534228 1 0.553129 -0.0189003
657.29 0.543315 1 0.558253 -0.0149376
657.73 0.544399 1 0.563054 -0.0186547
658.18 0.547486 1 0.567734 -0.0202484
658.62 0.54957 1 0.572068 -0.0224979
659.07 0.557655 1 0.576235 -0.0185794
659.52 0.558741 1 0.580118 -0.0213767
659.96 0.563825 1 0.583624 -0.0197994
660.41 0.56691 1 0.586897 -0.0199875
660.85 0.564993 1 0.589778 -0.0247853
661.3 0.569078 1 0.592384 -0.023306
661.74 0.57616 1 0.594585 -0.0184248
662.19 0.577245 1 0.59647 -0.0192257
662.64 0.579329 1 0.597974 -0.018645
663.08 0.579411 1 0.599065 -0.0196537
663.53 0.585495 1 0.599783 -0.0142884
663.97 0.586577 1 0.600089 -0.0135127
664.42 0.58566 1 0.59999 -0.0143298
664.86 0.591741 1 0.599483 -0.0077421
665.31 0.589824 1 0.598542 -0.00871802
665.75 0.585905 1 0.597205 -0.0112997
666.2 0.592988 1 0.595408 -0.00242026
666.65 0.59207 1 0.593176 -0.00110614
667.09 0.59015 1 0.590573 -0.00042332
667.54 0.587232 1 0.587483 -0.000251328
667.98 0.589312 1 0.584046 0.00526621
668.43 0.583393 1 0.580108 0.0032852
668.87 0.581473 1 0.575851 0.00562196
669.32 0.582554 1 0.571087 0.0114672
669.76 0.577633 1 0.566035 0.0115982
670.21 0.572714 1 0.560474 0.0122394
670.65 0.565792 1 0.554662 0.0111306
671.1 0.562872 1 0.548344 0.0145285
671.54 0.559951 1 0.541813 0.0181373
671.99 0.55203 1 0.534786 0.0172444
672.43 0.542108 1 0.527588 0.0145206
672.88 0.543188 1 0.519906 0.0232819
673.32 0.534265 1 0.512097 0.0221684
673.77 0.524344 1 0.503821 0.0205223
674.21 0.514421 1 0.495465 0.0189562
674.66 0.506499 1 0.486663 0.019836
675.1 0.498576 1 0.477826 0.0207496
675.55 0.487654 1 0.46857 0.019084
675.99 0.48073 1 0.459324 0.0214063
676.44 0.469807 1 0.449686 0.0201211
676.88 0.458883 1 0.440105 0.0187783
677.33 0.44596 1 0.430163 0.0157975
677.77 0.436035 1 0.420321 0.0157148
678.22 0.425112 1 0.41015 0.0149616
678.66 0.413187 1 0.400123 0.0130641
679.11 0.402263 1 0.389801 0.0124625
679.55 0.393337 1 0.379661 0.0136764
679.99 0.377412 1 0.369493 0.00791863
680.44 0.367487 1 0.359082 0.00840512
680.88 0.353561 1 0.348908 0.00465263
681.33 0.341636 1 0.338526 0.0031098
681.77 0.330709 1 0.328413 0.0022957
682.22 0.318784 1 0.318127 0.000657262
682.66 0.307857 1 0.308138 -0.000281042
683.11 0.295931 1 0.298007 -0.00207666
683.55 0.283003 1 0.2882 -0.00519683
683.99 0.274075 1 0.278502 -0.00442656
684.44 0.262149 1 0.268709 -0.00656011
684.88 0.25222 1 0.259268 -0.00704755
685.33 0.241293 1 0.249761 -0.00846763
685.77 0.231365 1 0.240621 -0.00925614
686.21 0.221436 1 0.231643 -0.0102076
686.66 0.210508 1 0.222638 -0.0121306
687.1 0.203578 1 0.214015 -0.0104363
687.55 0.19165 1 0.205387 -0.0137367
687.99 0.18572 1 0.197145 -0.0114244
688.44 0.174792 1 0.188919 -0.0141273
688.88 0.166861 1 0.18108 -0.0142187
689.32 0.159931 1 0.173447 -0.0135159
689.77 0.150001 1 0.165855 -0.015854
690.21 0.14207 1 0.158646 -0.0165762
690.65 0.137139 1 0.15165 -0.0145115
691.1 0.129209 1 0.144717 -0.015508
691.54 0.122277 1 0.138155 -0.0158775
691.99 0.115347 1 0.131665 -0.0163187
692.43 0.111414 1 0.125537 -0.0141224
692.87 0.106482 1 0.119621 -0.0131393
693.32 0.101551 1 0.11379 -0.0122392
693.76 0.0976175 1 0.1083 -0.0106823
694.2 0.0916843 1 0.103017 -0.0113326
694.65 0.0847523 1 0.097825 -0.0130727
695.09 0.0808186 1 0.0929517 -0.0121331
695.53 0.0758847 1 0.0882757 -0.012391
695.98 0.071952 1 0.0836936 -0.0117416
696.42 0.0680175 1 0.0794048 -0.0113873
696.86 0.0640829 1 0.075301 -0.0112182
697.31 0.0591494 1 0.0712907 -0.0121412
697.75 0.0572143 1 0.0675471 -0.0103328
698.19 0.0512789 1 0.0639744 -0.0126955
698.64 0.0513447 1 0.060492 -0.0091473
699.08 0.0484088 1 0.0572495 -0.00884069
699.52 0.0434727 1 0.0541625 -0.0106898
699.97 0.0435378 1 0.0511608 -0.00762302
700.41 0.0416011 1 0.0483724 -0.00677125
700.85 0.0386643 1 0.0457237 -0.00705945
701.3 0.0347286 1 0.0431539 -0.00842532
701.74 0.0327912 1 0.0407719 -0.00798066
702.18 0.0308536 1 0.0385139 -0.00766024
702.63 0.0279172 1 0.0363275 -0.00841029
703.07 0.0259791 1 0.0343048 -0.00832569
703.51 0.0270407 1 0.0323909 -0.00535016
703.96 0.0241035 1 0.030541 -0.00643749
704.4 0.0221647 1 0.0288325 -0.00666787
704.84 0.0212256 1 0.0272186 -0.00599299
705.28 0.0182862 1 0.0256946 -0.00740835
705.73 0.016348 1 0.0242244 -0.00787647
706.17 0.0174081 1 0.0228692 -0.00546109
706.61 0.014468 1 0.0215911 -0.00712312
707.06 0.012529 1 0.0203596 -0.00783065
707.5 0.0125884 1 0.0192256 -0.00663723
707.94 0.0106475 1 0.0181571 -0.00750963
708.38 0.0107064 1 0.0171507 -0.00644431
708.83 0.0127663 1 0.016182 -0.00341565
709.27 0.0108247 1 0.0152907 -0.00446606
709.71 0.00788279 1 0.0144517 -0.00656889
710.15 0.00894063 1 0.0136618 -0.00472119
710.6 0.00799953 1 0.012902 -0.00490244
711.04 0.00405686 1 0.0122031 -0.00814626
711.48 0.00711393 1 0.0115453 -0.00443138
711.92 0.00517074 1 0.0109261 -0.00575538
712.37 0.00422858 1 0.0103304 -0.0061018
712.81 0.00628487 1 0.00978234 -0.00349747
713.25 0.0033409 1 0.0092663 -0.0059254
713.69 0.00239667 1 0.00878029 -0.00638362
714.13 0.00345218 1 0.00832248 -0.0048703
714.58 0.00350868 1 0.00788161 -0.00437293
715.02 0.00256366 1 0.0074756 -0.00491194
715.46 0.00161838 1 0.00709283 -0.00547445
715.9 0.000672834 1 0.00673185 -0.00605902
716.35 -0.00127175 1 0.00638378 -0.00765553
716.79 0.00178218 1 0.0060628 -0.00428062
717.23 0.00283583 1 0.00575975 -0.00292391
717.67 0.000889227 1 0.0054735 -0.00458427
718.11 0.00394235 1 0.00520301 -0.00126065
718.56 -3.58731e-06 1 0.00494165 -0.00494523
719 4.90007e-05 1 0.0047001 -0.0046511
719.44 0.000101322 1 0.00447153 -0.00437021
719.88 -0.000846625 1 0.00425515 -0.00510177
720.32 -0.000794841 1 0.0040502 -0.00484504
720.76 0.000256675 1 0.00385599 -0.00359931
721.21 -0.000690917 1 0.0036678 -0.00435871
721.65 -0.00263995 1 0.00349337 -0.00613331
722.09 -0.000589247 1 0.00332784 -0.00391709
722.53 -0.00153882 1 0.00317069 -0.00470951
722.97 -0.00348866 1 0.00302143 -0.00651009
723.41 -0.00143878 1 0.00287959 -0.00431837
723.86 0.000611961 1 0.00274177 -0.00212981
724.3 0.000661293 1 0.00261368 -0.00195239
724.74 -0.000289648 1 0.00249181 -0.00278146
725.18 -0.00124086 1 0.00237582 -0.00361668
725.62 -0.00119235 1 0.00226538 -0.00345773
726.06 0.000855881 1 0.00216019 -0.00130431
726.5 -0.00109616 1 0.00205997 -0.00315613
726.95 -0.0020474 1 0.00196233 -0.00400973
727.39 0 1 0.00187137 -0.00187137
727.83 -0.00195288 1 0.00178463 -0.00373751
728.27 9.39665e-05 1 0.0017019 -0.00160793
728.71 -0.00185946 1 0.00162297 -0.00348243
729.15 0.000186837 1 0.00154765 -0.00136081
729.59 -0.000767134 1 0.00147577 -0.0022429
730.03 -0.00272137 1 0.00140715 -0.00412852
730.48 -0.000674848 1 0.00134019 -0.00201504
730.92 -0.00262962 1 0.00127771 -0.00390734
731.36 -0.000584663 1 0.00121805 -0.00180272
731.8 -0.000539963 1 0.00116108 -0.00170104
732.24 0.00150448 1 0.00110666 0.000397814
732.68 -0.000451339 1 0.00105469 -0.00150603
733.12 -0.00240741 1 0.00100506 -0.00341247
733.56 -0.00136374 1 0.000957647 -0.00232138
734 -0.000320312 1 0.000912364 -0.00123268
734.44 0.00172286 1 0.000869112 0.000853749
734.89 0.00176676 1 0.000826886 0.000939874
735.33 0.000809434 1 0.000787474 2.19595e-05
735.77 0.00285186 1 0.000749836 0.00210203
736.21 0.000894051 1 0.000713892 0.000180159
736.65 -0.002064 1 0.00067957 -0.00274357
737.09 0.00297771 1 0.0006468 0.00233091
737.53 0.00301918 1 0.000615513 0.00240367
737.97 6.04153e-05 1 0.000585646 -0.000525231
738.41 0.00310142 1 0.000557138 0.00254428
738.85 0.00514219 1 0.00052993 0.00461226
739.29 0.00218274 1 0.000503965 0.00167877
739.73 0.00122305 1 0.000479191 0.00074386
740.17 0.00226314 1 0.000455556 0.00180758
740.61 0.00230301 1 0.000433011 0.00187
741.05 0.00334265 1 0.000411509 0.00293114
741.49 0.00338208 1 0.000391005 0.00299107
741.93 0.00342128 1 0.000371456 0.00304983
742.37 0.00246027 1 0.000352819 0.00210745
742.81 0.00149905 1 0.000335057 0.00116399
743.26 0.000538485 1 0.000317755 0.000220731
743.7 0.00157683 1 0.000301645 0.00127519
744.14 0.00261497 1 0.000286298 0.00232867
744.58 0.0026529 1 0.000271681 0.00238122
745.02 0.00369063 1 0.000257762 0.00343287
745.46 0.00372815 1 0.00024451 0.00348364
745.9 0.00376547 1 0.000231895 0.00353358
746.34 0.0018026 1 0.000219888 0.00158271
746.78 0.00283952 1 0.000208464 0.00263106
747.22 0.00287625 1 0.000197595 0.00267865
747.66 0.00291278 1 0.000187257 0.00272553
748.1 0.000949125 1 0.000177426 0.000771699
748.54 0.000985276 1 0.000168078 0.000817198
748.98 0.00302124 1 0.000159192 0.00286205
749.42 0.00305702 1 0.000150747 0.00290627
749.86 0.00309261 1 0.000142722 0.00294989
750.29 0.00212721 1 0.000135267 0.00199195
750.73 0.00216245 1 0.000128017 0.00203443
751.17 0.0001975 1 0.000121131 7.63685e-05
751.61 0.000232375 1 0.000114594 0.000117781
752.05 0.00326708 1 0.000108388 0.00315869
752.49 -0.000698398 1 0.000102499 -0.000800897
752.93 -0.000664044 1 9.69102e-05 -0.000760954
753.37 0.000370141 1 9.16084e-05 0.000278532
753.81 -0.000595843 1 8.65797e-05 -0.000682423
754.25 0.00143801 1 8.1811e-05 0.0013562
754.69 0.000471693 1 7.72898e-05 0.000394403
755.13 0.00150522 1 7.30042e-05 0.00143221
755.57 0.00253858 1 6.89427e-05 0.00246964
756.01 0.00157178 1 6.50943e-05 0.00150669
756.45 0.00360483 1 6.14487e-05 0.00354338
756.89 0.00263772 1 5.79959e-05 0.00257973
757.33 0.00167046 1 5.47263e-05 0.00161573
757.77 0.000703047 1 5.16309e-05 0.000651416
758.21 0.00173548 1 4.8701e-05 0.00168678
758.64 -0.00223296 1 4.59897e-05 -0.00227895
759.08 -0.00220081 1 4.33631e-05 -0.00224417
759.52 0.00383119 1 4.08785e-05 0.00379031
759.96 0.00286305 1 3.85286e-05 0.00282452
760.4 0.00189477 1 3.63067e-05 0.00185847
760.84 0.00192636 1 3.42062e-05 0.00189215
761.28 -4.21981e-05 1 3.22209e-05 -7.4419e-05
761.72 0.00298911 1 3.03448e-05 0.00295877
762.16 0.00402029 1 2.85723e-05 0.00399172
762.6 0.00305134 1 2.68981e-05 0.00302444
763.03 0.00108155 1 2.5352e-05 0.0010562
763.47 0.00111235 1 2.38572e-05 0.00108849
763.91 0.00414302 1 2.24461e-05 0.00412057
764.35 -0.00082644 1 2.11143e-05 -0.000847555
764.79 0.000203982 1 1.98576e-05 0.000184124
765.23 -0.000765716 1 1.86721e-05 -0.000784388
765.67 0.00226447 1 1.75539e-05 0.00224691
766.11 -0.000705463 1 1.64994e-05 -0.000721963
766.54 0.000323811 1 1.55271e-05 0.000308284
766.98 0.00435365 1 1.45887e-05 0.00433907
767.42 0.00338339 1 1.37043e-05 0.00336968
767.86 -0.00158699 1 1.2871e-05 -0.00159986
768.3 0.000442529 1 1.20859e-05 0.000430443
768.74 0.00347194 1 1.13465e-05 0.00346059
769.17 0.00450058 1 1.06657e-05 0.00448992
769.61 0.00352979 1 1.00093e-05 0.00351978
770.05 0.0015589 1 9.39141e-06 0.00154951
770.49 0.00258792 1 8.80997e-06 0.00257911
770.93 0.00261683 1 8.2629e-06 0.00260857
771.37 0.00164565 1 7.74828e-06 0.00163791
771.8 0.000673732 1 7.27495e-06 0.000666457
772.24 0.00170237 1 6.8192e-06 0.00169555
772.68 -0.000269074 1 6.39075e-06 -0.000275464
773.12 0.00175939 1 5.98804e-06 0.0017534
773.56 0.000787774 1 5.6096e-06 0.000782165
774 0.000816073 1 5.25404e-06 0.000810819
774.43 -0.00015635 1 4.92741e-06 -0.000161278
774.87 -0.00012821 1 4.6133e-06 -0.000132824
775.31 -0.000100148 1 4.31836e-06 -0.000104466
775.75 -0.00107216 1 4.04148e-06 -0.0010762
776.19 0.00395575 1 3.78161e-06 0.00395197
776.62 -1.70387e-05 1 3.54312e-06 -2.05819e-05
777.06 0.00201073 1 3.31401e-06 0.00200742
777.5 0.00303844 1 3.0991e-06 0.00303534
777.94 6.60768e-05 1 2.89755e-06 6.31792e-05
778.37 -0.00190698 1 2.71274e-06 -0.00190969
778.81 0.00112054 1 2.53534e-06 0.001118
779.25 0.00314799 1 2.36907e-06 0.00314562
779.69 0.000175381 1 2.21327e-06 0.000173168
780.13 0.00420272 1 2.06731e-06 0.00420065
780.56 0.00122938 1 1.9336e-06 0.00122744
781 0.00325661 1 1.80538e-06 0.0032548
781.44 0.00228378 1 1.68533e-06 0.0022821
781.88 0.00531091 1 1.57295e-06 0.00530934
782.31 0.000337372 1 1.47009e-06 0.000335902
782.75 0.00236441 1 1.37153e-06 0.00236303
783.19 0.0043914 1 1.27933e-06 0.00439012
783.63 -0.00158166 1 1.19309e-06 -0.00158285
784.06 0.000444638 1 1.11422e-06 0.000443524
784.5 0.00647151 1 1.03871e-06 0.00647047
784.94 0.000498339 1 9.6812e-07 0.000497371
785.37 0.00452453 1 9.03603e-07 0.00452362
785.81 0.00455129 1 8.4187e-07 0.00455045
786.25 -0.00242198 1 7.842e-07 -0.00242276
786.69 -0.000395271 1 7.30337e-07 -0.000396002
787.12 -0.0013692 1 6.81144e-07 -0.00136988
787.56 -0.00134255 1 6.34113e-07 -0.00134318
788 0.00268408 1 5.90212e-07 0.00268349
788.43 0.00271008 1 5.50143e-07 0.00270953
788.87 0.000736662 1 5.11857e-07 0.00073615
789.31 0.000763229 1 4.76142e-07 0.000762753
789.75 0.00178978 1 4.42831e-07 0.00178934
790.18 0.000815711 1 4.12452e-07 0.000815299
790.62 0.000842234 1 3.83448e-07 0.000841851
791.06 -0.000131254 1 3.56413e-07 -0.000131611
791.49 0.000894646 1 3.31772e-07 0.000894314
791.93 0.00192114 1 3.08261e-07 0.00192083
792.37 -5.23686e-05 1 2.86359e-07 -5.2655e-05
792.8 -0.00202648 1 2.66409e-07 -0.00202675
793.24 0 1 2.47385e-07 -2.47385e-07
793.68 0.00102648 1 2.29674e-07 0.00102625
794.11 -0.000947631 1 2.1355e-07 -0.000947845
794.55 0.00507886 1 1.98184e-07 0.00507866
794.99 0.00410535 1 1.83888e-07 0.00410517
795.42 0.00313125 1 1.70881e-07 0.00313108
795.86 0.00615777 1 1.58492e-07 0.00615761
796.3 0.00218429 1 1.46973e-07 0.00218414
796.73 0.00221022 1 1.36499e-07 0.00221008
797.17 0.00323677 1 1.26529e-07 0.00323664
797.61 0.000263338 1 1.17264e-07 0.000263221
798.04 0.00328932 1 1.08845e-07 0.00328921
798.48 0.00131592 1 1.00836e-07 0.00131582
798.91 0.00134194 1 9.35602e-08 0.00134185
799.35 0.0013686 1 8.66419e-08 0.00136851
799.79 0.00539527 1 8.02194e-08 0.00539519
800.22 0.00342137 1 7.4389e-08 0.00342129
800.66 0.0004481 1 6.88479e-08 0.000448032
801.1 -0.000525136 1 6.37071e-08 -0.000525199
