500.34 0.00235391 1 6.16785e-08 0.00235385
500.8 0.00373546 1 6.80294e-08 0.00373539
501.25 0.00510872 1 7.48482e-08 0.00510864
501.71 0.00349028 1 8.24958e-08 0.0034902
502.17 0.00187185 1 9.08919e-08 0.00187176
502.62 0.00524513 1 9.98966e-08 0.00524503
503.08 0.00262671 1 1.09985e-07 0.0026266
503.53 0 1 1.20796e-07 -1.20796e-07
503.99 0.00238158 1 1.329e-07 0.00238145
504.44 0.00275487 1 1.45861e-07 0.00275472
504.9 0.00513644 1 1.60361e-07 0.00513628
505.36 0.000518013 1 1.76238e-07 0.000517836
505.81 0.00289128 1 1.93222e-07 0.00289109
506.27 0.00527284 1 2.122e-07 0.00527262
506.72 0.00264609 1 2.32487e-07 0.00264585
507.18 0.00102762 1 2.55139e-07 0.00102736
507.63 -0.00159916 1 2.79334e-07 -0.00159944
508.09 -0.000217657 1 3.0633e-07 -0.000217964
508.54 -0.000844466 1 3.35145e-07 -0.000844802
509 0.000536998 1 3.67272e-07 0.000536631
509.45 0.000910149 1 4.01537e-07 0.000909747
509.91 0.00129157 1 4.39713e-07 0.00129113
510.36 0.000664673 1 4.80399e-07 0.000664193
510.82 4.60422e-05 1 5.25695e-07 4.55165e-05
511.27 -0.000580907 1 5.73934e-07 -0.000581481
511.73 -0.0021996 1 6.27599e-07 -0.00220022
512.19 0.00118168 1 6.86032e-07 0.001181
512.64 -0.00244536 1 7.48194e-07 -0.00244611
513.1 -0.00106415 1 8.17269e-07 -0.00106497
513.55 0.00130873 1 8.90696e-07 0.00130784
514.01 -0.00131013 1 9.7223e-07 -0.00131111
514.46 -0.00193733 1 1.05884e-06 -0.00193838
514.92 -0.00255628 1 1.15493e-06 -0.00255743
515.37 -0.000183552 1 1.25693e-06 -0.000184809
515.83 0.000197407 1 1.37002e-06 0.000196037
516.28 -0.00242996 1 1.48997e-06 -0.00243145
516.73 -0.00305738 1 1.61986e-06 -0.003059
517.19 -0.00367657 1 1.76371e-06 -0.00367833
517.64 -0.00230408 1 1.91612e-06 -0.002306
518.1 -0.00292338 1 2.08479e-06 -0.00292547
518.55 -0.00355101 1 2.26335e-06 -0.00355327
519.01 -0.00217042 1 2.46082e-06 -0.00217288
519.46 -0.00379816 1 2.66971e-06 -0.00380083
519.92 -0.0034177 1 2.90055e-06 -0.0034206
520.37 -0.00604556 1 3.14456e-06 -0.00604871
520.83 -0.00466522 1 3.41401e-06 -0.00466864
521.28 -0.00429322 1 3.69862e-06 -0.00429692
521.74 -0.00291302 1 4.01266e-06 -0.00291703
522.19 -0.00254115 1 4.34414e-06 -0.0025455
522.65 -0.00316109 1 4.7096e-06 -0.0031658
523.1 -0.00378937 1 5.09507e-06 -0.00379446
523.55 -0.00541772 1 5.51018e-06 -0.00542323
524.01 -0.00203789 1 5.96734e-06 -0.00204385
524.46 -0.00366639 1 6.44898e-06 -0.00367284
524.92 -0.00428672 1 6.97903e-06 -0.0042937
525.37 -0.00391538 1 7.53703e-06 -0.00392292
525.83 -0.00453588 1 8.15066e-06 -0.00454403
526.28 -0.00316471 1 8.79617e-06 -0.00317351
526.73 -0.00179363 1 9.4895e-06 -0.00180312
527.19 -0.00441439 1 1.02511e-05 -0.00442464
527.64 -0.00304349 1 1.10513e-05 -0.00305454
528.1 -0.00366444 1 1.19297e-05 -0.00367637
528.55 -0.00429372 1 1.2852e-05 -0.00430657
529.01 -0.00191486 1 1.38635e-05 -0.00192872
529.46 -0.00254433 1 1.49248e-05 -0.00255925
529.91 -0.0041739 1 1.60618e-05 -0.00418996
530.37 -0.00579534 1 1.73074e-05 -0.00581265
530.82 -0.00242511 1 1.86128e-05 -0.00244372
531.28 -0.00504676 1 2.00419e-05 -0.0050668
531.73 -0.00467674 1 2.15384e-05 -0.00469828
532.18 -0.00630683 1 2.31387e-05 -0.00632997
532.64 -0.00392881 1 2.48885e-05 -0.0039537
533.09 -0.00355912 1 2.67189e-05 -0.00358583
533.54 -0.00518953 1 2.8674e-05 -0.00521821
534 -0.00481186 1 3.08093e-05 -0.00484266
534.45 -0.0024425 1 3.30405e-05 -0.00247554
534.91 -0.00406506 1 3.54756e-05 -0.00410054
535.36 -0.00469595 1 3.8018e-05 -0.00473397
535.81 -0.00432695 1 4.07285e-05 -0.00436768
536.27 -0.00494988 1 4.36833e-05 -0.00499356
536.72 -0.00158113 1 4.67648e-05 -0.0016279
537.17 -0.00521251 1 5.00464e-05 -0.00526255
537.63 -0.00383582 1 5.36197e-05 -0.00388944
538.08 -0.00646746 1 5.7342e-05 -0.0065248
538.54 -0.00509104 1 6.13922e-05 -0.00515243
538.99 -0.00572293 1 6.5608e-05 -0.00578854
539.44 -0.00435497 1 7.00889e-05 -0.00442505
539.9 -0.00497896 1 7.4959e-05 -0.00505392
540.35 -0.00261126 1 8.00225e-05 -0.00269129
540.8 -0.00524371 1 8.53983e-05 -0.00532911
541.26 -0.00586813 1 9.12343e-05 -0.00595936
541.71 -0.00550086 1 9.72951e-05 -0.00559815
542.16 -0.00413373 1 0.000103722 -0.00423745
542.62 -0.00575859 1 0.000110692 -0.00586928
543.07 -0.00439176 1 0.000117921 -0.00450968
543.52 -0.00502508 1 0.00012558 -0.00515066
543.98 -0.000650399 1 0.000133874 -0.000784273
544.43 -0.000284021 1 0.000142468 -0.000426489
544.88 -0.0049178 1 0.000151561 -0.00506936
545.34 -0.00354359 1 0.000161399 -0.00370499
545.79 -0.00417769 1 0.00017158 -0.00434927
546.24 -0.00281194 1 0.00018234 -0.00299428
546.69 -0.00144635 1 0.000193707 -0.00164005
547.15 -0.0050728 1 0.000205986 -0.00527879
547.6 -0.00370754 1 0.000218674 -0.00392622
548.05 -0.00134245 1 0.000232064 -0.00157451
548.51 -0.00296941 1 0.000246509 -0.00321592
548.96 -0.00260466 1 0.000261419 -0.00286608
549.41 -0.00124008 1 0.000277135 -0.00151721
549.86 -0.00287566 1 0.000293693 -0.00316936
550.32 -0.00350334 1 0.00031153 -0.00381487
550.77 -0.00113928 1 0.000329912 -0.00146919
551.22 -0.0027754 1 0.000349257 -0.00312466
551.68 -0.00440362 1 0.000370072 -0.00477369
552.13 -0.0040401 1 0.000391497 -0.0044316
552.58 -0.00567677 1 0.000414019 -0.00609079
553.03 -0.00131362 1 0.000437684 -0.00175131
553.49 -0.0029426 1 0.000463108 -0.00340571
553.94 -0.000579827 1 0.000489236 -0.00106906
554.39 -0.00221725 1 0.000516659 -0.0027339
554.84 0.000145144 1 0.000545429 -0.000400286
555.3 -0.000484613 1 0.000576289 -0.0010609
555.75 -0.000122615 1 0.000607953 -0.000730567
556.2 -0.00176081 1 0.000641134 -0.00240195
556.65 -0.00239921 1 0.000675892 -0.0030751
557.11 -2.97754e-05 1 0.000713114 -0.00074289
557.56 -0.00266858 1 0.000751247 -0.00341982
558.01 -0.000307581 1 0.000791144 -0.00109873
558.46 0.00205321 1 0.00083287 0.00122034
558.92 -0.0015782 1 0.000877485 -0.00245568
559.37 -0.000217824 1 0.000923117 -0.00114094
559.82 0.000142338 1 0.000970786 -0.000828448
560.27 -0.00149771 1 0.00102056 -0.00251827
560.72 -0.00113798 1 0.00107252 -0.00221049
561.18 -0.000770466 1 0.00112796 -0.00189842
561.63 -0.000411165 1 0.00118455 -0.00159571
562.08 -0.00305208 1 0.00124355 -0.00429563
562.53 -0.000693221 1 0.00130503 -0.00199825
562.99 0.000673387 1 0.00137053 -0.000697147
563.44 0.0010318 1 0.00143729 -0.000405489
563.89 0.000389986 1 0.00150677 -0.00111678
564.34 0.000747946 1 0.00157906 -0.000831117
564.79 0.00210568 1 0.00165425 0.000451428
565.25 0.00147112 1 0.00173419 -0.000263067
565.7 0.00182839 1 0.00181549 1.28988e-05
566.15 0.00118542 1 0.00189994 -0.000714521
566.6 0.00154221 1 0.00198763 -0.000445415
567.05 0.00289877 1 0.00207864 0.000820129
567.5 0.00125509 1 0.00217307 -0.00091798
567.96 0.00361908 1 0.00227322 0.00134586
568.41 0.00197491 1 0.00237482 -0.000399904
568.86 0.0033305 1 0.0024801 0.000850404
569.31 0.000685842 1 0.00258914 -0.0019033
569.76 0.00304094 1 0.00270205 0.000338888
570.21 0.00139578 1 0.0028189 -0.00142312
570.67 0.00375826 1 0.00294252 0.000815741
571.12 0.0051126 1 0.00306761 0.00204498
571.57 0.00346668 1 0.00319692 0.000269764
572.02 0.00182051 1 0.00333051 -0.00151001
572.47 0.00317408 1 0.00346849 -0.000294413
572.92 0.00452739 1 0.00361093 0.000916459
573.37 0.00388044 1 0.00375792 0.000122525
573.83 0.00124107 1 0.00391295 -0.00267188
574.28 0.00559359 1 0.00406937 0.00152421
574.73 0.00394584 1 0.00423058 -0.000284741
575.18 0.00329782 1 0.00439665 -0.00109882
575.63 0.00664954 1 0.00456765 0.00208189
576.08 0.00500098 1 0.00474365 0.000257335
576.53 0.00435216 1 0.00492473 -0.00057257
576.98 0.00570305 1 0.00511094 0.000592114
577.44 0.00406147 1 0.00530667 -0.0012452
577.89 0.0054118 1 0.00550346 -9.166e-05
578.34 0.00576186 1 0.00570557 5.62878e-05
578.79 0.00611164 1 0.00591306 0.000198584
579.24 0.00546113 1 0.00612595 -0.00066482
579.69 0.00681034 1 0.00634432 0.000466027
580.14 0.00515927 1 0.00656818 -0.00140892
580.59 0.0065079 1 0.00679759 -0.000289688
581.04 0.00685625 1 0.00703257 -0.00017632
581.49 0.00620431 1 0.00727315 -0.00106884
581.95 0.00655979 1 0.00752488 -0.000965089
582.4 0.00790725 1 0.00777684 0.000130411
582.85 0.00925442 1 0.00803445 0.00121997
583.3 0.00760129 1 0.00829772 -0.000696429
583.75 0.00694785 1 0.00856663 -0.00161878
584.2 0.00929412 1 0.0088412 0.000452922
584.65 0.00964008 1 0.0091214 0.000518685
585.1 0.00898574 1 0.00940721 -0.000421474
585.55 0.00933109 1 0.00969862 -0.00036753
586 0.00967613 1 0.00999559 -0.000319454
586.45 0.0100209 1 0.0102981 -0.000277209
586.9 0.0123653 1 0.010606 0.00175925
587.35 0.0107094 1 0.0109194 -0.000210029
587.8 0.00905319 1 0.0112382 -0.00218498
588.25 0.0113967 1 0.0115622 -0.000165552
588.71 0.0127474 1 0.0118989 0.000848587
589.16 0.0120903 1 0.0122334 -0.000143099
589.61 0.0134328 1 0.0125729 0.000859845
590.06 0.012775 1 0.0129174 -0.000142482
590.51 0.0151168 1 0.0132668 0.00185002
590.96 0.0124584 1 0.0136209 -0.00116253
591.41 0.0157996 1 0.0139796 0.00181997
591.86 0.0151404 1 0.0143428 0.000797672
592.31 0.012481 1 0.0147103 -0.00222931
592.76 0.0168212 1 0.015082 0.00173918
593.21 0.0171611 1 0.0154578 0.00170329
593.66 0.0155006 1 0.0158374 -0.000336827
594.11 0.0168398 1 0.0162208 0.000619
594.56 0.0171787 1 0.0166077 0.000570943
595.01 0.0205172 1 0.016998 0.00351918
595.46 0.0168553 1 0.0173914 -0.000536089
595.91 0.0181932 1 0.0177878 0.00040532
596.36 0.0205306 1 0.018187 0.00234361
596.81 0.0188678 1 0.0185888 0.000279004
597.26 0.0192046 1 0.0189929 0.000211704
597.71 0.021541 1 0.019399 0.00214194
598.16 0.0198771 1 0.0198071 6.99349e-05
598.61 0.0202128 1 0.0202168 -4.07095e-06
599.06 0.0205481 1 0.020628 -7.98393e-05
599.51 0.0238831 1 0.0210403 0.00284288
599.96 0.0252178 1 0.0214535 0.00376432
600.41 0.0245521 1 0.0218673 0.00268476
600.86 0.023886 1 0.0222815 0.00160444
601.31 0.0242195 1 0.0226959 0.00152363
601.76 0.0255527 1 0.0231101 0.0024426
602.21 0.0268855 1 0.0235239 0.00336161
602.65 0.0262106 1 0.0239279 0.00228271
603.1 0.0235427 1 0.02434 -0.000797395
603.55 0.0258744 1 0.024751 0.00112335
604 0.0272057 1 0.0251605 0.00204521
604.45 0.0265366 1 0.0255682 0.000968478
604.9 0.0278672 1 0.0259738 0.00189341
605.35 0.0251974 1 0.0263771 -0.00117971
605.8 0.0275272 1 0.0267778 0.000749378
606.25 0.0298566 1 0.0271757 0.00268094
606.7 0.0281857 1 0.0275704 0.000615244
607.15 0.0285143 1 0.0279618 0.000552542
607.6 0.0278426 1 0.0283495 -0.00050691
608.05 0.0291704 1 0.0287333 0.000437132
608.5 0.0294979 1 0.029113 0.00038491
608.95 0.027825 1 0.0294883 -0.00166334
609.39 0.0321444 1 0.0298509 0.00229352
609.84 0.0304707 1 0.0302169 0.000253767
610.29 0.0307966 1 0.030578 0.000218614
610.74 0.0311221 1 0.0309338 0.000188259
611.19 0.0304472 1 0.0312843 -0.000837116
611.64 0.0317719 1 0.0316292 0.000142655
612.09 0.0310962 1 0.0319684 -0.000872273
612.54 0.03242 1 0.0323018 0.00011824
612.99 0.0297435 1 0.0326292 -0.00288568
613.44 0.0310666 1 0.0329505 -0.00188394
613.88 0.033382 1 0.0332587 0.000123341
614.33 0.0337043 1 0.0335677 0.000136549
614.78 0.0310261 1 0.0338704 -0.00284436
615.23 0.0333475 1 0.0341668 -0.000819358
615.68 0.0346685 1 0.0344569 0.00021157
616.13 0.033989 1 0.0347406 -0.000751589
616.58 0.0333092 1 0.035018 -0.00170887
617.03 0.0316289 1 0.0352892 -0.00366032
617.47 0.0339411 1 0.0355484 -0.0016073
617.92 0.0362599 1 0.0358074 0.000452501
618.37 0.0345784 1 0.0360605 -0.00148218
618.82 0.0348964 1 0.0363079 -0.00141151
619.27 0.0352139 1 0.0365496 -0.00133566
619.72 0.0335311 1 0.0367859 -0.00325484
620.17 0.0338478 1 0.0370171 -0.00316929
620.61 0.034157 1 0.0372383 -0.00308131
621.06 0.0354728 1 0.03746 -0.00198718
621.51 0.0347882 1 0.0376774 -0.00288917
621.96 0.0351032 1 0.0378908 -0.00278761
622.41 0.0374177 1 0.0381005 -0.000682881
622.86 0.0367317 1 0.0383071 -0.00157537
623.3 0.0350384 1 0.0385063 -0.00346795
623.75 0.0383515 1 0.0387077 -0.000356186
624.2 0.0386642 1 0.0389072 -0.000242953
624.65 0.0369765 1 0.0391052 -0.00212874
625.1 0.0372883 1 0.0393024 -0.00201407
625.54 0.0395927 1 0.0394947 9.79984e-05
625.99 0.0399036 1 0.0396916 0.000212005
626.44 0.0392141 1 0.0398892 -0.000675167
626.89 0.0395241 1 0.0400882 -0.000564106
627.34 0.0398336 1 0.040289 -0.000455414
627.78 0.0401358 1 0.0404878 -0.00035202
628.23 0.0394443 1 0.0406942 -0.00124984
628.68 0.0397525 1 0.0409044 -0.00115189
629.13 0.0400601 1 0.0411189 -0.00105881
629.58 0.0423673 1 0.0413386 0.00102874
630.02 0.0426672 1 0.0415588 0.0011084
630.47 0.0419734 1 0.0417903 0.000183137
630.92 0.0432792 1 0.0420288 0.00125044
631.37 0.0425845 1 0.0422748 0.000309674
631.81 0.0428825 1 0.0425233 0.000359194
632.26 0.0421869 1 0.0427862 -0.000599347
632.71 0.0444907 1 0.0430585 0.00143224
633.16 0.0437941 1 0.0433407 0.000453376
633.61 0.045097 1 0.0436334 0.00146353
634.05 0.0413926 1 0.0439303 -0.00253768
634.5 0.0436945 1 0.0442453 -0.000550757
634.95 0.045996 1 0.0445722 0.00142373
635.4 0.0472969 1 0.0449115 0.00238536
635.84 0.0475906 1 0.0452556 0.00233507
636.29 0.0448906 1 0.0456203 -0.000729758
636.74 0.04719 1 0.0459984 0.0011916
637.18 0.0494823 1 0.0463812 0.00310113
637.63 0.0477808 1 0.0467862 0.00099456
638.08 0.0490787 1 0.0472051 0.00187367
638.53 0.0493762 1 0.0476378 0.00173842
638.97 0.0486665 1 0.0480742 0.000592293
639.42 0.049963 1 0.0485342 0.00142874
639.87 0.0512589 1 0.0490078 0.00225107
640.32 0.0525543 1 0.0494948 0.0030595
640.76 0.0508426 1 0.0499836 0.000859048
641.21 0.053137 1 0.0504961 0.00264096
641.66 0.0524309 1 0.0510208 0.00141008
642.1 0.0537178 1 0.0515453 0.00217249
642.55 0.0520106 1 0.0520926 -8.20264e-05
643 0.0543029 1 0.0526505 0.00165248
643.44 0.0545883 1 0.0532053 0.001383
643.89 0.0558796 1 0.0537814 0.00209813
644.34 0.0541703 1 0.0543655 -0.000195215
644.79 0.0554606 1 0.0549566 0.000503969
645.23 0.0587438 1 0.0555402 0.00320364
645.68 0.057033 1 0.0561417 0.000891285
646.13 0.0593217 1 0.0567468 0.00257487
646.57 0.0586034 1 0.0573406 0.00126279
647.02 0.058891 1 0.0579488 0.000942191
647.47 0.062178 1 0.0585564 0.00362156
647.91 0.0624581 1 0.0591487 0.00330942
648.36 0.0597441 1 0.059751 -6.90861e-06
648.81 0.0610296 1 0.0603483 0.000681262
649.25 0.0623081 1 0.0609259 0.00138226
649.7 0.0605925 1 0.0615083 -0.000915866
650.15 0.0618763 1 0.0620808 -0.000204568
650.59 0.0621532 1 0.0626293 -0.00047609
651.04 0.0634359 1 0.063177 0.000258934
651.48 0.0677118 1 0.0636979 0.00401395
651.93 0.0649934 1 0.0642139 0.000779559
652.38 0.0622745 1 0.0647112 -0.00243675
652.82 0.0655488 1 0.0651778 0.000370936
653.27 0.0648287 1 0.0656331 -0.000804423
653.72 0.0641081 1 0.0660646 -0.0019565
654.16 0.0653807 1 0.0664618 -0.00108105
654.61 0.066659 1 0.0668411 -0.0001821
655.06 0.0649367 1 0.0671916 -0.00225491
655.5 0.0632077 1 0.0675049 -0.00429728
655.95 0.0634842 1 0.0677939 -0.00430964
656.39 0.0597541 1 0.0680441 -0.00829004
656.84 0.0620295 1 0.0682658 -0.00623623
657.29 0.0703044 1 0.0684513 0.00185304
657.73 0.0675726 1 0.0685968 -0.0010242
658.18 0.0668463 1 0.0687075 -0.00186123
658.62 0.0651134 1 0.0687776 -0.00366428
659.07 0.0673859 1 0.0688094 -0.00142345
659.52 0.0686579 1 0.0687998 -0.000141919
659.96 0.0669233 1 0.0687498 -0.00182655
660.41 0.0691941 1 0.0686564 0.000537636
660.85 0.0644583 1 0.0685234 -0.00406504
661.3 0.064728 1 0.0683441 -0.0036161
661.74 0.065991 1 0.0681262 -0.0021352
662.19 0.0652595 1 0.0678598 -0.00260029
662.64 0.0665274 1 0.0675492 -0.00102175
663.08 0.0637888 1 0.0672027 -0.00341393
663.53 0.0650554 1 0.0668048 -0.00174937
663.97 0.0633156 1 0.0663735 -0.00305789
664.42 0.0655811 1 0.0658896 -0.000308467
664.86 0.0668402 1 0.0653751 0.00146509
665.31 0.0631045 1 0.0648072 -0.00170269
665.75 0.0613623 1 0.0642118 -0.00284952
666.2 0.0646254 1 0.0635629 0.00106251
666.65 0.0638879 1 0.0628744 0.00101349
667.09 0.061144 1 0.062164 -0.00102004
667.54 0.0644052 1 0.0614006 0.00300467
667.98 0.0626601 1 0.0606192 0.00204088
668.43 0.0589202 1 0.0597858 -0.000865661
668.87 0.0601739 1 0.0589388 0.00123506
669.32 0.0604327 1 0.0580411 0.00239158
669.76 0.0586852 1 0.0571342 0.00155096
670.21 0.0569428 1 0.0561785 0.000764273
670.65 0.056194 1 0.0552181 0.000975942
671.1 0.0564504 1 0.0542111 0.00223929
671.54 0.0547004 1 0.053204 0.00149644
671.99 0.0539555 1 0.0521529 0.00180269
672.43 0.0542044 1 0.0511062 0.00309818
672.88 0.0534582 1 0.0500183 0.00343992
673.32 0.0517058 1 0.0489394 0.00276641
673.77 0.0489584 1 0.0478224 0.00113604
674.21 0.0512048 1 0.0467187 0.00448607
674.66 0.0474561 1 0.0455802 0.00187596
675.1 0.0467012 1 0.0444592 0.00224206
675.55 0.0439513 1 0.0433067 0.000644604
675.99 0.0481952 1 0.0421757 0.00601942
676.44 0.0424439 1 0.0410168 0.00142717
676.88 0.0446865 1 0.039883 0.00480352
677.33 0.040934 1 0.0387248 0.00220927
677.77 0.0411754 1 0.0375951 0.00358025
678.22 0.0384216 1 0.0364445 0.00197712
678.66 0.0366617 1 0.0353255 0.0013362
679.11 0.0339066 1 0.0341889 -0.000282293
679.55 0.0351454 1 0.0330866 0.00205877
679.99 0.0323836 1 0.0319947 0.000388817
680.44 0.0336265 1 0.0308902 0.00273632
680.88 0.0318634 1 0.0298233 0.00204013
681.33 0.029105 1 0.0287467 0.000358273
681.77 0.0283406 1 0.0277096 0.000631026
682.22 0.0285809 1 0.0266658 0.00191516
682.66 0.0268152 1 0.0256626 0.00115261
683.11 0.0250542 1 0.0246555 0.000398693
683.55 0.0232872 1 0.02369 -0.000402803
683.99 0.0225196 1 0.0227443 -0.000224717
684.44 0.0207565 1 0.0217982 -0.00104167
684.88 0.0199876 1 0.0208945 -0.000906864
685.33 0.0182232 1 0.0199925 -0.00176926
685.77 0.0194529 1 0.0191328 0.000320121
686.21 0.014682 1 0.0182956 -0.00361358
686.66 0.0169156 1 0.0174629 -0.000547246
687.1 0.0161434 1 0.0166719 -0.00052853
687.55 0.0133756 1 0.0158869 -0.00251132
687.99 0.017602 1 0.015143 0.00245904
688.44 0.0158329 1 0.0144063 0.00142659
688.88 0.0110579 1 0.0137096 -0.00265167
689.32 0.0142823 1 0.0130363 0.00124607
689.77 0.00951114 1 0.0123717 -0.00286051
690.21 0.00973419 1 0.0117451 -0.00201096
690.65 0.00895657 1 0.0111415 -0.00218496
691.1 0.00718331 1 0.0105476 -0.0033643
691.54 0.00640432 1 0.00998949 -0.00358517
691.99 0.00762966 1 0.00944149 -0.00181183
692.43 0.00284931 1 0.0089276 -0.00607829
692.87 0.00406828 1 0.00843501 -0.00436673
693.32 0.00629152 1 0.00795281 -0.00166129
693.76 0.00550911 1 0.00750201 -0.0019929
694.2 0.00472602 1 0.00707119 -0.00234517
694.65 0.00294715 1 0.00665073 -0.00370358
695.09 0.00516267 1 0.00625882 -0.00109615
695.53 0.0033775 1 0.00588538 -0.00250787
695.98 0.0015965 1 0.005522 -0.0039255
696.42 0.00380994 1 0.0051843 -0.00137436
696.86 0.00202268 1 0.00486344 -0.00284076
697.31 0.000239542 1 0.00455215 -0.00431261
697.75 0.00145088 1 0.00426369 -0.00281281
698.19 -0.000338484 1 0.00399041 -0.00432889
698.64 -0.00212378 1 0.00372603 -0.00584981
699.08 8.544e-05 1 0.00348174 -0.0033963
699.52 -0.000706041 1 0.00325097 -0.00395701
699.97 0.00150649 1 0.00302834 -0.00152185
700.41 -0.00128642 1 0.00282322 -0.00410964
700.85 0.00191997 1 0.00262998 -0.000710008
701.3 -0.00286969 1 0.00244409 -0.00531377
701.74 0.000335264 1 0.00227328 -0.00193802
702.18 -0.000460498 1 0.00211282 -0.00257332
702.63 -0.00325236 1 0.00195888 -0.00521124
703.07 -0.00104956 1 0.00181783 -0.00286739
703.51 -0.000847486 1 0.00168567 -0.00253316
703.96 -0.00164156 1 0.00155924 -0.0032008
704.4 -0.00144094 1 0.0014437 -0.00288464
704.84 0.000758961 1 0.00133574 -0.000576775
705.28 -0.00204186 1 0.00123493 -0.0032768
705.73 -0.00183891 1 0.00113884 -0.00297775
706.17 -0.0026412 1 0.00105135 -0.00369255
706.61 -0.00244422 1 0.000969868 -0.00341409
707.06 -0.00224352 1 0.000892401 -0.00313592
707.5 -0.00104801 1 0.000822046 -0.00187006
707.94 -0.00185324 1 0.000756701 -0.00260994
708.38 -0.00465921 1 0.000696058 -0.00535527
708.83 -0.000461523 1 0.000638598 -0.00110012
709.27 -0.00426898 1 0.000586592 -0.00485557
709.71 -0.00407717 1 0.00053845 -0.00461562
710.15 -0.0028861 1 0.000493922 -0.00338003
710.6 -0.00269146 1 0.000451872 -0.00314334
711.04 -0.0025019 1 0.000413939 -0.00291584
711.48 -0.00131308 1 0.00037894 -0.00169202
711.92 -0.00312501 1 0.000346672 -0.00347169
712.37 -0.00493344 1 0.000316299 -0.00524974
712.81 -0.000746891 1 0.000288989 -0.00103588
713.25 -0.00556109 1 0.00026387 -0.00582496
713.69 -0.00237604 1 0.000240784 -0.00261682
714.13 -0.000191747 1 0.000219584 -0.00041133
714.58 -0.00400405 1 0.000199706 -0.00420375
715.02 -0.00182129 1 0.000181901 -0.00200319
715.46 -0.00363928 1 0.000165587 -0.00380487
715.9 -0.00445804 1 0.000150649 -0.00460869
716.35 -0.00527347 1 0.000136686 -0.00541016
716.79 -0.00309378 1 0.000124216 -0.00321799
717.23 -0.00191485 1 0.000112822 -0.00202767
717.67 -0.00173669 1 0.00010242 -0.00183911
718.11 0.000440704 1 9.29289e-05 0.000347775
718.56 -0.00337867 1 8.40877e-05 -0.00346276
719 0.000797161 1 7.62194e-05 0.000720941
719.44 -0.00102778 1 6.90548e-05 -0.00109684
719.88 -0.0038535 1 6.2535e-05 -0.00391604
720.32 -0.00268 1 5.66057e-05 -0.0027366
720.76 -0.00150727 1 5.12168e-05 -0.00155849
721.21 -0.00333143 1 4.62161e-05 -0.00337765
721.65 -0.00116028 1 4.17824e-05 -0.00120207
722.09 -0.00298992 1 3.77598e-05 -0.00302768
722.53 -0.00282035 1 3.41123e-05 -0.00285446
722.97 0.000348441 1 3.08066e-05 0.000317635
723.41 -0.00248356 1 2.78123e-05 -0.00251137
723.86 0.000687443 1 2.50429e-05 0.0006624
724.3 0.000853844 1 2.25955e-05 0.000831249
724.74 0.00101945 1 2.03818e-05 0.00099907
725.18 0.000184265 1 1.83806e-05 0.000165885
725.62 -0.000651718 1 1.65721e-05 -0.00066829
726.06 -0.000488499 1 1.49386e-05 -0.000503438
726.5 -0.00032608 1 1.34636e-05 -0.000339543
726.95 -0.0021608 1 1.21036e-05 -0.0021729
727.39 0 1 1.09052e-05 -1.09052e-05
727.83 -0.00384001 1 9.82431e-06 -0.00384983
728.27 0.00231919 1 8.84967e-06 0.00231034
728.71 -0.000522408 1 7.9711e-06 -0.00053038
729.15 0.000635205 1 7.17935e-06 0.000628026
729.59 -0.000207964 1 6.466e-06 -0.00021443
730.03 -5.19103e-05 1 5.82344e-06 -5.77337e-05
730.48 0.000106891 1 5.23229e-06 0.000101659
730.92 -0.000738611 1 4.71245e-06 -0.000743324
731.36 0.00141513 1 4.24444e-06 0.00141088
731.8 0.00156811 1 3.82314e-06 0.00156428
732.24 0.00172034 1 3.44392e-06 0.00171689
732.68 -0.00112818 1 3.10261e-06 -0.00113128
733.12 2.25665e-05 1 2.79543e-06 1.97711e-05
733.56 0.00117258 1 2.51898e-06 0.00117006
734 0.00132186 1 2.27018e-06 0.00131959
734.44 0.00247042 1 2.04627e-06 0.00246837
734.89 0.000621611 1 1.8404e-06 0.00061977
735.33 0.00176872 1 1.65945e-06 0.00176706
735.77 0.00491513 1 1.49656e-06 0.00491363
736.21 0.00206083 1 1.34992e-06 0.00205948
736.65 0.00120584 1 1.2179e-06 0.00120462
737.09 0.00235015 1 1.09901e-06 0.00234905
737.53 0.00449378 1 9.91932e-07 0.00449279
737.97 0.00463673 1 8.9548e-07 0.00463583
738.41 0.002779 1 8.08581e-07 0.00277819
738.85 0.0059206 1 7.30272e-07 0.00591987
739.29 0.00406154 1 6.59689e-07 0.00406088
739.73 0.00220182 1 5.96055e-07 0.00220123
740.17 0.00434145 1 5.38673e-07 0.00434091
740.61 0.00248043 1 4.86915e-07 0.00247994
741.05 0.00361877 1 4.40219e-07 0.00361833
741.49 0.00375646 1 3.98079e-07 0.00375607
741.93 0.00389353 1 3.6004e-07 0.00389317
742.37 2.99707e-05 1 3.25695e-07 2.9645e-05
742.81 0.00116579 1 2.94676e-07 0.00116549
743.26 0.00330406 1 2.66049e-07 0.00330379
743.7 0.00243864 1 2.40786e-07 0.00243839
744.14 0.00457261 1 2.17953e-07 0.00457239
744.58 0.00370598 1 1.97309e-07 0.00370578
745.02 0.00283876 1 1.78641e-07 0.00283858
745.46 0.00497095 1 1.61756e-07 0.00497079
745.9 0.00310256 1 1.4648e-07 0.00310241
746.34 0.00423359 1 1.32657e-07 0.00423345
746.78 0.00336404 1 1.20145e-07 0.00336392
747.22 0.00349393 1 1.08819e-07 0.00349382
747.66 0.00462326 1 9.85642e-08 0.00462316
748.1 0.00375203 1 8.92775e-08 0.00375194
748.54 0.00288024 1 8.08664e-08 0.00288016
748.98 0.00300792 1 7.32472e-08 0.00300784
749.42 0.00313505 1 6.63447e-08 0.00313498
749.86 0.00226164 1 6.00906e-08 0.00226158
750.29 0.00438485 1 5.45462e-08 0.0043848
750.73 0.0015104 1 4.93992e-08 0.00151035
751.17 0.00263544 1 4.47346e-08 0.00263539
751.61 -0.000240041 1 4.05071e-08 -0.000240081
752.05 0.00488397 1 3.66756e-08 0.00488394
752.49 0.00200748 1 3.32029e-08 0.00200745
752.93 0.00113049 1 3.00554e-08 0.00113046
753.37 0.00325301 1 2.72028e-08 0.00325298
753.81 0.000375044 1 2.46175e-08 0.00037502
754.25 0.00149659 1 2.22745e-08 0.00149657
754.69 -0.00138233 1 2.01512e-08 -0.00138235
755.13 -0.000261727 1 1.82273e-08 -0.000261745
755.57 0.00285841 1 1.6484e-08 0.00285839
756.01 0.00497809 1 1.49047e-08 0.00497807
756.45 0.00309731 1 1.3474e-08 0.0030973
756.89 0.00421609 1 1.21782e-08 0.00421607
757.33 0.00133442 1 1.10047e-08 0.00133441
757.77 0.00345231 1 9.94204e-09 0.0034523
758.21 0.00256977 1 8.97997e-09 0.00256976
758.64 0.000684142 1 8.12796e-09 0.000684134
759.08 0.000800759 1 7.33801e-09 0.000800752
759.52 0.00391696 1 6.62322e-09 0.00391695
759.96 0.00303275 1 5.97655e-09 0.00303274
760.4 0.00514813 1 5.39164e-09 0.00514812
760.84 -0.000736889 1 4.8627e-09 -0.000736894
761.28 0.000377696 1 4.38449e-09 0.000377691
761.72 0.00149189 1 3.95224e-09 0.00149189
762.16 0.0016057 1 3.56163e-09 0.0016057
762.6 0.00271913 1 3.20873e-09 0.00271913
763.03 -0.000170379 1 2.89687e-09 -0.000170382
763.47 -0.00105768 1 2.60837e-09 -0.00105769
763.91 0.00205465 1 2.34793e-09 0.00205465
764.35 -0.00183338 1 2.11287e-09 -0.00183338
764.79 0.000278243 1 1.90079e-09 0.000278241
765.23 -0.00161048 1 1.70948e-09 -0.00161049
765.67 -0.000499553 1 1.53697e-09 -0.000499554
766.11 -0.00138896 1 1.38145e-09 -0.00138896
766.54 -0.000281198 1 1.24432e-09 -0.000281199
766.98 0.00182875 1 1.11773e-09 0.00182875
767.42 0.00293837 1 1.00372e-09 0.00293837
767.86 4.76788e-05 1 9.01054e-10 4.76779e-05
768.3 0.00315668 1 8.08638e-10 0.00315668
768.74 0.00126537 1 7.25473e-10 0.00126537
769.17 0.00337131 1 6.52271e-10 0.0033713
769.61 0.00147941 1 5.84823e-10 0.00147941
770.05 0.00158723 1 5.24183e-10 0.00158723
770.49 0.00269477 1 4.69682e-10 0.00269477
770.93 0.00180202 1 4.20712e-10 0.00180202
771.37 0.00190901 1 3.76728e-10 0.00190901
771.8 -0.0019867 1 3.38085e-10 -0.0019867
772.24 -0.000880233 1 3.02546e-10 -0.000880233
772.68 0.000225973 1 2.70656e-10 0.000225972
773.12 0.000331927 1 2.42048e-10 0.000331927
773.56 0.000437636 1 2.16395e-10 0.000437636
774 -0.000456896 1 1.93397e-10 -0.000456896
774.43 -0.00135405 1 1.73231e-10 -0.00135405
774.87 0.000750958 1 1.54721e-10 0.000750957
775.31 -0.000144258 1 1.38143e-10 -0.000144258
775.75 -3.96922e-05 1 1.23302e-10 -3.96923e-05
776.19 6.46598e-05 1 1.10019e-10 6.46597e-05
776.62 0.000166439 1 9.83899e-11 0.000166439
777.06 0.00227038 1 8.77336e-11 0.00227038
777.5 0.000374132 1 7.82057e-11 0.000374132
777.94 0.00347769 1 6.96897e-11 0.00347769
778.37 -0.00142129 1 6.22441e-11 -0.00142129
778.81 -0.0003181 1 5.54301e-11 -0.0003181
779.25 0.00278492 1 4.93458e-11 0.00278492
779.69 0.00188776 1 4.39148e-11 0.00188776
780.13 -9.56169e-06 1 3.90687e-11 -9.56173e-06
780.56 -0.000909371 1 3.48387e-11 -0.000909371
781 -0.000807004 1 3.09739e-11 -0.000807004
781.44 0.00229521 1 2.75287e-11 0.00229521
781.88 -0.000602713 1 2.44587e-11 -0.000602713
782.31 -0.000503093 1 2.17826e-11 -0.000503093
782.75 0.00259871 1 1.93407e-11 0.00259871
783.19 0.00270039 1 1.71669e-11 0.00270039
783.63 0.000801941 1 1.52324e-11 0.000801941
784.06 -9.89264e-05 1 1.35483e-11 -9.89265e-05
784.5 0.0010024 1 1.20137e-11 0.0010024
784.94 -0.00189638 1 1.06493e-11 -0.00189638
785.37 0.000202442 1 9.46284e-12 0.000202442
785.81 0.00330347 1 8.38271e-12 0.00330347
786.25 0.0014044 1 7.42341e-12 0.0014044
786.69 -0.00149475 1 6.57172e-12 -0.00149475
787.12 -0.00139627 1 5.83201e-12 -0.00139627
787.56 0.000704424 1 5.15951e-12 0.000704424
788 0.00080505 1 4.56305e-12 0.00080505
788.43 0.000903328 1 4.04553e-12 0.000903328
788.87 0.00200383 1 3.57551e-12 0.00200383
789.31 0.000104284 1 3.15904e-12 0.000104284
789.75 0.00220469 1 2.79016e-12 0.00220469
790.18 -0.00269723 1 2.47053e-12 -0.00269723
790.62 0.00140309 1 2.18062e-12 0.00140309
791.06 -0.00149662 1 1.92408e-12 -0.00149662
791.49 0.000601372 1 1.70202e-12 0.000601372
791.93 0.000701617 1 1.50081e-12 0.000701617
792.37 -0.000198154 1 1.32295e-12 -0.000198154
792.8 -0.00110021 1 1.16913e-12 -0.00110021
793.24 0 1 1.0299e-12 -1.0299e-12
793.68 0.000100213 1 9.06949e-13 0.000100213
794.11 0.000198154 1 8.0073e-13 0.000198154
794.55 -0.000701617 1 7.04674e-13 -0.000701617
794.99 0.00239863 1 6.19936e-13 0.00239863
795.42 0.00349662 1 5.46803e-13 0.00349662
795.86 0.00759691 1 4.80733e-13 0.00759691
796.3 0.000697232 1 4.22506e-13 0.000697232
796.73 -0.00120469 1 3.72304e-13 -0.00120469
797.17 0.000895716 1 3.26996e-13 0.000895716
797.61 -0.00200383 1 2.87106e-13 -0.00200383
798.04 9.43875e-05 1 2.52748e-13 9.43875e-05
798.48 0.00119495 1 2.2177e-13 0.00119495
798.91 -0.00270671 1 1.95106e-13 -0.00270671
799.35 -0.000606018 1 1.71081e-13 -0.000606018
799.79 0.00349475 1 1.49964e-13 0.00349475
800.22 -0.000406693 1 1.31806e-13 -0.000406693
800.66 -0.000305761 1 1.15461e-13 -0.000305761
801.1 -0.000204739 1 1.0111e-13 -0.000204739
