500.34 0.00322084 1 2.90267e-10 0.00322084
500.8 0.00262157 1 3.3249e-10 0.00262157
501.25 0.0030136 1 3.79546e-10 0.0030136
501.71 0.00141435 1 4.34319e-10 0.00141435
502.17 0.00281511 1 4.96744e-10 0.00281511
502.62 0.00520717 1 5.66205e-10 0.00520717
503.08 -0.000392061 1 6.46934e-10 -0.000392061
503.53 0 1 7.36671e-10 -7.36671e-10
503.99 0.00340077 1 8.40858e-10 0.00340077
504.44 0.00179283 1 9.56552e-10 0.00179283
504.9 0.0031936 1 1.09074e-09 0.0031936
505.36 0.000594359 1 1.24311e-09 0.000594358
505.81 0.0019864 1 1.41206e-09 0.0019864
506.27 0.00238714 1 1.6077e-09 0.00238714
506.72 0.00177916 1 1.8244e-09 0.00177915
507.18 0.00117987 1 2.07509e-09 0.00117987
507.63 -0.000428145 1 2.35247e-09 -0.000428148
508.09 0.000972531 1 2.67302e-09 0.000972529
508.54 -0.000635523 1 3.02734e-09 -0.000635526
509 0.000765108 1 3.43639e-09 0.000765105
509.45 0.00215701 1 3.88807e-09 0.002157
509.91 -0.00144242 1 4.40898e-09 -0.00144242
510.36 0.000949424 1 4.98358e-09 0.000949419
510.82 0.00134994 1 5.64558e-09 0.00134993
511.27 -0.00125829 1 6.37506e-09 -0.00125829
511.73 0.00214216 1 7.21463e-09 0.00214215
512.19 -0.00345743 1 8.16062e-09 -0.00345744
512.64 -0.00106577 1 9.20142e-09 -0.00106578
513.1 -0.00266545 1 1.03974e-08 -0.00266546
513.55 -0.00127387 1 1.1712e-08 -0.00127389
514.01 -0.000873644 1 1.3221e-08 -0.000873657
514.46 -0.00348216 1 1.48779e-08 -0.00348218
514.92 -0.00308203 1 1.67779e-08 -0.00308205
515.37 -0.00169065 1 1.88619e-08 -0.00169067
515.83 -0.00329063 1 2.12494e-08 -0.00329066
516.28 -0.00289937 1 2.38653e-08 -0.00289939
516.73 0.000491843 1 2.67902e-08 0.000491816
517.19 -0.00310832 1 3.01358e-08 -0.00310835
517.64 -0.00471723 1 3.37959e-08 -0.00471726
518.1 -0.00431752 1 3.79781e-08 -0.00431756
518.55 -0.00192657 1 4.25487e-08 -0.00192661
519.01 -0.003527 1 4.7766e-08 -0.00352704
519.46 -0.00313618 1 5.34619e-08 -0.00313624
519.92 -0.00173676 1 5.99569e-08 -0.00173682
520.37 -0.00534609 1 6.70405e-08 -0.00534616
520.83 -0.00394683 1 7.51095e-08 -0.0039469
521.28 -0.00255632 1 8.39007e-08 -0.0025564
521.74 -0.00315722 1 9.39043e-08 -0.00315731
522.19 -0.00376688 1 1.04792e-07 -0.00376698
522.65 -0.00436795 1 1.17169e-07 -0.00436807
523.1 -0.00597778 1 1.30625e-07 -0.00597791
523.55 -0.0045877 1 1.45556e-07 -0.00458785
524.01 -0.00318905 1 1.62502e-07 -0.00318921
524.46 -0.00479916 1 1.80898e-07 -0.00479934
524.92 -0.0054007 1 2.01756e-07 -0.0054009
525.37 -0.003011 1 2.24375e-07 -0.00301122
525.83 -0.00461274 1 2.49994e-07 -0.00461299
526.28 -0.00422325 1 2.77747e-07 -0.00422353
526.73 -0.00383386 1 3.08432e-07 -0.00383417
527.19 -0.00143592 1 3.43131e-07 -0.00143627
527.64 -0.00304675 1 3.80664e-07 -0.00304713
528.1 -0.00364904 1 4.23063e-07 -0.00364946
528.55 -0.00426009 1 4.68877e-07 -0.00426056
529.01 -0.00386261 1 5.20578e-07 -0.00386313
529.46 -0.00747389 1 5.76383e-07 -0.00747447
529.91 -0.00508529 1 6.3786e-07 -0.00508593
530.37 -0.00568818 1 7.07129e-07 -0.00568889
530.82 -0.00429983 1 7.81781e-07 -0.00430061
531.28 -0.00490297 1 8.65807e-07 -0.00490383
531.73 -0.00551487 1 9.56268e-07 -0.00551582
532.18 -0.00312689 1 1.05567e-06 -0.00312795
532.64 -0.00473043 1 1.16737e-06 -0.0047316
533.09 -0.00634272 1 1.28745e-06 -0.00634401
533.54 -0.00495515 1 1.41918e-06 -0.00495657
534 -0.00655911 1 1.56699e-06 -0.00656067
534.45 -0.00117181 1 1.72562e-06 -0.00117354
534.91 -0.00477605 1 1.90343e-06 -0.00477796
535.36 -0.00338905 1 2.09406e-06 -0.00339114
535.81 -0.00400218 1 2.30267e-06 -0.00400449
536.27 -0.00660688 1 2.53612e-06 -0.00660941
536.72 -0.00322031 1 2.78601e-06 -0.0032231
537.17 -0.0058339 1 3.05903e-06 -0.00583696
537.63 -0.00443906 1 3.3641e-06 -0.00444242
538.08 -0.00705296 1 3.69014e-06 -0.00705665
538.54 -0.00365844 1 4.05406e-06 -0.00366249
538.99 -0.00627266 1 4.44259e-06 -0.0062771
539.44 -0.00588704 1 4.86599e-06 -0.0058919
539.9 -0.00449302 1 5.33784e-06 -0.00449836
540.35 -0.00610773 1 5.8408e-06 -0.00611357
540.8 -0.00472261 1 6.38804e-06 -0.004729
541.26 -0.00432911 1 6.99694e-06 -0.00433611
541.71 -0.00594434 1 7.64497e-06 -0.00595198
542.16 -0.00655974 1 8.34895e-06 -0.00656809
542.62 -0.00716677 1 9.13102e-06 -0.0071759
543.07 -0.00778253 1 9.96202e-06 -0.00779249
543.52 -0.00539847 1 1.08634e-05 -0.00540933
543.98 -0.00400606 1 1.18631e-05 -0.00401792
544.43 -0.00562237 1 1.29237e-05 -0.00563529
544.88 -0.00723886 1 1.40723e-05 -0.00725294
545.34 -0.00184703 1 1.53442e-05 -0.00186238
545.79 -0.00246391 1 1.66915e-05 -0.0024806
546.24 -0.00608098 1 1.81482e-05 -0.00609913
546.69 -0.00169824 1 1.97224e-05 -0.00171796
547.15 -0.0063072 1 2.1462e-05 -0.00632867
547.6 -0.00592487 1 2.33007e-05 -0.00594817
548.05 -0.00354273 1 2.52846e-05 -0.00356802
548.51 -0.00515231 1 2.74735e-05 -0.00517979
548.96 -0.00377059 1 2.97833e-05 -0.00380037
549.41 -0.00338907 1 3.22717e-05 -0.00342135
549.86 -0.00500777 1 3.49509e-05 -0.00504272
550.32 -0.0036182 1 3.79006e-05 -0.0036561
550.77 -0.00423732 1 4.10067e-05 -0.00427833
551.22 -0.00485666 1 4.43457e-05 -0.004901
551.68 -0.00446776 1 4.8016e-05 -0.00451578
552.13 -0.00408754 1 5.18747e-05 -0.00413941
552.58 -0.00370754 1 5.60162e-05 -0.00376355
553.03 -0.00532776 1 6.04589e-05 -0.00538822
553.49 -0.00393977 1 6.53318e-05 -0.0040051
553.94 -0.00456045 1 7.04439e-05 -0.0046309
554.39 -0.00318136 1 7.59191e-05 -0.00325728
554.84 -0.0018025 1 8.17799e-05 -0.00188428
555.3 -0.00441546 1 8.81945e-05 -0.00450366
555.75 -0.00303708 1 9.49095e-05 -0.00313199
556.2 -0.00265893 1 0.000102086 -0.00276102
556.65 -0.00328102 1 0.000109752 -0.00339078
557.11 -0.00189497 1 0.000118123 -0.00201309
557.56 -0.00251755 1 0.000126868 -0.00264442
558.01 -0.00114038 1 0.000136194 -0.00127658
558.46 -0.00076346 1 0.000146135 -0.000909594
558.92 -0.00437842 1 0.000156967 -0.00453539
559.37 -0.00200201 1 0.000168258 -0.00217026
559.82 -0.00262585 1 0.000180273 -0.00280612
560.27 -0.000249942 1 0.000193052 -0.000442993
560.72 -0.0018743 1 0.000206636 -0.00208093
561.18 -0.00149057 1 0.000221399 -0.00171197
561.63 -0.00211546 1 0.000236744 -0.0023522
562.08 -0.0037406 1 0.00025303 -0.00399363
562.53 -0.000366017 1 0.000270304 -0.000636321
562.99 -0.000983385 1 0.000289037 -0.00127242
563.44 -0.00160934 1 0.000308465 -0.00191781
563.89 -0.00223558 1 0.000329039 -0.00256462
564.34 -0.00186208 1 0.000350815 -0.0022129
564.79 -0.00148887 1 0.00037385 -0.00186272
565.25 -0.000107646 1 0.00039876 -0.000506406
565.7 -0.002735 1 0.000424524 -0.00315952
566.15 -0.00136263 1 0.000451733 -0.00181436
566.6 -0.00199055 1 0.000480452 -0.002471
567.05 -0.00161875 1 0.000510748 -0.0021295
567.5 -0.00224725 1 0.000542689 -0.00278994
567.96 -0.00286779 1 0.000577116 -0.0034449
568.41 -0.00149687 1 0.000612605 -0.00210948
568.86 -0.000126254 1 0.00064996 -0.000776214
569.31 -0.00275593 1 0.000689256 -0.00344519
569.76 -0.00138591 1 0.000730573 -0.00211648
570.21 -1.61903e-05 1 0.000773989 -0.000790179
570.67 0.000361432 1 0.000820624 -0.000459192
571.12 -0.000269463 1 0.000868536 -0.001138
571.57 -0.000900666 1 0.000918798 -0.00181946
572.02 -0.000532179 1 0.000971495 -0.00150367
572.47 -0.000164004 1 0.00102671 -0.00119072
572.92 0.000203857 1 0.00108454 -0.000880686
573.37 -0.0014286 1 0.00114507 -0.00257367
573.83 -0.00205321 1 0.00120983 -0.00326304
574.28 0.00131369 1 0.00127609 3.75925e-05
574.73 -0.000319735 1 0.00134533 -0.00166507
575.18 0.00104652 1 0.00141764 -0.000371118
575.63 0.000412447 1 0.0014931 -0.00108065
576.08 -0.00122195 1 0.00157181 -0.00279377
576.53 0.00114332 1 0.00165387 -0.000510557
576.98 0.000508252 1 0.00173937 -0.00123112
577.44 -0.00111905 1 0.00183041 -0.00294946
577.89 0.00224521 1 0.00192314 0.000322074
578.34 0.00160913 1 0.00201958 -0.000410447
578.79 0.00097271 1 0.00211982 -0.00114711
579.24 0.000335947 1 0.00222396 -0.00188801
579.69 0.00169884 1 0.00233208 -0.000633238
580.14 0.00106138 1 0.00244426 -0.00138288
580.59 0.00142358 1 0.00256059 -0.00113701
581.04 0.00278543 1 0.00268116 0.000104269
581.49 0.00214692 1 0.00280603 -0.000659113
581.95 0.000516078 1 0.00293822 -0.00242214
582.4 0.00187685 1 0.00307204 -0.00119519
582.85 0.00323726 1 0.00321039 2.68724e-05
583.3 0.00159732 1 0.00335334 -0.00175603
583.75 -4.29937e-05 1 0.00350096 -0.00354395
584.2 0.00231633 1 0.00365329 -0.00133696
584.65 0.00267529 1 0.0038104 -0.00113511
585.1 0.00403387 1 0.00397233 6.15415e-05
585.55 0.00239209 1 0.00413913 -0.00174704
586 0.00374993 1 0.00431084 -0.000560906
586.45 0.0051074 1 0.00448749 0.000619914
586.9 0.00446449 1 0.0046691 -0.000204612
587.35 0.0048212 1 0.00485571 -3.45062e-05
587.8 0.00517753 1 0.00504732 0.000130214
588.25 0.00353347 1 0.00524394 -0.00171046
588.71 0.00689693 1 0.00545011 0.00144682
589.16 0.00725209 1 0.00565686 0.00159523
589.61 0.00460687 1 0.00586861 -0.00126174
590.06 0.00596125 1 0.00608532 -0.000124076
590.51 0.00531523 1 0.00630698 -0.000991747
590.96 0.00566883 1 0.00653354 -0.000864718
591.41 0.00702202 1 0.00676496 0.000257056
591.86 0.00737481 1 0.00700118 0.000373628
592.31 0.0067272 1 0.00724214 -0.000514941
592.76 0.00907919 1 0.00748777 0.00159142
593.21 0.00743077 1 0.00773798 -0.00030721
593.66 0.00978194 1 0.00799268 0.00178926
594.11 0.0091327 1 0.00825178 0.000880924
594.56 0.00848305 1 0.00851516 -3.21061e-05
595.01 0.011833 1 0.0087827 0.00305028
595.46 0.0101825 1 0.00905428 0.00112822
595.91 0.0125316 1 0.00932976 0.00320184
596.36 0.00988028 1 0.009609 0.000271287
596.81 0.0112285 1 0.00989183 0.00133671
597.26 0.0125764 1 0.0101781 0.00239829
597.71 0.0109238 1 0.0104676 0.000456174
598.16 0.0112708 1 0.0107602 0.000510559
598.61 0.0106173 1 0.0110557 -0.000438371
599.06 0.0109634 1 0.0113538 -0.000390416
599.51 0.0153091 1 0.0116545 0.00365463
599.96 0.0146543 1 0.0119574 0.00269698
600.41 0.0139991 1 0.0122623 0.00173685
600.86 0.0143435 1 0.012569 0.00177447
601.31 0.0146874 1 0.0128773 0.00181009
601.76 0.0150309 1 0.013187 0.00184393
602.21 0.0143739 1 0.0134977 0.000876241
602.65 0.0157089 1 0.0138023 0.0019066
603.1 0.015051 1 0.0141144 0.000936645
603.55 0.0153927 1 0.0144268 0.000965924
604 0.0147339 1 0.0147392 -5.29751e-06
604.45 0.0170747 1 0.0150514 0.00202325
604.9 0.017415 1 0.0153632 0.00205183
605.35 0.0157548 1 0.0156741 8.07068e-05
605.8 0.0160942 1 0.0159841 0.000110161
606.25 0.0204331 1 0.0162927 0.00414046
606.7 0.0177716 1 0.0165997 0.00117186
607.15 0.0161096 1 0.0169049 -0.000795352
607.6 0.0174471 1 0.017208 0.000239071
608.05 0.0167841 1 0.0175087 -0.000724607
608.5 0.0191207 1 0.0178068 0.00131387
608.95 0.0174568 1 0.018102 -0.000645254
609.39 0.0217849 1 0.0183876 0.00339727
609.84 0.01912 1 0.0186764 0.000443606
610.29 0.0184547 1 0.0189616 -0.000506959
610.74 0.0207888 1 0.0192431 0.00154579
611.19 0.0191225 1 0.0195205 -0.000397934
611.64 0.0194557 1 0.0197936 -0.000337943
612.09 0.0197884 1 0.0200624 -0.000274054
612.54 0.0191206 1 0.0203267 -0.0012061
612.99 0.0224523 1 0.0205862 0.00186608
613.44 0.0187835 1 0.0208409 -0.00205739
613.88 0.0231068 1 0.0210851 0.00202178
614.33 0.0214371 1 0.0213298 0.000107271
614.78 0.0187668 1 0.0215693 -0.00280257
615.23 0.019096 1 0.0218036 -0.00270767
615.68 0.0214246 1 0.0220326 -0.000607983
616.13 0.0227528 1 0.0222563 0.000496511
616.58 0.0210805 1 0.0224747 -0.00139418
617.03 0.0214076 1 0.0226877 -0.00128007
617.47 0.022727 1 0.0228909 -0.000163891
617.92 0.0220531 1 0.0230936 -0.00104042
618.37 0.0213788 1 0.0232911 -0.00191234
618.82 0.0227038 1 0.0234836 -0.000779752
619.27 0.0230284 1 0.0236712 -0.000642788
619.72 0.0223524 1 0.023854 -0.00150161
620.17 0.0216759 1 0.0240323 -0.00235639
620.61 0.0209917 1 0.0242024 -0.0032107
621.06 0.0233142 1 0.0243723 -0.00105813
621.51 0.0246361 1 0.0245383 9.77788e-05
621.96 0.0209575 1 0.0247007 -0.00374324
622.41 0.0262783 1 0.0248598 0.00141851
622.86 0.0225986 1 0.0250159 -0.0024173
623.3 0.0229113 1 0.025166 -0.00225473
623.75 0.0262305 1 0.0253172 0.000913248
624.2 0.0255492 1 0.0254666 8.25667e-05
624.65 0.0238673 1 0.0256145 -0.00174718
625.1 0.0251849 1 0.0257613 -0.000576424
625.54 0.0244949 1 0.0259043 -0.0014094
625.99 0.0258113 1 0.0260503 -0.000238973
626.44 0.0251272 1 0.0261967 -0.00106941
626.89 0.0254426 1 0.0263438 -0.000901212
627.34 0.0277574 1 0.0264923 0.00126513
627.78 0.0250647 1 0.0266392 -0.00157451
628.23 0.0243783 1 0.0267917 -0.00241335
628.68 0.0256915 1 0.026947 -0.00125558
629.13 0.026004 1 0.0271057 -0.00110174
629.58 0.026316 1 0.0272683 -0.000952341
630.02 0.0276205 1 0.0274315 0.000188932
630.47 0.0269313 1 0.0276033 -0.000672008
630.92 0.0262415 1 0.0277805 -0.00153894
631.37 0.0265512 1 0.0279636 -0.00141238
631.81 0.0308535 1 0.0281488 0.00270461
632.26 0.029162 1 0.0283451 0.000816884
632.71 0.0284699 1 0.0285487 -7.87697e-05
633.16 0.0287773 1 0.0287601 1.72109e-05
633.61 0.028084 1 0.0289796 -0.000895593
634.05 0.0273834 1 0.0292026 -0.00181921
634.5 0.029689 1 0.0294395 0.000249486
634.95 0.029994 1 0.0296857 0.000308309
635.4 0.0322984 1 0.0299414 0.00235696
635.84 0.0315954 1 0.030201 0.00139445
636.29 0.0318986 1 0.0304764 0.00142224
636.74 0.0322012 1 0.030762 0.0014392
637.18 0.0334965 1 0.0310513 0.00244517
637.63 0.0317979 1 0.0313576 0.00044032
638.08 0.0320987 1 0.0316743 0.00042435
638.53 0.0323989 1 0.0320016 0.000397262
638.97 0.0326918 1 0.0323317 0.000360077
639.42 0.0359907 1 0.0326795 0.00331121
639.87 0.0362891 1 0.0330375 0.00325155
640.32 0.0325868 1 0.0334055 -0.000818695
640.76 0.0358773 1 0.0337746 0.00210266
641.21 0.0361738 1 0.0341614 0.00201236
641.66 0.0364696 1 0.0345571 0.00191247
642.1 0.0377583 1 0.0349523 0.00280595
642.55 0.0360529 1 0.0353644 0.000688475
643 0.0363469 1 0.035784 0.000562916
643.44 0.0386337 1 0.0362008 0.00243293
643.89 0.0389264 1 0.0366331 0.00229328
644.34 0.0372185 1 0.0370709 0.000147566
644.79 0.0375099 1 0.0375134 -3.41885e-06
645.23 0.0397943 1 0.0379496 0.00184466
645.68 0.0390844 1 0.0383987 0.00068578
646.13 0.041374 1 0.0388497 0.00252428
646.57 0.0406564 1 0.0392916 0.00136479
647.02 0.0389446 1 0.0397436 -0.000798944
647.47 0.0422322 1 0.0401945 0.00203777
647.91 0.0415128 1 0.0406332 0.000879607
648.36 0.0417991 1 0.0410786 0.000720493
648.81 0.0410847 1 0.0415195 -0.000434785
649.25 0.0433633 1 0.0419451 0.00141824
649.7 0.0416476 1 0.0423735 -0.000725913
650.15 0.0439313 1 0.0427939 0.00113739
650.59 0.042208 1 0.0431958 -0.000987875
651.04 0.0434903 1 0.0435964 -0.000106157
651.48 0.0447657 1 0.0439767 0.000788995
651.93 0.0460467 1 0.0443526 0.00169405
652.38 0.042327 1 0.0447142 -0.00238723
652.82 0.0446004 1 0.0450527 -0.000452308
653.27 0.0448794 1 0.0453823 -0.000502932
653.72 0.0461577 1 0.045694 0.000463746
654.16 0.0454292 1 0.0459801 -0.000550977
654.61 0.0467061 1 0.0462527 0.000453355
655.06 0.0449823 1 0.0465039 -0.0015216
655.5 0.0422518 1 0.0467279 -0.00447607
655.95 0.0425267 1 0.0469336 -0.00440696
656.39 0.0377948 1 0.0471112 -0.00931643
656.84 0.0430683 1 0.0472677 -0.00419945
657.29 0.0483411 1 0.047398 0.000943059
657.73 0.0456072 1 0.0474993 -0.00189215
658.18 0.0458786 1 0.0475755 -0.00169686
658.62 0.0461433 1 0.0476224 -0.0014791
659.07 0.0454133 1 0.0476417 -0.0022284
659.52 0.0476827 1 0.0476315 5.11429e-05
659.96 0.0459453 1 0.0475925 -0.00164721
660.41 0.0482132 1 0.0475226 0.000690613
660.85 0.0454745 1 0.0474246 -0.00195012
661.3 0.045741 1 0.0472939 -0.00155286
661.74 0.0470009 1 0.0471361 -0.00013516
662.19 0.045266 1 0.0469439 -0.00167797
662.64 0.0465303 1 0.0467208 -0.000190494
663.08 0.0447881 1 0.0464728 -0.00168468
663.53 0.045051 1 0.0461888 -0.00113773
663.97 0.0433074 1 0.0458816 -0.00257423
664.42 0.0445689 1 0.0455378 -0.000968918
664.86 0.0438238 1 0.045173 -0.00134913
665.31 0.0460839 1 0.0447711 0.00131279
665.75 0.0443374 1 0.0443505 -1.31363e-05
666.2 0.044596 1 0.0438929 0.000703063
666.65 0.0438538 1 0.0434082 0.000445634
667.09 0.0421052 1 0.0429088 -0.000803575
667.54 0.0443616 1 0.0423728 0.0019887
667.98 0.0426115 1 0.0418251 0.000786365
668.43 0.0428664 1 0.0412417 0.00162469
668.87 0.0431149 1 0.0406494 0.00246543
669.32 0.0413683 1 0.0400225 0.00134572
669.76 0.0396153 1 0.0393899 0.000225351
670.21 0.0418672 1 0.038724 0.00314315
670.65 0.0401128 1 0.0380556 0.00205716
671.1 0.0383631 1 0.0373554 0.00100771
671.54 0.0376072 1 0.0366559 0.000951329
671.99 0.0398561 1 0.0359265 0.00392965
672.43 0.0360987 1 0.0352008 0.000897927
672.88 0.0353461 1 0.0344472 0.000898878
673.32 0.0365872 1 0.0337005 0.00288674
673.77 0.0328331 1 0.032928 -9.48904e-05
674.21 0.0330727 1 0.0321652 0.000907444
674.66 0.032317 1 0.031379 0.000937998
675.1 0.0315551 1 0.0306054 0.00094971
675.55 0.0287979 1 0.0298106 -0.00101272
675.99 0.0310345 1 0.0290311 0.00200337
676.44 0.0292757 1 0.0282328 0.00104291
676.88 0.0305108 1 0.0274523 0.00305853
677.33 0.0287504 1 0.0266552 0.00209518
677.77 0.028984 1 0.0258783 0.00310568
678.22 0.0272221 1 0.0250873 0.00213482
678.66 0.0264541 1 0.0243183 0.00213581
679.11 0.0246906 1 0.0235375 0.0011531
679.55 0.0239211 1 0.0227806 0.0011405
679.99 0.0241508 1 0.022031 0.00211977
680.44 0.0223849 1 0.021273 0.00111198
680.88 0.0206131 1 0.0205409 7.21901e-05
681.33 0.0188456 1 0.0198024 -0.000956786
681.77 0.0180722 1 0.0190911 -0.00101885
682.22 0.0203032 1 0.0183753 0.00192791
682.66 0.0185282 1 0.0176874 0.000840774
683.11 0.0167575 1 0.0169969 -0.000239395
683.55 0.015981 1 0.016335 -0.000354023
683.99 0.0162036 1 0.0156867 0.000516994
684.44 0.0134306 1 0.0150381 -0.0016075
684.88 0.0146516 1 0.0144184 0.000233178
685.33 0.0128769 1 0.0138 -0.000923118
685.77 0.0120964 1 0.0132106 -0.00111419
686.21 0.0123151 1 0.0126364 -0.000321363
686.66 0.0105379 1 0.0120653 -0.00152739
687.1 0.00975495 1 0.0115227 -0.00176772
687.55 0.00997612 1 0.0109841 -0.00100795
687.99 0.0111916 1 0.0104735 0.000718069
688.44 0.0104111 1 0.00996779 0.000443295
688.88 0.00862491 1 0.00948942 -0.000864505
689.32 0.00883793 1 0.00902692 -0.000188991
689.77 0.00705495 1 0.00857026 -0.00151531
690.21 0.00726633 1 0.00813964 -0.000873308
690.65 0.0064769 1 0.00772458 -0.00124769
691.1 0.00669141 1 0.00731603 -0.000624629
691.54 0.00390032 1 0.00693196 -0.00303163
691.99 0.00511314 1 0.00655466 -0.00144152
692.43 0.0023204 1 0.00620069 -0.00388029
692.87 0.00152684 1 0.00586122 -0.00433438
693.32 0.00673712 1 0.00552875 0.00120837
693.76 0.00294188 1 0.00521775 -0.00227587
694.2 0.00214582 1 0.00492038 -0.00277455
694.65 0.00335354 1 0.00462999 -0.00127645
695.09 0.0035558 1 0.00435917 -0.000803364
695.53 0.00175723 1 0.00410095 -0.00234372
695.98 0.00196237 1 0.00384954 -0.00188717
696.42 0.0021621 1 0.00361574 -0.00145364
696.86 0.00136099 1 0.00339346 -0.00203247
697.31 -0.00143646 1 0.00317767 -0.00461413
697.75 0.000760729 1 0.00297757 -0.00221684
698.19 -0.00204293 1 0.00278787 -0.0048308
698.64 0.000157003 1 0.00260423 -0.00244722
699.08 0.00135163 1 0.00243443 -0.00108279
699.52 -0.00045459 1 0.0022739 -0.00272849
699.97 0.000742709 1 0.00211894 -0.00137623
700.41 -6.52414e-05 1 0.00197605 -0.0020413
700.85 0.000125952 1 0.00184135 -0.0017154
701.3 0.000320601 1 0.00171168 -0.00139108
701.74 0.000510055 1 0.00159246 -0.0010824
702.18 -0.00330135 1 0.00148036 -0.00478172
702.63 0.000890629 1 0.00137276 -0.00048213
703.07 0.00207747 1 0.00127409 0.000803376
703.51 0.00126344 1 0.00118158 8.18562e-05
703.96 -0.00154726 1 0.00109302 -0.00264028
704.4 -0.00136305 1 0.00101204 -0.0023751
704.84 -0.000179719 1 0.00093632 -0.00111604
705.28 2.73901e-06 1 0.000865579 -0.00086284
705.73 -0.000811564 1 0.000798103 -0.00160967
706.17 -0.000630885 1 0.000736625 -0.00136751
706.61 -0.00145109 1 0.000679346 -0.00213043
707.06 -0.00126812 1 0.000624858 -0.00189297
707.5 -0.00209011 1 0.000575348 -0.00266546
707.94 -0.00491299 1 0.000529342 -0.00544233
708.38 -0.00373676 1 0.00048663 -0.00422339
708.83 0.00244255 1 0.000446145 0.00199641
709.27 -0.00238302 1 0.00040949 -0.00279251
709.71 -0.00220949 1 0.00037555 -0.00258504
710.15 -3.68599e-05 1 0.00034415 -0.00038101
710.6 -0.000861235 1 0.000314493 -0.00117573
711.04 -0.00169042 1 0.000287737 -0.00197816
711.48 -0.00152052 1 0.000263049 -0.00178357
711.92 0.000648485 1 0.00024029 0.000408196
712.37 -0.00017961 1 0.000218869 -0.000398479
712.81 -0.00101244 1 0.000199612 -0.00121206
713.25 -0.00084619 1 0.000181905 -0.0010281
713.69 -0.000680848 1 0.000165638 -0.000846487
714.13 -0.00151642 1 0.000150707 -0.00166713
714.58 -0.000349206 1 0.000136715 -0.000485921
715.02 -0.00118664 1 0.000124191 -0.00131083
715.46 -0.00302498 1 0.000112726 -0.00313771
715.9 -0.00186426 1 0.000102238 -0.0019665
716.35 -0.00170083 1 9.24448e-05 -0.00179328
716.79 -0.000541977 1 8.37097e-05 -0.000625687
717.23 0.000615951 1 7.574e-05 0.000540211
717.67 -0.00122705 1 6.84749e-05 -0.00129553
718.11 -0.00107099 1 6.18577e-05 -0.00113284
718.56 8.76598e-05 1 5.57054e-05 3.19544e-05
719 -0.000758166 1 5.02417e-05 -0.000808408
719.44 0.00039507 1 4.5278e-05 0.000349792
719.88 -0.00145263 1 4.07725e-05 -0.00149341
720.32 -0.000301279 1 3.66862e-05 -0.000337965
720.76 -0.00115087 1 3.29834e-05 -0.00118385
721.21 -0.000998016 1 2.95585e-05 -0.00102757
721.65 -0.00184952 1 2.65326e-05 -0.00187605
722.09 -0.000701972 1 2.37976e-05 -0.00072577
722.53 -0.000555377 1 2.13276e-05 -0.000576704
722.97 0.000590266 1 1.90989e-05 0.000571167
723.41 -0.00326505 1 1.70896e-05 -0.00328214
723.86 -0.000118061 1 1.52406e-05 -0.000133302
724.3 2.46885e-05 1 1.36154e-05 1.10731e-05
724.74 0.00116648 1 1.21538e-05 0.00115432
725.18 -0.000692697 1 1.08406e-05 -0.000703538
725.62 -0.00155284 1 9.66166e-06 -0.0015625
726.06 0.00158606 1 8.6041e-06 0.00157745
726.5 -0.00227602 1 7.65625e-06 -0.00228367
726.95 -0.00013596 1 6.78921e-06 -0.00014275
727.39 0 1 6.03163e-06 -6.03163e-06
727.83 -0.000865013 1 5.35436e-06 -0.000870367
728.27 0.00226901 1 4.74938e-06 0.00226426
728.71 0.00140207 1 4.20942e-06 0.00139786
729.15 0.00253417 1 3.72791e-06 0.00253044
729.59 0.00266532 1 3.29887e-06 0.00266202
730.03 -0.000204463 1 2.9169e-06 -0.00020738
730.48 0.00192774 1 2.56985e-06 0.00192517
730.92 0.00205607 1 2.26866e-06 0.0020538
731.36 0.00118348 1 2.0012e-06 0.00118147
731.8 0.00230997 1 1.76387e-06 0.0023082
732.24 0.00143555 1 1.55346e-06 0.00143399
732.68 -0.000439776 1 1.36707e-06 -0.000441143
733.12 0.000684007 1 1.20209e-06 0.000682805
733.56 0.000806899 1 1.05619e-06 0.000805843
734 0.000928909 1 9.2727e-07 0.000927981
734.44 0.00405004 1 8.13441e-07 0.00404923
734.89 0.00117303 1 7.10884e-07 0.00117232
735.33 0.00229241 1 6.22624e-07 0.00229178
735.77 0.00541093 1 5.44892e-07 0.00541038
736.21 0.0035286 1 4.76489e-07 0.00352813
736.65 0.00264543 1 4.16345e-07 0.00264501
737.09 0.00276142 1 3.63506e-07 0.00276106
737.53 0.00487658 1 3.17123e-07 0.00487626
737.97 0.00599092 1 2.76441e-07 0.00599064
738.41 0.00310444 1 2.40788e-07 0.00310419
738.85 0.00621714 1 2.09568e-07 0.00621693
739.29 0.00432904 1 1.82253e-07 0.00432886
739.73 0.00244015 1 1.58373e-07 0.00243999
740.17 0.00455046 1 1.37514e-07 0.00455032
740.61 0.00265999 1 1.19309e-07 0.00265987
741.05 0.00476873 1 1.03432e-07 0.00476863
741.49 0.00487671 1 8.95979e-08 0.00487662
741.93 0.00198392 1 7.75531e-08 0.00198384
742.37 0.00109037 1 6.70749e-08 0.0010903
742.81 0.00419607 1 5.7967e-08 0.00419601
743.26 0.00430339 1 4.98894e-08 0.00430334
743.7 0.00340759 1 4.30468e-08 0.00340755
744.14 0.00351105 1 3.71135e-08 0.00351101
744.58 0.00161379 1 3.19731e-08 0.00161375
745.02 0.0037158 1 2.75231e-08 0.00371577
745.46 0.0038171 1 2.36739e-08 0.00381708
745.9 0.0039177 1 2.03471e-08 0.00391768
746.34 0.00401759 1 1.74742e-08 0.00401757
746.78 0.00411679 1 1.49952e-08 0.00411678
747.22 0.0042153 1 1.28579e-08 0.00421529
747.66 0.00431314 1 1.10167e-08 0.00431313
748.1 0.00141029 1 9.43171e-09 0.00141028
748.54 0.00150678 1 8.06852e-09 0.00150677
748.98 0.00360261 1 6.89698e-09 0.0036026
749.42 0.00369778 1 5.89098e-09 0.00369778
749.86 0.00479231 1 5.02781e-09 0.0047923
750.29 0.00188406 1 4.30338e-09 0.00188406
750.73 -2.26741e-05 1 3.66721e-09 -2.26778e-05
751.17 0.00106996 1 3.12268e-09 0.00106996
751.61 0.00316197 1 2.65694e-09 0.00316197
752.05 0.00425336 1 2.25893e-09 0.00425336
752.49 0.00234415 1 1.91906e-09 0.00234415
752.93 0.000434329 1 1.62907e-09 0.000434327
753.37 0.000523914 1 1.38184e-09 0.000523912
753.81 0.000612909 1 1.17123e-09 0.000612908
754.25 0.00070132 1 9.91963e-10 0.000701319
754.69 -0.00221084 1 8.3949e-10 -0.00221085
755.13 -0.000123581 1 7.09911e-10 -0.000123581
755.57 0.00096312 1 5.99876e-10 0.000963119
756.01 0.00204926 1 5.06511e-10 0.00204926
756.45 0.00213485 1 4.27353e-10 0.00213485
756.89 0.0032199 1 3.60293e-10 0.0032199
757.33 0.00130441 1 3.03526e-10 0.00130441
757.77 0.00138839 1 2.55511e-10 0.00138839
758.21 0.00247184 1 2.14929e-10 0.00247184
758.64 -0.0004471 1 1.81373e-10 -0.000447101
759.08 -0.00236467 1 1.52341e-10 -0.00236467
759.52 0.000717264 1 1.2786e-10 0.000717264
759.96 0.00479869 1 1.07234e-10 0.00479869
760.4 -0.00112037 1 8.98679e-11 -0.00112037
760.84 -3.99157e-05 1 7.52588e-11 -3.99158e-05
761.28 0.00104006 1 6.29782e-11 0.00104006
761.72 0.00211956 1 5.26628e-11 0.00211956
762.16 0.00319859 1 4.40048e-11 0.00319859
762.6 0.00127716 1 3.67435e-11 0.00127716
763.03 0.00135351 1 3.07849e-11 0.00135351
763.47 0.000431196 1 2.56683e-11 0.000431196
763.91 0.000508438 1 2.13867e-11 0.000508438
764.35 -0.00341475 1 1.78066e-11 -0.00341475
764.79 -0.00233837 1 1.48153e-11 -0.00233837
765.23 -0.00126241 1 1.23177e-11 -0.00126241
765.67 -0.000186866 1 1.02341e-11 -0.000186866
766.11 -0.00211173 1 8.49691e-12 -0.00211173
766.54 -0.00403869 1 7.07978e-12 -0.00403869
766.98 3.56641e-05 1 5.87002e-12 3.56641e-05
767.42 0.00110963 1 4.86366e-12 0.00110963
767.86 -0.00281679 1 4.02709e-12 -0.00281679
768.3 0.000256409 1 3.33218e-12 0.000256409
768.74 0.00132924 1 2.75534e-12 0.00132924
769.17 0.00140007 1 2.28677e-12 0.00140007
769.61 0.0014722 1 1.88845e-12 0.0014722
770.05 0.000543973 1 1.5585e-12 0.000543973
770.49 0.0036154 1 1.28538e-12 0.0036154
770.93 0.0026865 1 1.05945e-12 0.0026865
771.37 -0.00224274 1 8.72689e-13 -0.00224274
771.8 -0.000173892 1 7.21595e-13 -0.000173892
772.24 -0.00310376 1 5.93671e-13 -0.00310376
772.68 -0.00403394 1 4.88134e-13 -0.00403394
773.12 -0.000964424 1 4.01121e-13 -0.000964424
773.56 -0.0038952 1 3.29428e-13 -0.0038952
774 -0.00182628 1 2.70395e-13 -0.00182628
774.43 -0.00175919 1 2.22818e-13 -0.00175919
774.87 -0.00369082 1 1.82689e-13 -0.00369082
775.31 -0.000622722 1 1.49708e-13 -0.000622722
775.75 -0.00155489 1 1.22616e-13 -0.00155489
776.19 -0.00148731 1 1.00375e-13 -0.00148731
776.62 -0.00242152 1 8.25038e-14 -0.00242152
777.06 -0.00235444 1 6.74735e-14 -0.00235444
777.5 -0.00228759 1 5.51554e-14 -0.00228759
777.94 -0.000220984 1 4.50656e-14 -0.000220984
778.37 -0.00215611 1 3.69752e-14 -0.00215611
778.81 -0.00208994 1 3.01854e-14 -0.00208994
779.25 -0.00302398 1 2.46323e-14 -0.00302398
779.69 -0.00195824 1 2.00929e-14 -0.00195824
780.13 0.000107312 1 1.6384e-14 0.000107312
780.56 -0.00182882 1 1.34171e-14 -0.00182882
781 -0.000763647 1 1.0933e-14 -0.000763647
781.44 0.000301342 1 8.90591e-15 0.000301342
781.88 0.000366156 1 7.2525e-15 0.000366156
782.31 -0.00357066 1 5.93209e-15 -0.00357066
782.75 -0.00250618 1 4.82821e-15 -0.00250618
783.19 0.000558157 1 3.92881e-15 0.000558157
783.63 -0.00437766 1 3.19625e-15 -0.00437766
784.06 -0.00331507 1 2.61202e-15 -0.00331507
784.5 -0.00225116 1 2.12421e-15 -0.00225116
784.94 -0.00418738 1 1.72723e-15 -0.00418738
785.37 -0.00112517 1 1.41089e-15 -0.00112517
785.81 -0.00206162 1 1.14695e-15 -0.00206162
786.25 -0.00199819 1 9.32303e-16 -0.00199819
786.69 -0.00493486 1 7.57779e-16 -0.00493486
787.12 -0.00487306 1 6.18807e-16 -0.00487306
787.56 -0.00280992 1 5.02936e-16 -0.00280992
788 -0.000746858 1 4.08762e-16 -0.000746858
788.43 0.000314695 1 3.33798e-16 0.000314695
788.87 -0.00162239 1 2.71312e-16 -0.00162239
789.31 -0.00355954 1 2.20536e-16 -0.00355954
789.75 -0.000496751 1 1.79278e-16 -0.000496751
790.18 -0.00543544 1 1.4644e-16 -0.00543544
790.62 -0.00437274 1 1.19069e-16 -0.00437274
791.06 -0.00431009 1 9.68275e-17 -0.00431009
791.49 -0.00424888 1 7.91229e-17 -0.00424888
791.93 -0.00418628 1 6.43631e-17 -0.00418628
792.37 -0.00312371 1 5.2366e-17 -0.00312371
792.8 -6.25604e-05 1 4.28133e-17 -6.25604e-05
793.24 0 1 3.48466e-17 -3.48466e-17
793.68 -0.00293744 1 2.83684e-17 -0.00293744
794.11 -0.00587629 1 2.32078e-17 -0.00587629
794.55 -0.000813715 1 1.89017e-17 -0.000813715
794.99 -0.00375112 1 1.53982e-17 -0.00375112
795.42 -0.00368991 1 1.26056e-17 -0.00368991
795.86 -0.00162726 1 1.0274e-17 -0.00162726
796.3 -0.00456456 1 8.37566e-18 -0.00456456
796.73 -0.00250325 1 6.86146e-18 -0.00250325
797.17 -0.00444046 1 5.59633e-18 -0.00444046
797.61 -0.00437761 1 4.56554e-18 -0.00437761
798.04 -0.00331613 1 3.74272e-18 -0.00331613
798.48 -0.00325314 1 3.05473e-18 -0.00325314
798.91 -0.00719152 1 2.50526e-18 -0.00719152
799.35 -0.00312837 1 2.04561e-18 -0.00312837
799.79 0.00193486 1 1.67062e-18 0.00193486
800.22 -0.00300325 1 1.37091e-18 -0.00300325
800.66 -0.00293982 1 1.12001e-18 -0.00293982
801.1 -0.000876277 1 9.15174e-19 -0.000876277
