500.34 0.00423747 1 3.38702e-22 0.00423747
500.8 0.0016358 1 4.39397e-22 0.0016358
501.25 0.00402549 1 5.66399e-22 0.00402549
501.71 0.00342384 1 7.33696e-22 0.00342384
502.17 -0.000177794 1 9.49693e-22 -0.000177794
502.62 0.00421191 1 1.22151e-21 0.00421191
503.08 0.00161029 1 1.57877e-21 0.00161029
503.53 0 1 2.0277e-21 -2.0277e-21
503.99 0.00139837 1 2.61685e-21 0.00139837
504.44 0.00278809 1 3.35607e-21 0.00278809
504.9 0.00218645 1 4.32475e-21 0.00218645
505.36 -0.00141518 1 5.56884e-21 -0.00141518
505.81 0.00197451 1 7.12632e-21 0.00197451
506.27 0.00137286 1 9.16271e-21 0.00137286
506.72 0.000762528 1 1.17083e-20 0.000762528
507.18 0.000160847 1 1.50316e-20 0.000160847
507.63 -0.00044951 1 1.91798e-20 -0.00044951
508.09 0.000948775 1 2.45873e-20 0.000948775
508.54 -0.000661618 1 3.13269e-20 -0.000661618
509 0.000736625 1 4.00995e-20 0.000736625
509.45 0.000126188 1 5.10168e-20 0.000126188
509.91 -0.00247562 1 6.52063e-20 -0.00247562
510.36 -0.00108611 1 8.28386e-20 -0.00108611
510.82 -0.00168797 1 1.05721e-19 -0.00168797
511.27 -0.00129852 1 1.34114e-19 -0.00129852
511.73 -0.00190045 1 1.70907e-19 -0.00190045
512.19 -0.00350242 1 2.1763e-19 -0.00350242
512.64 -0.00711307 1 2.75473e-19 -0.00711307
513.1 -0.00371512 1 3.50261e-19 -0.00371512
513.55 -0.00132585 1 4.42712e-19 -0.00132585
514.01 -0.00192798 1 5.62067e-19 -0.00192798
514.46 -0.0045388 1 7.09392e-19 -0.0045388
514.92 -0.00114102 1 8.99306e-19 -0.00114102
515.37 -0.00275194 1 1.13338e-18 -0.00275194
515.83 -0.00235426 1 1.43466e-18 -0.00235426
516.28 -0.00496528 1 1.80545e-18 -0.00496528
516.73 -0.00557635 1 2.27042e-18 -0.00557635
517.19 -0.00317884 1 2.8676e-18 -0.00317884
517.64 -0.00479003 1 3.60088e-18 -0.00479003
518.1 -0.00439264 1 4.54124e-18 -0.00439264
518.55 -0.00600395 1 5.69422e-18 -0.00600395
519.01 -0.00560668 1 7.17058e-18 -0.00560668
519.46 -0.00621812 1 8.97805e-18 -0.00621812
519.92 -0.003821 1 1.1289e-17 -0.003821
520.37 -0.00643258 1 1.41141e-17 -0.00643258
520.83 -0.00603559 1 1.77207e-17 -0.00603559
521.28 -0.00564732 1 2.21231e-17 -0.00564732
521.74 -0.00525049 1 2.77351e-17 -0.00525049
522.19 -0.00586236 1 3.4575e-17 -0.00586236
522.65 -0.0064657 1 4.32813e-17 -0.0064657
523.1 -0.00607773 1 5.38768e-17 -0.00607773
523.55 -0.00468985 1 6.70179e-17 -0.00468985
524.01 -0.00229344 1 8.37073e-17 -0.00229344
524.46 -0.00390573 1 1.03973e-16 -0.00390573
524.92 -0.00750949 1 1.29673e-16 -0.00750949
525.37 -0.00812197 1 1.60833e-16 -0.00812197
525.83 -0.00572592 1 2.00289e-16 -0.00572592
526.28 -0.00733858 1 2.48057e-16 -0.00733858
526.73 -0.00695133 1 3.06996e-16 -0.00695133
527.19 -0.00355559 1 3.81461e-16 -0.00355559
527.64 -0.00316854 1 4.71412e-16 -0.00316854
528.1 -0.006773 1 5.84887e-16 -0.006773
528.55 -0.00638616 1 7.21757e-16 -0.00638616
529.01 -0.00499083 1 8.94163e-16 -0.00499083
529.46 -0.00560421 1 1.1018e-15 -0.00560421
529.91 -0.0062177 1 1.35669e-15 -0.0062177
530.37 -0.00782271 1 1.67703e-15 -0.00782271
530.82 -0.00743642 1 2.06198e-15 -0.00743642
531.28 -0.00704167 1 2.54507e-15 -0.00704167
531.73 -0.00865561 1 3.12472e-15 -0.00865561
532.18 -0.00626968 1 3.83364e-15 -0.00626968
532.64 -0.00887529 1 4.7213e-15 -0.00887529
533.09 -0.0084896 1 5.78402e-15 -0.0084896
533.54 -0.00910404 1 7.08086e-15 -0.00910404
534 -0.01071 1 8.70105e-15 -0.01071
534.45 -0.00332473 1 1.06364e-14 -0.00332473
534.91 -0.00693099 1 1.30508e-14 -0.00693099
535.36 -0.00654595 1 1.59305e-14 -0.00654595
535.81 -0.00816105 1 1.94316e-14 -0.00816105
536.27 -0.00776772 1 2.37895e-14 -0.00776772
536.72 -0.00738309 1 2.89757e-14 -0.00738309
537.17 -0.0079986 1 3.52672e-14 -0.0079986
537.63 -0.00760571 1 4.30805e-14 -0.00760571
538.08 -0.00722151 1 5.23584e-14 -0.00722151
538.54 -0.00782892 1 6.38632e-14 -0.00782892
538.99 -0.00844501 1 7.75041e-14 -0.00844501
539.44 -0.00706125 1 9.39909e-14 -0.00706125
539.9 -0.00866913 1 1.14389e-13 -0.00866913
540.35 -0.00928568 1 1.38521e-13 -0.00928568
540.8 -0.00990238 1 1.67623e-13 -0.00990238
541.26 -0.00751073 1 2.03549e-13 -0.00751073
541.71 -0.00812775 1 2.45954e-13 -0.00812775
542.16 -0.00774494 1 2.9698e-13 -0.00774494
542.62 -0.00835379 1 3.5983e-13 -0.00835379
543.07 -0.0089713 1 4.3385e-13 -0.0089713
543.52 -0.00858898 1 5.22721e-13 -0.00858898
543.98 -0.00719834 1 6.31939e-13 -0.00719834
544.43 -0.00981637 1 7.60279e-13 -0.00981637
544.88 -0.00943457 1 9.14027e-13 -0.00943457
545.34 -0.00704446 1 1.10255e-12 -0.00704446
545.79 -0.00566301 1 1.32359e-12 -0.00566301
546.24 -0.0102817 1 1.5878e-12 -0.0102817
546.69 -0.00690065 1 1.90338e-12 -0.00690065
547.15 -0.00951127 1 2.28919e-12 -0.00951127
547.6 -0.00713055 1 2.74019e-12 -0.00713055
548.05 -0.00675001 1 3.27768e-12 -0.00675001
548.51 -0.00936122 1 3.93331e-12 -0.00936122
548.96 -0.00798106 1 4.69799e-12 -0.00798106
549.41 -0.0076011 1 5.6073e-12 -0.0076011
549.86 -0.00922132 1 6.68781e-12 -0.00922132
550.32 -0.00883332 1 8.00187e-12 -0.00883332
550.77 -0.00745394 1 9.52993e-12 -0.00745394
551.22 -0.00907476 1 1.13416e-11 -0.00907476
551.68 -0.00868737 1 1.354e-11 -0.00868737
552.13 -0.0083086 1 1.60906e-11 -0.0083086
552.58 -0.01093 1 1.9108e-11 -0.01093
553.03 -0.00955168 1 2.26748e-11 -0.00955168
553.49 -0.00816513 1 2.699e-11 -0.00816513
553.94 -0.0077872 1 3.19816e-11 -0.0077872
554.39 -0.00940948 1 3.78692e-11 -0.00940948
554.84 -0.00803197 1 4.48085e-11 -0.00803197
555.3 -0.0086463 1 5.31783e-11 -0.0086463
555.75 -0.0102692 1 6.28314e-11 -0.0102692
556.2 -0.00989238 1 7.41833e-11 -0.00989238
556.65 -0.0115158 1 8.75233e-11 -0.0115158
557.11 -0.00813099 1 1.03565e-10 -0.00813099
557.56 -0.0107548 1 1.22011e-10 -0.0107548
558.01 -0.00437887 1 1.43639e-10 -0.00437887
558.46 -0.00600315 1 1.6898e-10 -0.00600315
558.92 -0.00961933 1 1.99361e-10 -0.00961933
559.37 -0.00724408 1 2.34191e-10 -0.00724408
559.82 -0.00786907 1 2.74908e-10 -0.00786907
560.27 -0.0084943 1 3.22473e-10 -0.0084943
560.72 -0.00811976 1 3.77995e-10 -0.00811976
561.18 -0.00973715 1 4.44313e-10 -0.00973715
561.63 -0.0083631 1 5.20056e-10 -0.0083631
562.08 -0.0099893 1 6.08273e-10 -0.0099893
562.53 -0.00761575 1 7.10944e-10 -0.00761575
562.99 -0.00823415 1 8.33209e-10 -0.00823415
563.44 -0.00986109 1 9.72432e-10 -0.0098611
563.89 -0.0104883 1 1.1341e-09 -0.0104883
564.34 -0.00811575 1 1.3217e-09 -0.00811575
564.79 -0.00774346 1 1.53922e-09 -0.00774346
565.25 -0.00936317 1 1.79728e-09 -0.00936317
565.7 -0.0089914 1 2.09003e-09 -0.0089914
566.15 -0.0106199 1 2.42872e-09 -0.0106199
566.6 -0.00824866 1 2.82026e-09 -0.00824866
567.05 -0.00787768 1 3.27256e-09 -0.00787768
567.5 -0.00850697 1 3.79468e-09 -0.00850698
567.96 -0.00812831 1 4.41132e-09 -0.00812831
568.41 -0.00975815 1 5.10769e-09 -0.00975815
568.86 -0.00838826 1 5.90973e-09 -0.00838826
569.31 -0.00901865 1 6.8328e-09 -0.00901865
569.76 -0.00964931 1 7.89437e-09 -0.00964932
570.21 -0.0102803 1 9.11432e-09 -0.0102803
570.67 -0.00790329 1 1.05486e-08 -0.0079033
571.12 -0.0095348 1 1.2161e-08 -0.00953481
571.57 -0.0091666 1 1.40098e-08 -0.00916661
572.02 -0.00879868 1 1.61281e-08 -0.0087987
572.47 -0.00943105 1 1.85533e-08 -0.00943107
572.92 -0.00906371 1 2.13278e-08 -0.00906373
573.37 -0.00969667 1 2.44996e-08 -0.00969669
573.83 -0.0103218 1 2.8209e-08 -0.0103218
574.28 -0.00895532 1 3.23571e-08 -0.00895535
574.73 -0.00958917 1 3.70885e-08 -0.00958921
575.18 -0.00922332 1 4.24812e-08 -0.00922336
575.63 -0.00785777 1 4.8623e-08 -0.00785782
576.08 -0.0104925 1 5.56128e-08 -0.0104926
576.53 -0.00912758 1 6.35616e-08 -0.00912764
576.98 -0.00876295 1 7.25944e-08 -0.00876302
577.44 -0.0123905 1 8.30942e-08 -0.0123906
577.89 -0.00902652 1 9.47648e-08 -0.00902662
578.34 -0.0106628 1 1.07997e-07 -0.0106629
578.79 -0.00829945 1 1.22988e-07 -0.00829957
579.24 -0.00993639 1 1.3996e-07 -0.00993653
579.69 -0.00857365 1 1.59159e-07 -0.00857381
580.14 -0.0102112 1 1.80861e-07 -0.0102114
580.59 -0.0108491 1 2.05375e-07 -0.0108493
581.04 -0.0104873 1 2.33044e-07 -0.0104876
581.49 -0.0101259 1 2.64251e-07 -0.0101262
581.95 -0.0107568 1 3.00251e-07 -0.0107571
582.4 -0.010396 1 3.39962e-07 -0.0103963
582.85 -0.00903552 1 3.84649e-07 -0.00903591
583.3 -0.00967541 1 4.34897e-07 -0.00967584
583.75 -0.00831563 1 4.91356e-07 -0.00831612
584.2 -0.00795618 1 5.54745e-07 -0.00795674
584.65 -0.00959708 1 6.25861e-07 -0.0095977
585.1 -0.00723831 1 7.05587e-07 -0.00723902
585.55 -0.00887989 1 7.94897e-07 -0.00888069
586 -0.00752182 1 8.94868e-07 -0.00752272
586.45 -0.00916409 1 1.00669e-06 -0.0091651
586.9 -0.00680672 1 1.13167e-06 -0.00680785
587.35 -0.00744969 1 1.27125e-06 -0.00745096
587.8 -0.00909301 1 1.42701e-06 -0.00909444
588.25 -0.0067367 1 1.60072e-06 -0.0067383
588.71 -0.00537283 1 1.79882e-06 -0.00537463
589.16 -0.00701723 1 2.01485e-06 -0.00701925
589.61 -0.00866199 1 2.2552e-06 -0.00866425
590.06 -0.00930712 1 2.5224e-06 -0.00930964
590.51 -0.00595261 1 2.81924e-06 -0.00595543
590.96 -0.00759847 1 3.14875e-06 -0.00760162
591.41 -0.00624469 1 3.51424e-06 -0.00624821
591.86 -0.00689129 1 3.91934e-06 -0.00689521
592.31 -0.00853826 1 4.36799e-06 -0.00854262
592.76 -0.0061856 1 4.8645e-06 -0.00619046
593.21 -0.00683331 1 5.41355e-06 -0.00683873
593.66 -0.00548141 1 6.02025e-06 -0.00548743
594.11 -0.00712988 1 6.69012e-06 -0.00713657
594.56 -0.00677874 1 7.42918e-06 -0.00678617
595.01 -0.00442797 1 8.24396e-06 -0.00443622
595.46 -0.0080776 1 9.14152e-06 -0.00808674
595.91 -0.00472761 1 1.01295e-05 -0.00473774
596.36 -0.00437801 1 1.12162e-05 -0.00438922
596.81 -0.0030288 1 1.24106e-05 -0.00304121
597.26 -0.00467998 1 1.37223e-05 -0.0046937
597.71 -0.00633156 1 1.51617e-05 -0.00634672
598.16 -0.00598353 1 1.674e-05 -0.00600027
598.61 -0.0046359 1 1.84694e-05 -0.00465437
599.06 -0.00228867 1 2.03628e-05 -0.00230904
599.51 -0.00294185 1 2.24341e-05 -0.00296428
599.96 -0.00259543 1 2.46984e-05 -0.00262012
600.41 -0.00324941 1 2.71716e-05 -0.00327658
600.86 -0.0039038 1 2.9871e-05 -0.00393367
601.31 -0.0025586 1 3.2815e-05 -0.00259142
601.76 -0.00121382 1 3.60233e-05 -0.00124984
602.21 0.000130556 1 3.95168e-05 9.1039e-05
602.65 -0.00153313 1 4.32299e-05 -0.00157636
603.1 -0.00218958 1 4.73549e-05 -0.00223693
603.55 -0.00384645 1 5.18361e-05 -0.00389828
604 -0.00450374 1 5.67007e-05 -0.00456044
604.45 -0.00416145 1 6.19772e-05 -0.00422343
604.9 -0.00281959 1 6.7696e-05 -0.00288728
605.35 -0.00347815 1 7.38893e-05 -0.00355204
605.8 -0.00313715 1 8.05913e-05 -0.00321774
606.25 0.000203428 1 8.7838e-05 0.00011559
606.7 -0.000456429 1 9.56675e-05 -0.000552097
607.15 -0.00111672 1 0.00010412 -0.00122084
607.6 -0.000777448 1 0.000113238 -0.000890685
608.05 -0.00243861 1 0.000123065 -0.00256168
608.5 -0.00110022 1 0.00013365 -0.00123387
608.95 -0.00376227 1 0.000145041 -0.00390731
609.39 0.00156775 1 0.000157007 0.00141074
609.84 -0.00109518 1 0.000170146 -0.00126533
610.29 -0.00175855 1 0.000184252 -0.00194281
610.74 -0.00242238 1 0.000199384 -0.00262176
611.19 -0.00208665 1 0.000215603 -0.00230226
611.64 -0.00175138 1 0.000232975 -0.00198436
612.09 -0.00341657 1 0.000251565 -0.00366813
612.54 -0.00108221 1 0.000271443 -0.00135365
612.99 0.00125169 1 0.000292682 0.000959013
613.44 -0.00241487 1 0.000315355 -0.00273022
613.88 0.000910717 1 0.000338986 0.00057173
614.33 0.000243239 1 0.000364728 -0.000121488
614.78 -0.0034247 1 0.000392142 -0.00381685
615.23 -0.00209312 1 0.000421313 -0.00251443
615.68 -0.001762 1 0.000452329 -0.00221433
616.13 0.000568647 1 0.000485279 8.33674e-05
616.58 -0.00110118 1 0.000520256 -0.00162144
617.03 -0.000771486 1 0.000557352 -0.00132884
617.47 0.00155042 1 0.000595766 0.000954655
617.92 0.00087917 1 0.000637339 0.00024183
618.37 0.000207437 1 0.000681324 -0.000473887
618.82 0.000535221 1 0.00072782 -0.000192599
619.27 -0.000137481 1 0.00077693 -0.000914411
619.72 -0.00181067 1 0.000828759 -0.00263943
620.17 -0.00248435 1 0.000883408 -0.00336776
620.61 -0.00216575 1 0.000939673 -0.00310542
621.06 -0.0018404 1 0.00100021 -0.00284062
621.51 0.000484452 1 0.00106389 -0.000579437
621.96 -0.00119119 1 0.0011308 -0.00232199
622.41 0.00113267 1 0.00120106 -6.83963e-05
622.86 0.000456027 1 0.00127477 -0.000818746
623.3 -0.000228286 1 0.00135028 -0.00157856
623.75 0.00109408 1 0.00143111 -0.000337029
624.2 -0.000584065 1 0.00151568 -0.00209975
624.65 0.000737284 1 0.00160411 -0.000866822
625.1 5.81232e-05 1 0.00169647 -0.00163834
625.54 0.000371338 1 0.00179067 -0.00141933
625.99 0.00169116 1 0.00189108 -0.000199914
626.44 1.04729e-05 1 0.00199568 -0.00198521
626.89 0.000329265 1 0.00210456 -0.00177529
627.34 0.00264754 1 0.00221778 0.000429758
627.78 -4.17656e-05 1 0.00233275 -0.00237452
628.23 0.000275475 1 0.00245475 -0.00217928
628.68 0.00259219 1 0.00258128 1.0908e-05
629.13 -9.16214e-05 1 0.00271238 -0.002804
629.58 0.00122404 1 0.00284809 -0.00162405
630.02 0.00253217 1 0.00298527 -0.000453097
630.47 0.000846779 1 0.00313017 -0.00228339
630.92 0.00216085 1 0.00327975 -0.0011189
631.37 0.00147439 1 0.00343401 -0.00195962
631.81 0.00178044 1 0.00358936 -0.00180892
632.26 0.00209291 1 0.00375284 -0.00165993
632.71 0.00240484 1 0.00392094 -0.0015161
633.16 0.00171623 1 0.00409363 -0.0023774
633.61 0.00202707 1 0.00427085 -0.00224379
634.05 0.00133047 1 0.00444846 -0.00311799
634.5 0.00164023 1 0.00463445 -0.00299422
634.95 0.00194943 1 0.00482474 -0.00287531
635.4 0.00325808 1 0.00501924 -0.00176116
635.84 0.00355933 1 0.00521336 -0.00165403
636.29 0.00486689 1 0.00541582 -0.000548932
636.74 0.00517388 1 0.00562209 -0.000448212
637.18 0.00447351 1 0.00582732 -0.00135381
637.63 0.00377939 1 0.00604067 -0.00226128
638.08 0.0050847 1 0.00625732 -0.00117262
638.53 0.00338945 1 0.00647709 -0.00308764
638.97 0.00368688 1 0.00669478 -0.0030079
639.42 0.00699051 1 0.00692006 7.04415e-05
639.87 0.00629356 1 0.00714779 -0.000854229
640.32 0.00359604 1 0.00737769 -0.00378166
640.76 0.00589123 1 0.00760435 -0.00171312
641.21 0.00619257 1 0.00783779 -0.00164522
641.66 0.00649333 1 0.00807259 -0.00157926
642.1 0.00778684 1 0.0083032 -0.000516354
642.55 0.00408645 1 0.00853978 -0.00445333
643 0.00538547 1 0.0087768 -0.00339133
643.44 0.00667728 1 0.00900864 -0.00233136
643.89 0.00797513 1 0.0092455 -0.00127037
644.34 0.0052724 1 0.00948178 -0.00420938
644.79 0.00656907 1 0.0097171 -0.00314802
645.23 0.00785858 1 0.00994592 -0.00208734
645.68 0.00715408 1 0.0101783 -0.0030242
646.13 0.00844897 1 0.0104086 -0.0019596
646.57 0.00773674 1 0.0106314 -0.00289465
647.02 0.00803045 1 0.0108565 -0.00282604
647.47 0.0103236 1 0.0110784 -0.000754831
647.91 0.00860956 1 0.0112919 -0.00268232
648.36 0.00890146 1 0.0115063 -0.00260483
648.81 0.0111928 1 0.0117163 -0.000523594
649.25 0.00847698 1 0.0119172 -0.00344017
649.7 0.00876707 1 0.0121175 -0.0033504
650.15 0.00905654 1 0.0123123 -0.00325576
650.59 0.010339 1 0.0124971 -0.00215815
651.04 0.00862722 1 0.01268 -0.00405278
651.48 0.0119085 1 0.0128525 -0.00094401
651.93 0.0101955 1 0.013022 -0.00282654
652.38 0.00848186 1 0.0131843 -0.00470245
652.82 0.0107613 1 0.0133357 -0.0025744
653.27 0.0100464 1 0.0134827 -0.00343627
653.72 0.010331 1 0.0136215 -0.00329059
654.16 0.00860854 1 0.0137491 -0.00514058
654.61 0.0118918 1 0.013871 -0.00197916
655.06 0.0111744 1 0.0139838 -0.00280939
655.5 0.00845017 1 0.0140853 -0.0056351
655.95 0.00873153 1 0.0141797 -0.00544816
656.39 0.00400603 1 0.0142627 -0.0102567
656.84 0.00728612 1 0.0143379 -0.00705179
657.29 0.0125656 1 0.0144032 -0.00183759
657.73 0.0118382 1 0.0144572 -0.002619
658.18 0.0101164 1 0.0145023 -0.00438597
658.62 0.0113877 1 0.0145365 -0.00314878
659.07 0.0126646 1 0.0145612 -0.00189657
659.52 0.0129408 1 0.0145754 -0.00163457
659.96 0.0112103 1 0.0145792 -0.0033689
660.41 0.0124852 1 0.0145727 -0.00208748
660.85 0.0107534 1 0.0145562 -0.00380283
661.3 0.011027 1 0.014529 -0.00350205
661.74 0.0132939 1 0.0144924 -0.00119856
662.19 0.0115662 1 0.0144448 -0.00287866
662.64 0.0128378 1 0.014387 -0.00154923
663.08 0.0111028 1 0.0143208 -0.00321803
663.53 0.0113731 1 0.0142432 -0.00287015
663.97 0.0106367 1 0.0141579 -0.00352121
664.42 0.00990568 1 0.0140612 -0.00415553
664.86 0.014168 1 0.0139576 0.000210436
665.31 0.0114357 1 0.0138425 -0.0024069
665.75 0.0116967 1 0.0137214 -0.00202476
666.2 0.011963 1 0.013589 -0.00162605
666.65 0.0112286 1 0.0134482 -0.00221962
667.09 0.0104876 1 0.0133026 -0.00281505
667.54 0.0127518 1 0.0131461 -0.000394244
667.98 0.0140095 1 0.0129857 0.00102379
668.43 0.00927239 1 0.0128146 -0.00354226
668.87 0.0105287 1 0.0126408 -0.00211201
669.32 0.00979024 1 0.0124565 -0.00266625
669.76 0.00904525 1 0.0122704 -0.00322514
670.21 0.0123054 1 0.0120743 0.000231025
670.65 0.00955902 1 0.0118774 -0.0023184
671.1 0.00981774 1 0.011671 -0.00185329
671.54 0.01107 1 0.0114647 -0.000394698
671.99 0.00832736 1 0.0112495 -0.00292215
672.43 0.00857828 1 0.0110353 -0.00245702
672.88 0.0088342 1 0.0108128 -0.00197855
673.32 0.00908375 1 0.0105921 -0.00150837
673.77 0.00833826 1 0.0103638 -0.0020255
674.21 0.00758642 1 0.0101382 -0.00255176
674.66 0.00983951 1 0.00990551 -6.60003e-05
675.1 0.00708628 1 0.00967644 -0.00259016
675.55 0.00633794 1 0.00944092 -0.00310298
675.99 0.0105833 1 0.00920978 0.00137353
676.44 0.00783354 1 0.00897286 -0.00113932
676.88 0.00807751 1 0.00874101 -0.000663504
677.33 0.00632629 1 0.00850404 -0.00217775
677.77 0.00656885 1 0.0082728 -0.00170395
678.22 0.00681619 1 0.00803708 -0.00122089
678.66 0.00505732 1 0.00780767 -0.00275035
679.11 0.0043032 1 0.00757442 -0.00327122
679.55 0.0055429 1 0.00734799 -0.00180509
679.99 0.0037819 1 0.00712343 -0.00334153
680.44 0.00602559 1 0.00689596 -0.000870362
680.88 0.00426315 1 0.00667592 -0.00241277
681.33 0.00350537 1 0.00645355 -0.00294818
681.77 0.00074148 1 0.00623895 -0.00549747
682.22 0.00398222 1 0.00602256 -0.00204034
682.66 0.00421687 1 0.0058142 -0.00159732
683.11 0.00245612 1 0.00560457 -0.00314845
683.55 0.00268932 1 0.00540315 -0.00271383
683.99 0.00292179 1 0.00520538 -0.00228359
684.44 0.0001588 1 0.00500705 -0.00484825
684.88 0.0013898 1 0.00481708 -0.00342728
685.33 0.0016253 1 0.00462696 -0.00300166
685.77 0.00185483 1 0.00444523 -0.0025904
686.21 8.36183e-05 1 0.0042677 -0.00418408
686.66 0.000316849 1 0.00409055 -0.00377371
687.1 -0.000455848 1 0.00392173 -0.00437758
687.55 0.000775856 1 0.00375361 -0.00297775
687.99 0.00100166 1 0.00359369 -0.00259203
688.44 0.00323183 1 0.00343474 -0.000202906
688.88 0.000456135 1 0.00328384 -0.0028277
689.32 0.000679692 1 0.00313741 -0.00245771
689.77 -0.00109244 1 0.00299227 -0.00408471
690.21 -0.0018704 1 0.00285487 -0.00472527
690.65 -0.000649111 1 0.0027219 -0.00337101
691.1 0.000576431 1 0.00259048 -0.00201405
691.54 -0.0012038 1 0.00246639 -0.0036702
691.99 -0.000979825 1 0.00234397 -0.0033238
692.43 -0.00176159 1 0.00222859 -0.00399019
692.87 -0.00454412 1 0.00211744 -0.00666156
693.32 -0.000322491 1 0.00200806 -0.00233055
693.76 0.000893439 1 0.00190526 -0.00101182
694.2 -0.000891397 1 0.00180647 -0.00269787
694.65 -0.00367214 1 0.00170952 -0.00538166
695.09 0.000541474 1 0.00161863 -0.00107716
695.53 -0.00224569 1 0.00153152 -0.00377721
695.98 -0.00402881 1 0.00144625 -0.00547506
696.42 -0.00181754 1 0.00136652 -0.00318405
696.86 -0.00260704 1 0.00129029 -0.00389733
697.31 -0.00439256 1 0.00121586 -0.00560842
697.75 -0.00118364 1 0.00114645 -0.00233008
698.19 -0.0039755 1 0.00108025 -0.00505575
698.64 -0.00276344 1 0.00101578 -0.00377921
699.08 -0.00255688 1 0.000955794 -0.00351268
699.52 -0.00135112 1 0.000898735 -0.00224985
699.97 -0.00314149 1 0.000843302 -0.00398479
700.41 -0.000937318 1 0.000791857 -0.00172917
700.85 -0.00273394 1 0.000743039 -0.00347698
701.3 -0.00252676 1 0.000695728 -0.00322249
701.74 -0.000324994 1 0.00065193 -0.000976924
702.18 -0.00412402 1 0.000610469 -0.00473449
702.63 -0.00391931 1 0.000570386 -0.0044897
703.07 -0.00471996 1 0.000533368 -0.00525333
703.51 -0.00152141 1 0.00049841 -0.00201982
703.96 -0.00431918 1 0.000464696 -0.00478388
704.4 -0.00212226 1 0.000433636 -0.0025559
704.84 -0.00192615 1 0.000404373 -0.00233052
705.28 -0.00273085 1 0.000376827 -0.00310768
705.73 -0.00253195 1 0.000350344 -0.00288229
706.17 -0.000338294 1 0.000326024 -0.000664319
706.61 -0.00314545 1 0.000303184 -0.00344864
707.06 -0.00194908 1 0.000281279 -0.00223035
707.5 -0.00475789 1 0.00026121 -0.0050191
707.94 -0.00456753 1 0.000242406 -0.00480993
708.38 -0.00537798 1 0.000224801 -0.00560278
708.83 -0.00118499 1 0.00020797 -0.00139296
709.27 -0.00199711 1 0.000192598 -0.00218971
709.71 -0.00281007 1 0.00017824 -0.00298831
710.15 -0.000623855 1 0.000164839 -0.000788693
710.6 -0.00243427 1 0.000152066 -0.00258633
711.04 -0.00324974 1 0.000140437 -0.00339017
711.48 0.000933958 1 0.000129609 0.000804349
711.92 -0.00188318 1 0.000119533 -0.00200272
712.37 -0.00369704 1 0.00010996 -0.003807
712.81 0.000484124 1 0.00010127 0.000382854
713.25 -0.00133556 1 9.32036e-05 -0.00142876
713.69 -0.00215608 1 8.57205e-05 -0.0022418
714.13 2.25438e-05 1 7.8784e-05 -5.62402e-05
714.58 -0.00179565 1 7.22187e-05 -0.00186786
715.02 -0.000618733 1 6.62825e-05 -0.000685016
715.46 -0.00244267 1 6.07925e-05 -0.00250347
715.9 -0.00326747 1 5.57189e-05 -0.00332318
716.35 -0.00308916 1 5.09314e-05 -0.00314009
716.79 -0.000915683 1 4.66159e-05 -0.000962299
717.23 0.000256935 1 4.26367e-05 0.000214299
717.67 0.00142869 1 3.89704e-05 0.00138972
718.11 -0.00040041 1 3.55948e-05 -0.000436005
718.56 0.000773477 1 3.24218e-05 0.000741056
719 0.000942625 1 2.95723e-05 0.000913053
719.44 0.000110906 1 2.69547e-05 8.39511e-05
719.88 -0.00172168 1 2.4552e-05 -0.00174623
720.32 -0.000555142 1 2.2348e-05 -0.00057749
720.76 0.000610527 1 2.0328e-05 0.000590199
721.21 -0.000220944 1 1.84376e-05 -0.000239382
721.65 -0.00105705 1 1.67477e-05 -0.00107379
722.09 0.000105974 1 1.52022e-05 9.07718e-05
722.53 -0.000731886 1 1.37898e-05 -0.000745675
722.97 0.00242937 1 1.25001e-05 0.00241687
723.41 -0.00141025 1 1.13232e-05 -0.00142157
723.86 0.00275285 1 1.02268e-05 0.00274263
724.3 -8.85612e-05 1 9.2511e-06 -9.78123e-05
724.74 0.00106913 1 8.3627e-06 0.00106077
725.18 0.00222594 1 7.55443e-06 0.00221839
725.62 0.000381853 1 6.81959e-06 0.000375033
726.06 0.000536872 1 6.15199e-06 0.00053072
726.5 -0.000309005 1 5.54594e-06 -0.000314551
726.95 -0.00115231 1 4.98427e-06 -0.00115729
727.39 0 1 4.48701e-06 -4.48701e-06
727.83 -0.000848593 1 4.03658e-06 -0.00085263
728.27 0.000301919 1 3.62887e-06 0.00029829
728.71 0.000451542 1 3.2601e-06 0.000448282
729.15 0.00160028 1 2.92679e-06 0.00159735
729.59 0.00274814 1 2.62576e-06 0.00274552
730.03 -0.000104863 1 2.35406e-06 -0.000107217
730.48 0.00404458 1 2.10375e-06 0.00404247
730.92 0.00118982 1 1.88345e-06 0.00118794
731.36 0.00333422 1 1.68506e-06 0.00333254
731.8 0.00347777 1 1.50653e-06 0.00347626
732.24 0.00562048 1 1.34599e-06 0.00561913
732.68 0.00176235 1 1.20173e-06 0.00176115
733.12 0.0009034 1 1.0722e-06 0.000902328
733.56 4.36238e-05 1 9.55967e-07 4.26678e-05
734 0.00218303 1 8.51751e-07 0.00218218
734.44 0.00232163 1 7.58375e-07 0.00232087
734.89 0.00146254 1 6.72977e-07 0.00146187
735.33 0.00259952 1 5.98367e-07 0.00259892
735.77 0.0027357 1 5.31662e-07 0.00273517
736.21 0.0048711 1 4.7207e-07 0.00487062
736.65 0.00200571 1 4.18868e-07 0.00200529
737.09 0.00513955 1 3.71407e-07 0.00513918
737.53 0.00527263 1 3.29098e-07 0.0052723
737.97 0.00540494 1 2.91407e-07 0.00540465
738.41 0.00553649 1 2.57856e-07 0.00553624
738.85 0.0066673 1 2.28011e-07 0.00666707
739.29 0.00679736 1 2.01482e-07 0.00679716
739.73 0.00392668 1 1.77917e-07 0.0039265
740.17 0.00505527 1 1.57e-07 0.00505511
740.61 0.00418314 1 1.38447e-07 0.004183
741.05 0.00331028 1 1.22003e-07 0.00331016
741.49 0.00443671 1 1.07438e-07 0.0044366
741.93 0.00456243 1 9.45466e-08 0.00456234
742.37 0.00168745 1 8.31449e-08 0.00168737
742.81 0.00481178 1 7.3068e-08 0.0048117
743.26 0.00493821 1 6.39785e-08 0.00493815
743.7 0.00406115 1 5.61464e-08 0.00406109
744.14 0.0021834 1 4.92391e-08 0.00218335
744.58 0.00430499 1 4.3152e-08 0.00430495
745.02 0.00442591 1 3.77914e-08 0.00442587
745.46 0.00454617 1 3.30739e-08 0.00454613
745.9 0.00566577 1 2.89254e-08 0.00566574
746.34 0.00378473 1 2.52799e-08 0.00378471
746.78 0.00590305 1 2.20787e-08 0.00590302
747.22 0.00402073 1 1.92696e-08 0.00402071
747.66 0.00713778 1 1.68063e-08 0.00713776
748.1 0.00625421 1 1.46478e-08 0.00625419
748.54 0.00437002 1 1.27578e-08 0.00437
748.98 0.00248521 1 1.1104e-08 0.0024852
749.42 0.00359981 1 9.65799e-09 0.0035998
749.86 0.0057138 1 8.39449e-09 0.00571379
750.29 0.00382463 1 7.31471e-09 0.00382462
750.73 0.000937452 1 6.34912e-09 0.000937446
751.17 0.0040497 1 5.50722e-09 0.00404969
751.61 0.00316136 1 4.77366e-09 0.00316136
752.05 0.00527246 1 4.13498e-09 0.00527246
752.49 0.001383 1 3.57928e-09 0.00138299
752.93 0.00249297 1 3.09613e-09 0.00249297
753.37 0.0036024 1 2.67636e-09 0.0036024
753.81 0.00271128 1 2.31191e-09 0.00271128
754.25 0.00281962 1 1.99572e-09 0.00281962
754.69 0.00292743 1 1.72159e-09 0.00292743
755.13 0.00203471 1 1.48409e-09 0.00203471
755.57 0.00514146 1 1.27848e-09 0.00514146
756.01 0.00424771 1 1.10059e-09 0.00424771
756.45 0.00435344 1 9.46809e-10 0.00435344
756.89 0.00345867 1 8.13953e-10 0.00345867
757.33 0.0035634 1 6.99258e-10 0.0035634
757.77 0.00466765 1 6.00312e-10 0.00466764
758.21 0.0027714 1 5.15013e-10 0.0027714
758.64 0.00187234 1 4.43081e-10 0.00187234
759.08 -0.00102485 1 3.79607e-10 -0.00102485
759.52 0.0050775 1 3.25002e-10 0.0050775
759.96 0.00517938 1 2.78061e-10 0.00517938
760.4 0.00328081 1 2.37736e-10 0.00328081
760.84 0.00238179 1 2.03119e-10 0.00238179
761.28 0.00248233 1 1.73424e-10 0.00248233
761.72 0.00458243 1 1.47968e-10 0.00458243
762.16 0.0046821 1 1.26162e-10 0.0046821
762.6 0.00178134 1 1.07495e-10 0.00178134
763.03 0.000877926 1 9.18638e-11 0.000877926
763.47 0.000976347 1 7.81656e-11 0.000976347
763.91 0.00307436 1 6.64644e-11 0.00307436
764.35 0.00117197 1 5.64759e-11 0.00117197
764.79 -0.000730812 1 4.79556e-11 -0.000730812
765.23 -0.00163398 1 4.06927e-11 -0.00163398
765.67 -0.00053754 1 3.4506e-11 -0.00053754
766.11 -0.00144147 1 2.92399e-11 -0.00144147
766.54 -0.000347948 1 2.48543e-11 -0.000347948
766.98 0.00274739 1 2.10325e-11 0.00274739
767.42 0.00284237 1 1.77862e-11 0.00284237
767.86 0.000936996 1 1.50306e-11 0.000936996
768.3 0.00203127 1 1.26931e-11 0.00203127
768.74 0.00512521 1 1.07119e-11 0.00512521
769.17 0.000216691 1 9.06873e-12 0.000216691
769.61 0.00130997 1 7.64279e-12 0.00130997
770.05 0.00240293 1 6.43663e-12 0.00240293
770.49 0.00349557 1 5.41709e-12 0.00349557
770.93 0.0035879 1 4.55591e-12 0.0035879
771.37 -0.000320078 1 3.82901e-12 -0.000320078
771.8 0.00176956 1 3.22867e-12 0.00176956
772.24 0.001861 1 2.70985e-12 0.001861
772.68 -4.78475e-05 1 2.27283e-12 -4.78475e-05
773.12 0.00204302 1 1.90498e-12 0.00204302
773.56 0.00213362 1 1.59556e-12 0.00213362
774 0.00022394 1 1.33549e-12 0.00022394
774.43 0.000311957 1 1.12159e-12 0.000311957
774.87 0.00140177 1 9.37497e-13 0.00140177
775.31 0.00149133 1 7.83081e-13 0.00149133
775.75 -0.00241936 1 6.5365e-13 -0.00241936
776.19 -0.000330288 1 5.45237e-13 -0.000330288
776.62 -0.00124346 1 4.5638e-13 -0.00124346
777.06 0.00184515 1 3.80169e-13 0.00184515
777.5 -0.00206645 1 3.16466e-13 -0.00206645
777.94 0.00102173 1 2.63257e-13 0.00102173
778.37 0.00110771 1 2.19766e-13 0.00110771
778.81 0.000195482 1 1.82567e-13 0.000195482
779.25 0.00128306 1 1.51561e-13 0.00128306
779.69 0.00337044 1 1.25733e-13 0.00337044
780.13 0.00245764 1 1.04236e-13 0.00245764
780.56 -0.000457314 1 8.67253e-14 -0.000457314
781 0.00162954 1 7.17996e-14 0.00162954
781.44 0.00271622 1 5.94017e-14 0.00271622
781.88 0.00280274 1 4.91109e-14 0.00280274
782.31 -0.00211285 1 4.07517e-14 -0.00211285
782.75 -2.66345e-05 1 3.36461e-14 -2.66345e-05
783.19 0.00205944 1 2.77603e-14 0.00205944
783.63 0.000145381 1 2.28884e-14 0.000145381
784.06 0.00022924 1 1.89419e-14 0.00022924
784.5 0.00231492 1 1.55964e-14 0.00231492
784.94 0.00240049 1 1.28329e-14 0.00240049
785.37 0.002484 1 1.0599e-14 0.002484
785.81 0.00156935 1 8.70916e-15 0.00156935
786.25 -0.000345408 1 7.15138e-15 -0.000345408
786.69 0.000739741 1 5.86819e-15 0.000739741
787.12 -0.000177132 1 4.83373e-15 -0.000177132
787.56 0.000907846 1 3.96102e-15 0.000907846
788 0.00299275 1 3.24364e-15 0.00299275
788.43 7.5647e-05 1 2.6665e-15 7.5647e-05
788.87 0.00116041 1 2.18061e-15 0.00116041
789.31 0.000245115 1 1.78203e-15 0.000245115
789.75 0.00132977 1 1.4553e-15 0.00132977
790.18 -0.00258755 1 1.19317e-15 -0.00258755
790.62 0.00249701 1 9.73082e-16 0.00249701
791.06 0.000581535 1 7.93046e-16 0.000581535
791.49 -0.00133589 1 6.48901e-16 -0.00133589
791.93 -0.00125142 1 5.28126e-16 -0.00125142
792.37 -0.000166961 1 4.29534e-16 -0.000166961
792.8 -0.00108444 1 3.50759e-16 -0.00108444
793.24 0 1 2.84891e-16 -2.84891e-16
793.68 0.00108444 1 2.31233e-16 0.00108444
794.11 -0.000833039 1 1.88449e-16 -0.000833039
794.55 -0.00174858 1 1.52748e-16 -0.00174858
794.99 -0.000664111 1 1.23725e-16 -0.000664111
795.42 0.00141847 1 1.00631e-16 0.00141847
795.86 0.00250299 1 8.13997e-17 0.00250299
796.3 -0.00141245 1 6.57985e-17 -0.00141245
796.73 -0.000329766 1 5.34098e-17 -0.000329766
797.17 -0.000245115 1 4.31146e-17 -0.000245115
797.61 -0.00116041 1 3.47799e-17 -0.00116041
798.04 -0.00207757 1 2.81751e-17 -0.00207757
798.48 0.00300725 1 2.26976e-17 0.00300725
798.91 -0.000909776 1 1.83628e-17 -0.000909776
799.35 -0.0018248 1 1.47728e-17 -0.0018248
799.79 0.00426026 1 1.18765e-17 0.00426026
800.22 0.00134347 1 9.58911e-18 0.00134347
800.66 -0.000571285 1 7.69862e-18 -0.000571285
801.1 0.00151406 1 6.1766e-18 0.00151406
