500.34 0.000275939 1 4.04589e-06 0.000271893
500.8 0.000668725 1 4.38004e-06 0.000664345
501.25 0.00105298 1 4.7323e-06 0.00104825
501.71 0.00144579 1 5.12025e-06 0.00144067
502.17 -0.000161393 1 5.5384e-06 -0.000166931
502.62 -0.000777111 1 5.97884e-06 -0.00078309
503.08 0.000615713 1 6.46345e-06 0.00060925
503.53 0 1 6.97358e-06 -6.97358e-06
503.99 -0.00260717 1 7.53455e-06 -0.00261471
504.44 -0.00122289 1 8.12471e-06 -0.00123101
504.9 -0.000830068 1 8.77331e-06 -0.000838841
505.36 -0.00443725 1 9.47097e-06 -0.00444672
505.81 -5.29844e-05 1 1.02043e-05 -6.31887e-05
506.27 0.000339814 1 1.10095e-05 0.000328804
506.72 -0.00227594 1 1.18554e-05 -0.00228779
507.18 -0.000883165 1 1.27836e-05 -0.000895949
507.63 -0.00249895 1 1.37582e-05 -0.0025127
508.09 -0.0011062 1 1.4827e-05 -0.00112103
508.54 -0.00372202 1 1.59485e-05 -0.00373797
509 -0.00232932 1 1.71777e-05 -0.0023465
509.45 -0.000945177 1 1.84668e-05 -0.000963643
509.91 -0.00355252 1 1.98788e-05 -0.0035724
510.36 -0.00216843 1 2.13587e-05 -0.00218979
510.82 -0.00377583 1 2.29789e-05 -0.00379881
511.27 -0.0033918 1 2.46759e-05 -0.00341647
511.73 -0.00399926 1 2.65327e-05 -0.00402579
512.19 -0.00460676 1 2.85211e-05 -0.00463528
512.64 -0.00322283 1 3.06018e-05 -0.00325343
513.1 -0.0058304 1 3.28764e-05 -0.00586327
513.55 -0.00444654 1 3.52553e-05 -0.00448179
514.01 -0.00605419 1 3.78544e-05 -0.00609205
514.46 -0.00467042 1 4.0571e-05 -0.00471099
514.92 -0.00527816 1 4.35373e-05 -0.0053217
515.37 -0.00489448 1 4.66359e-05 -0.00494111
515.83 -0.00550232 1 5.00172e-05 -0.00555233
516.28 -0.00711873 1 5.35473e-05 -0.00717228
516.73 -0.0077352 1 5.73108e-05 -0.00779251
517.19 -0.0053432 1 6.14141e-05 -0.00540461
517.64 -0.00695977 1 6.56941e-05 -0.00702547
518.1 -0.00556788 1 7.03577e-05 -0.00563824
518.55 -0.00618458 1 7.52193e-05 -0.0062598
519.01 -0.00779281 1 8.05135e-05 -0.00787333
519.46 -0.00740963 1 8.60291e-05 -0.00749566
519.92 -0.005018 1 9.20319e-05 -0.00511003
520.37 -0.00763494 1 9.82821e-05 -0.00773323
520.83 -0.00724345 1 0.00010508 -0.00734853
521.28 -0.00586054 1 0.000112154 -0.00597269
521.74 -0.00546919 1 0.000119844 -0.00558903
522.19 -0.00708642 1 0.000127842 -0.00721426
522.65 -0.00769523 1 0.00013653 -0.00783176
523.1 -0.00831261 1 0.000145559 -0.00845817
523.55 -0.00893008 1 0.000155144 -0.00908522
524.01 -0.00453913 1 0.000165547 -0.00470467
524.46 -0.00815676 1 0.00017635 -0.00833311
524.92 -0.00776598 1 0.000188069 -0.00795405
525.37 -0.00938378 1 0.00020023 -0.00958401
525.83 -0.00799318 1 0.000213415 -0.0082066
526.28 -0.00661116 1 0.000227089 -0.00683825
526.73 -0.00722924 1 0.000241574 -0.00747081
527.19 -0.00483892 1 0.000257263 -0.00509618
527.64 -0.00645719 1 0.00027352 -0.00673071
528.1 -0.00706707 1 0.000291119 -0.00735819
528.55 -0.00768553 1 0.000309344 -0.00799487
529.01 -0.00829562 1 0.000329061 -0.00862468
529.46 -0.0119143 1 0.000349468 -0.0122638
529.91 -0.00853306 1 0.000371039 -0.0089041
530.37 -0.00914347 1 0.000394354 -0.00953783
530.82 -0.00976246 1 0.000418464 -0.0101809
531.28 -0.0093731 1 0.000444507 -0.0098176
531.73 -0.00699231 1 0.000471421 -0.00746373
532.18 -0.0106116 1 0.000499828 -0.0111115
532.64 -0.00822262 1 0.000530485 -0.00875311
533.09 -0.00984219 1 0.000562139 -0.0104043
533.54 -0.00746187 1 0.000595519 -0.00805739
534 -0.0120732 1 0.00063151 -0.0127047
534.45 -0.00669315 1 0.000668638 -0.00736179
534.91 -0.00930476 1 0.000708647 -0.0100134
535.36 -0.00692494 1 0.000749894 -0.00767483
535.81 -0.00854525 1 0.000793325 -0.00933857
536.27 -0.00815725 1 0.000840083 -0.00899734
536.72 -0.00677783 1 0.000888244 -0.00766607
537.17 -0.0113985 1 0.000938909 -0.0123374
537.63 -0.011011 1 0.000993406 -0.0120044
538.08 -0.0126319 1 0.00104949 -0.0136814
538.54 -0.00724464 1 0.00110977 -0.00835441
538.99 -0.0108659 1 0.00117177 -0.0120377
539.44 -0.00748732 1 0.0012369 -0.00872422
539.9 -0.0101005 1 0.00130684 -0.0114073
540.35 -0.00972216 1 0.00137871 -0.0111009
540.8 -0.010344 1 0.00145413 -0.0117981
541.26 -0.00995762 1 0.00153506 -0.0114927
541.71 -0.00857978 1 0.00161814 -0.0101979
542.16 -0.0102021 1 0.00170524 -0.0119073
542.62 -0.00981616 1 0.00179862 -0.0116148
543.07 -0.0114388 1 0.00189439 -0.0133332
543.52 -0.00906158 1 0.00199472 -0.0110563
543.98 -0.00867615 1 0.00210217 -0.0107783
544.43 -0.00929926 1 0.00221227 -0.0115115
544.88 -0.00992254 1 0.00232749 -0.01225
545.34 -0.00753762 1 0.00245079 -0.00998841
545.79 -0.0111612 1 0.00257702 -0.0137382
546.24 -0.011785 1 0.002709 -0.014494
546.69 -0.00740898 1 0.00284696 -0.0102559
547.15 -0.0100248 1 0.0029944 -0.0130192
547.6 -0.0106491 1 0.00314515 -0.0137942
548.05 -0.0102736 1 0.00330258 -0.0135761
548.51 -0.0108899 1 0.00347068 -0.0143606
548.96 -0.00951474 1 0.00364239 -0.0131571
549.41 -0.00813978 1 0.00382154 -0.0119613
549.86 -0.009765 1 0.00400841 -0.0137734
550.32 -0.00838209 1 0.00420769 -0.0125898
550.77 -0.00800769 1 0.00441099 -0.0124187
551.22 -0.00863348 1 0.00462285 -0.0132563
551.68 -0.0102511 1 0.00484857 -0.0150997
552.13 -0.00987733 1 0.00507863 -0.014956
552.58 -0.0115037 1 0.00531815 -0.0168219
553.03 -0.00913028 1 0.00556744 -0.0146977
553.49 -0.0117488 1 0.0058327 -0.0175815
553.94 -0.0113757 1 0.00610272 -0.0174785
554.39 -0.00800292 1 0.0063835 -0.0143864
554.84 -0.00963031 1 0.00667536 -0.0163057
555.3 -0.0102496 1 0.00698552 -0.0172351
555.75 -0.00887743 1 0.00730086 -0.0161783
556.2 -0.0115054 1 0.00762835 -0.0191338
556.65 -0.0121337 1 0.00796833 -0.020102
557.11 -0.00875386 1 0.00832918 -0.017083
557.56 -0.0113825 1 0.00869558 -0.0200781
558.01 -0.0080114 1 0.00907561 -0.017087
558.46 -0.0066405 1 0.00946966 -0.0161102
558.92 -0.00926159 1 0.00988734 -0.0191489
559.37 -0.00989113 1 0.0103109 -0.020202
559.82 -0.00852091 1 0.0107497 -0.0192706
560.27 -0.00815091 1 0.011204 -0.0193549
560.72 -0.00978113 1 0.0116744 -0.0214555
561.18 -0.0104034 1 0.0121722 -0.0225756
561.63 -0.0120341 1 0.0126762 -0.0247103
562.08 -0.010665 1 0.0131974 -0.0238624
562.53 -0.00829617 1 0.0137363 -0.0220325
562.99 -0.00991939 1 0.0143059 -0.0242253
563.44 -0.00955103 1 0.0148818 -0.0244328
563.89 -0.00918292 1 0.0154767 -0.0246596
564.34 -0.00981505 1 0.0160909 -0.0259059
564.79 -0.00944743 1 0.0167249 -0.0261723
565.25 -0.00907189 1 0.0173939 -0.0264658
565.7 -0.0117048 1 0.0180692 -0.029774
566.15 -0.00833789 1 0.0187656 -0.0271035
566.6 -0.00997127 1 0.0194835 -0.0294548
567.05 -0.00960491 1 0.0202233 -0.0298283
567.5 -0.00823879 1 0.0209855 -0.0292243
567.96 -0.0118648 1 0.0217881 -0.0336529
568.41 -0.0104992 1 0.0225967 -0.033096
568.86 -0.0111339 1 0.0234289 -0.0345628
569.31 -0.0117688 1 0.0242851 -0.0360539
569.76 -0.011404 1 0.0251657 -0.0365697
570.21 -0.0110395 1 0.026071 -0.0371105
570.67 -0.00966714 1 0.0270225 -0.0366896
571.12 -0.00930315 1 0.0279791 -0.0372823
571.57 -0.0119394 1 0.0289617 -0.0409011
572.02 -0.009576 1 0.0299705 -0.0395465
572.47 -0.0102128 1 0.031006 -0.0412188
572.92 -0.00984994 1 0.0320685 -0.0419184
573.37 -0.00948733 1 0.0331582 -0.0426456
573.83 -0.00911695 1 0.0343008 -0.0434177
574.28 -0.00975491 1 0.0354468 -0.0452017
574.73 -0.00939316 1 0.036621 -0.0460142
575.18 -0.0110317 1 0.0378238 -0.0488555
575.63 -0.00867051 1 0.0390553 -0.0477258
576.08 -0.00930962 1 0.0403159 -0.0496256
576.53 -0.010949 1 0.0416058 -0.0525548
576.98 -0.0105887 1 0.0429252 -0.0535139
577.44 -0.0132207 1 0.0443046 -0.0575253
577.89 -0.00986101 1 0.0456842 -0.0555452
578.34 -0.0105016 1 0.0470939 -0.0575955
578.79 -0.0111425 1 0.0485338 -0.0596763
579.24 -0.00978371 1 0.050004 -0.0597877
579.69 -0.0104252 1 0.0515045 -0.0619298
580.14 -0.012067 1 0.0530356 -0.0651027
580.59 -0.0137091 1 0.0545973 -0.0683064
581.04 -0.0103516 1 0.0561895 -0.066541
581.49 -0.00999431 1 0.0578123 -0.0678066
581.95 -0.00862944 1 0.0595027 -0.0681322
582.4 -0.00927282 1 0.0611873 -0.0704601
582.85 -0.0109165 1 0.0629023 -0.0738188
583.3 -0.0115605 1 0.0646476 -0.0762081
583.75 -0.00920487 1 0.0664231 -0.075628
584.2 -0.00784953 1 0.0682287 -0.0760783
584.65 -0.00849451 1 0.0700642 -0.0785587
585.1 -0.00913982 1 0.0719294 -0.0810692
585.55 -0.00878546 1 0.0738239 -0.0826094
586 -0.00943143 1 0.0757476 -0.085179
586.45 -0.00907773 1 0.0777001 -0.0867778
586.9 -0.00872437 1 0.0796811 -0.0884055
587.35 -0.00737134 1 0.0816902 -0.0890615
587.8 -0.00801864 1 0.083727 -0.0917456
588.25 -0.00866629 1 0.085791 -0.0944573
588.71 -0.00730646 1 0.0879287 -0.0952351
589.16 -0.0079548 1 0.0900464 -0.0980012
589.61 -0.00960348 1 0.0921898 -0.101793
590.06 -0.00725252 1 0.0943584 -0.101611
590.51 -0.00690189 1 0.0965515 -0.103453
590.96 -0.00955162 1 0.0987685 -0.10832
591.41 -0.0082017 1 0.101009 -0.10921
591.86 -0.00785214 1 0.103272 -0.111124
592.31 -0.00650293 1 0.105556 -0.112059
592.76 -0.00515407 1 0.107861 -0.113016
593.21 -0.00780558 1 0.110187 -0.117993
593.66 -0.00545745 1 0.112532 -0.117989
594.11 -0.00710968 1 0.114895 -0.122005
594.56 -0.00776227 1 0.117276 -0.125038
595.01 -0.00541524 1 0.119673 -0.125089
595.46 -0.00606857 1 0.122086 -0.128155
595.91 -0.00672227 1 0.124514 -0.131236
596.36 -0.00437634 1 0.126955 -0.131331
596.81 -0.00603078 1 0.129408 -0.135439
597.26 -0.0046856 1 0.131872 -0.136558
597.71 -0.0073408 1 0.134347 -0.141688
598.16 -0.00599638 1 0.136831 -0.142827
598.61 -0.00465234 1 0.139322 -0.143974
599.06 -0.00430868 1 0.14182 -0.146129
599.51 -0.00296541 1 0.144323 -0.147289
599.96 -0.00362252 1 0.14683 -0.150453
600.41 -0.00328002 1 0.14934 -0.15262
600.86 -0.00393791 1 0.151851 -0.155789
601.31 -0.00359619 1 0.154363 -0.157959
601.76 -0.00425487 1 0.156873 -0.161127
602.21 -0.00291394 1 0.15938 -0.162294
602.65 -0.00358097 1 0.161827 -0.165408
603.1 -0.00324083 1 0.164324 -0.167565
603.55 -0.00290109 1 0.166815 -0.169716
604 -0.00356175 1 0.169297 -0.172859
604.45 -0.00322282 1 0.171769 -0.174992
604.9 -0.00188429 1 0.17423 -0.176114
605.35 -0.00454617 1 0.176678 -0.181224
605.8 -0.00320846 1 0.179112 -0.18232
606.25 -0.00287116 1 0.18153 -0.184401
606.7 -0.00353428 1 0.18393 -0.187465
607.15 -0.00319781 1 0.186312 -0.18951
607.6 -0.00286176 1 0.188674 -0.191536
608.05 -0.00452613 1 0.191014 -0.19554
608.5 -0.00219092 1 0.193331 -0.195522
608.95 -0.00285613 1 0.195624 -0.19848
609.39 0.000470811 1 0.19784 -0.197369
609.84 -0.00119524 1 0.20008 -0.201275
610.29 -0.00386172 1 0.202291 -0.206153
610.74 -0.00152863 1 0.204473 -0.206001
611.19 -0.00119597 1 0.206623 -0.207819
611.64 -0.00186375 1 0.20874 -0.210604
612.09 -0.000531957 1 0.210824 -0.211356
612.54 -0.0022006 1 0.212873 -0.215074
612.99 -0.00186969 1 0.214887 -0.216756
613.44 -0.00253922 1 0.216863 -0.219402
613.88 0.000783486 1 0.218758 -0.217975
614.33 -0.000886918 1 0.220658 -0.221545
614.78 -0.00155777 1 0.222518 -0.224076
615.23 -0.00222906 1 0.224338 -0.226567
615.68 -0.000900811 1 0.226117 -0.227017
616.13 0.00042699 1 0.227853 -0.227426
616.58 -0.00224566 1 0.229548 -0.231793
617.03 -0.000918768 1 0.2312 -0.232118
617.47 0.00140042 1 0.232773 -0.231373
617.92 -0.00127359 1 0.23434 -0.235614
618.37 -0.000948066 1 0.235864 -0.236812
618.82 -0.000623001 1 0.237344 -0.237967
619.27 -0.0012984 1 0.238782 -0.240081
619.72 -0.00197427 1 0.240178 -0.242152
620.17 0.000349402 1 0.241532 -0.241183
620.61 0.000665422 1 0.242816 -0.242151
621.06 -0.00101184 1 0.24409 -0.245102
621.51 -0.00168958 1 0.245325 -0.247014
621.96 -0.00236779 1 0.246522 -0.24889
622.41 -4.64767e-05 1 0.247683 -0.247729
622.86 0.000274357 1 0.248809 -0.248535
623.3 -0.000412404 1 0.249879 -0.250291
623.75 0.000907477 1 0.250942 -0.250035
624.2 0.000226875 1 0.251978 -0.251751
624.65 -0.000454213 1 0.252988 -0.253442
625.1 0.00186421 1 0.253975 -0.252111
625.54 0.000175085 1 0.254921 -0.254746
625.99 0.00049254 1 0.255873 -0.25538
626.44 0.000809501 1 0.256811 -0.256002
626.89 0.000125968 1 0.257741 -0.257615
627.34 0.00244194 1 0.258666 -0.256224
627.78 -0.000249595 1 0.259569 -0.259819
628.23 0.00206539 1 0.260498 -0.258432
628.68 0.000379868 1 0.261435 -0.261055
629.13 0.00169384 1 0.262387 -0.260693
629.58 0.00200732 1 0.263358 -0.26135
630.02 0.00231333 1 0.264331 -0.262018
630.47 -0.000374204 1 0.265358 -0.265732
630.92 0.00093775 1 0.266422 -0.265484
631.37 0.00324919 1 0.26753 -0.26428
631.81 0.00255322 1 0.268661 -0.266108
632.26 0.00286364 1 0.269874 -0.267011
632.71 0.00217354 1 0.271152 -0.268978
633.16 0.00148293 1 0.2725 -0.271017
633.61 0.00179179 1 0.273926 -0.272134
634.05 9.32805e-05 1 0.275404 -0.27531
634.5 0.00140111 1 0.277007 -0.275606
634.95 0.0037084 1 0.27871 -0.275002
635.4 0.00401517 1 0.280522 -0.276507
635.84 0.00531461 1 0.282405 -0.277091
636.29 0.00262033 1 0.284453 -0.281833
636.74 0.00492551 1 0.286632 -0.281706
637.18 0.00522339 1 0.288895 -0.283671
637.63 0.00552751 1 0.291353 -0.285825
638.08 0.00483109 1 0.293963 -0.289132
638.53 0.00413413 1 0.296732 -0.292598
638.97 0.00542991 1 0.299599 -0.294169
639.42 0.00573187 1 0.302701 -0.296969
639.87 0.00503328 1 0.30598 -0.300947
640.32 0.00433415 1 0.309441 -0.305107
640.76 0.0076278 1 0.313007 -0.305379
641.21 0.00792757 1 0.316842 -0.308915
641.66 0.00522679 1 0.320873 -0.315646
642.1 0.00751883 1 0.325006 -0.317487
642.55 0.00481695 1 0.329431 -0.324614
643 0.00711451 1 0.334059 -0.326944
643.44 0.00640491 1 0.33878 -0.332375
643.89 0.00670136 1 0.343809 -0.337108
644.34 0.00799724 1 0.349041 -0.341043
644.79 0.00729256 1 0.354473 -0.34718
645.23 0.00758076 1 0.359975 -0.352394
645.68 0.00687495 1 0.365795 -0.35892
646.13 0.00916856 1 0.371804 -0.362635
646.57 0.0084551 1 0.377857 -0.369402
647.02 0.00874758 1 0.384223 -0.375476
647.47 0.0110395 1 0.390758 -0.379719
647.91 0.00832434 1 0.397303 -0.388978
648.36 0.00961509 1 0.404144 -0.394529
648.81 0.00690526 1 0.411125 -0.40422
649.25 0.00818842 1 0.418073 -0.409885
649.7 0.00747743 1 0.425291 -0.417814
650.15 0.00776586 1 0.432608 -0.424842
650.59 0.0090473 1 0.439844 -0.430796
651.04 0.00933456 1 0.44731 -0.437975
651.48 0.0136149 1 0.454659 -0.441044
651.93 0.00990093 1 0.462206 -0.452305
652.38 0.00918642 1 0.469765 -0.460579
652.82 0.010465 1 0.47715 -0.466685
653.27 0.0107493 1 0.484674 -0.473925
653.72 0.013033 1 0.49215 -0.479117
654.16 0.0103098 1 0.49939 -0.48908
654.61 0.0125923 1 0.506702 -0.49411
655.06 0.00987414 1 0.513898 -0.504023
655.5 0.00914918 1 0.520798 -0.511649
655.95 0.0114299 1 0.527694 -0.516264
656.39 0.0037037 1 0.534256 -0.530553
656.84 0.00798316 1 0.54076 -0.532777
657.29 0.015262 1 0.547031 -0.531769
657.73 0.0135341 1 0.552914 -0.53938
658.18 0.0108117 1 0.558654 -0.547843
658.62 0.0120825 1 0.563975 -0.551892
659.07 0.0133589 1 0.569096 -0.555737
659.52 0.0116347 1 0.573872 -0.562238
659.96 0.0129037 1 0.578189 -0.565285
660.41 0.0131782 1 0.582222 -0.569044
660.85 0.011446 1 0.585775 -0.574329
661.3 0.0107193 1 0.588991 -0.578272
661.74 0.0129859 1 0.591712 -0.578726
662.19 0.0112579 1 0.594047 -0.582789
662.64 0.0115292 1 0.595914 -0.584384
663.08 0.011794 1 0.597275 -0.585481
663.53 0.0120641 1 0.598182 -0.586118
663.97 0.0103275 1 0.598584 -0.588256
664.42 0.0105964 1 0.598493 -0.587896
664.86 0.0128586 1 0.597905 -0.585047
665.31 0.0141261 1 0.596791 -0.582665
665.75 0.0103871 1 0.595197 -0.58481
666.2 0.0146533 1 0.593048 -0.578395
666.65 0.0109189 1 0.590377 -0.579458
667.09 0.012178 1 0.587261 -0.575083
667.54 0.0134423 1 0.583563 -0.570121
667.98 0.0127001 1 0.579453 -0.566753
668.43 0.00996308 1 0.574752 -0.564789
668.87 0.0102196 1 0.569677 -0.559457
669.32 0.00948126 1 0.564007 -0.554526
669.76 0.0127365 1 0.558008 -0.545271
670.21 0.0109968 1 0.551418 -0.540421
670.65 0.00825074 1 0.544546 -0.536295
671.1 0.0115098 1 0.537096 -0.525586
671.54 0.0107624 1 0.529415 -0.518652
671.99 0.00902007 1 0.521173 -0.512153
672.43 0.00827138 1 0.512756 -0.504484
672.88 0.0105277 1 0.503801 -0.493273
673.32 0.00977771 1 0.494727 -0.48495
673.77 0.00703271 1 0.485145 -0.478112
674.21 0.00728137 1 0.475502 -0.46822
674.66 0.00853501 1 0.465383 -0.456848
675.1 0.00778234 1 0.455262 -0.447479
675.55 0.00603462 1 0.444702 -0.438667
675.99 0.00828062 1 0.434196 -0.425916
676.44 0.00653152 1 0.423292 -0.416761
676.88 0.00777617 1 0.412498 -0.404722
677.33 0.0050257 1 0.401347 -0.396322
677.77 0.005269 1 0.390359 -0.38509
678.22 0.00451714 1 0.379059 -0.374541
678.66 0.00275908 1 0.36797 -0.365211
679.11 0.00400583 1 0.356613 -0.352607
679.55 0.00524641 1 0.345513 -0.340267
679.99 0.00248631 1 0.33444 -0.331954
680.44 0.00673096 1 0.323163 -0.316432
680.88 0.00396948 1 0.312204 -0.308234
681.33 0.00221272 1 0.301083 -0.298871
681.77 0.00244987 1 0.290314 -0.287864
682.22 0.00369169 1 0.279423 -0.275731
682.66 0.00292745 1 0.268911 -0.265984
683.11 0.00316785 1 0.258317 -0.255149
683.55 0.0024022 1 0.248125 -0.245722
683.99 0.00263587 1 0.23811 -0.235474
684.44 0.000874126 1 0.228064 -0.22719
684.88 -0.00189362 1 0.218444 -0.220338
685.33 0.000343199 1 0.208824 -0.208481
685.77 0.000574044 1 0.199639 -0.199065
686.21 -0.00119581 1 0.190681 -0.191877
686.66 -0.000961166 1 0.181761 -0.182722
687.1 0.000267554 1 0.173282 -0.173015
687.55 -0.000499259 1 0.164863 -0.165363
687.99 0.00172803 1 0.156883 -0.155155
688.44 0.00295975 1 0.14898 -0.146021
688.88 -0.000814399 1 0.14151 -0.142324
689.32 0.000410738 1 0.134294 -0.133883
689.77 -0.00135975 1 0.127178 -0.128537
690.21 -0.00313606 1 0.120477 -0.123613
690.65 -0.000913086 1 0.114029 -0.114942
691.1 0.00131421 1 0.107695 -0.106381
691.54 -0.00146428 1 0.101753 -0.103217
691.99 -0.00123848 1 0.0959309 -0.0971693
692.43 -0.00301843 1 0.0904831 -0.0935015
692.87 -0.00379911 1 0.0852736 -0.0890727
693.32 -0.00257556 1 0.0801874 -0.0827629
693.76 -0.00335772 1 0.0754456 -0.0788033
694.2 -0.00114061 1 0.0709272 -0.0720678
694.65 -0.00391932 1 0.0665315 -0.0704508
695.09 -0.00270369 1 0.0624478 -0.0651515
695.53 -0.0034888 1 0.0585698 -0.0620586
695.98 -0.0032698 1 0.05481 -0.0580798
696.42 -0.0010564 1 0.0513289 -0.0523853
696.86 -0.00384375 1 0.0480341 -0.0518779
697.31 -0.00562704 1 0.0448503 -0.0504773
697.75 -0.0044159 1 0.041912 -0.0463279
698.19 -0.0052055 1 0.0391399 -0.0443454
698.64 -0.0049911 1 0.0364696 -0.0414607
699.08 -0.00278222 1 0.034013 -0.0367952
699.52 -0.0045741 1 0.0317023 -0.0362764
699.97 -0.00336202 1 0.0294833 -0.0328453
700.41 -0.00315542 1 0.0274478 -0.0306033
700.85 -0.00194958 1 0.0255389 -0.0274885
701.3 -0.00473985 1 0.0237109 -0.0284507
701.74 -0.00253554 1 0.0220389 -0.0245744
702.18 -0.003332 1 0.020475 -0.023807
702.63 -0.00412463 1 0.0189815 -0.0231061
703.07 -0.00192264 1 0.0176191 -0.0195417
703.51 -0.00272141 1 0.016348 -0.0190694
703.96 -0.00251641 1 0.0151371 -0.0176535
704.4 -0.00331675 1 0.0140351 -0.0173519
704.84 -0.00111786 1 0.0130095 -0.0141273
705.28 -0.00391974 1 0.0120555 -0.0159752
705.73 -0.00371792 1 0.0111494 -0.0148673
706.17 -0.00252138 1 0.0103272 -0.0128486
706.61 -0.00332561 1 0.00956399 -0.0128896
707.06 -0.00412621 1 0.00884049 -0.0129667
707.5 -0.00393203 1 0.00818517 -0.0121172
707.94 -0.00473863 1 0.00757792 -0.0123166
708.38 -0.00254602 1 0.0070155 -0.00956152
708.83 -0.00134985 1 0.00648346 -0.00783331
709.27 -0.00415883 1 0.00600251 -0.0101613
709.71 -0.00296861 1 0.00555764 -0.00852625
710.15 -0.00277918 1 0.00514629 -0.00792547
710.6 -0.00158627 1 0.00475774 -0.00634402
711.04 -0.00239845 1 0.00440698 -0.00680544
711.48 -0.00121143 1 0.00408291 -0.00529435
711.92 -0.00202521 1 0.00378356 -0.00580877
712.37 -0.00383559 1 0.00350104 -0.00733663
712.81 0.000349003 1 0.00324616 -0.00289716
713.25 -0.00446721 1 0.00301079 -0.007478
713.69 -0.00228422 1 0.00279344 -0.00507766
714.13 -0.00310205 1 0.00259271 -0.00569476
714.58 -0.00191658 1 0.00240328 -0.00431986
715.02 -0.00373604 1 0.00223235 -0.00596839
715.46 -0.00355632 1 0.00207444 -0.00563076
715.9 -0.00437742 1 0.00192852 -0.00630594
716.35 -0.0021953 1 0.0017907 -0.003986
716.79 -0.00101805 1 0.00166623 -0.00268428
717.23 -0.00184162 1 0.0015511 -0.00339273
717.67 -0.00066602 1 0.00144459 -0.00211061
718.11 0.00050876 1 0.001346 -0.00083724
718.56 -0.00131334 1 0.00125271 -0.00256605
719 0.00185977 1 0.00116828 0.000691487
719.44 3.20452e-05 1 0.00109002 -0.00105797
719.88 -0.000796507 1 0.00101744 -0.00181395
720.32 -0.00262589 1 0.000950095 -0.00357599
720.76 0.000543889 1 0.000887572 -0.000343683
721.21 -0.00128334 1 0.00082822 -0.00211156
721.65 -0.00111525 1 0.000774324 -0.00188957
722.09 -0.001948 1 0.000724198 -0.0026722
722.53 0.000218406 1 0.000677551 -0.000459145
722.97 0.00138397 1 0.000634116 0.000749855
723.41 -0.00145131 1 0.000593647 -0.00204496
723.86 0.00171628 1 0.000555093 0.00116119
724.3 -0.00112072 1 0.000519957 -0.00164067
724.74 0.00204144 1 0.000487164 0.00155428
725.18 0.00120275 1 0.00045654 0.000746206
725.62 -0.0026368 1 0.000427927 -0.00306473
726.06 0.000522795 1 0.000401179 0.000121616
726.5 -0.00331846 1 0.000376163 -0.00369463
726.95 0.000842997 1 0.00035224 0.000490757
727.39 0 1 0.000330359 -0.000330359
727.83 0.000156143 1 0.000309867 -0.000153724
728.27 0.00031143 1 0.000290668 2.07623e-05
728.71 0.00146587 1 0.000272673 0.00119319
729.15 0.00261946 1 0.000255802 0.00236366
729.59 0.00177221 1 0.000239979 0.00153223
730.03 -0.00107587 1 0.000225135 -0.001301
730.48 0.00207865 1 0.0002109 0.00186775
730.92 0.000228908 1 0.000197846 3.10623e-05
731.36 0.00237835 1 0.000185591 0.00219276
731.8 0.00152698 1 0.000174084 0.00135289
732.24 0.0056748 1 0.000163278 0.00551152
732.68 0.00182183 1 0.00015313 0.0016687
733.12 -0.00203194 1 0.000143598 -0.00217553
733.56 0.000113512 1 0.000134644 -2.11313e-05
734 0.00425818 1 0.000126232 0.00413195
734.44 0.00340207 1 0.000118331 0.00328374
734.89 0.00154844 1 0.000110745 0.00143769
735.33 0.00169078 1 0.000103781 0.001587
735.77 0.00383237 1 9.724e-05 0.00373513
736.21 0.0039732 1 9.10957e-05 0.0038821
736.65 0.00311329 1 8.53244e-05 0.00302796
737.09 0.00525263 1 7.99041e-05 0.00517273
737.53 0.00439124 1 7.48139e-05 0.00431643
737.97 0.00352912 1 7.00342e-05 0.00345909
738.41 0.00266628 1 6.55466e-05 0.00260074
738.85 0.00880273 1 6.13339e-05 0.00874139
739.29 0.00693846 1 5.73798e-05 0.00688108
739.73 0.00307348 1 5.3669e-05 0.00301981
740.17 0.0072078 1 5.01871e-05 0.00715762
740.61 0.00634143 1 4.69206e-05 0.00629451
741.05 0.00447438 1 4.38567e-05 0.00443052
741.49 0.00560663 1 4.09835e-05 0.00556565
741.93 0.00473822 1 3.82895e-05 0.00469993
742.37 0.00186913 1 3.57642e-05 0.00183336
742.81 0.00699937 1 3.33975e-05 0.00696597
743.26 0.00313189 1 3.11311e-05 0.00310076
743.7 0.00526081 1 2.90567e-05 0.00523175
744.14 0.00438907 1 2.7114e-05 0.00436196
744.58 0.0045167 1 2.52949e-05 0.0044914
745.02 0.00564369 1 2.3592e-05 0.0056201
745.46 0.00577005 1 2.19982e-05 0.00574805
745.9 0.00489578 1 2.0507e-05 0.00487527
746.34 0.00702089 1 1.91121e-05 0.00700178
746.78 0.00514539 1 1.78075e-05 0.00512758
747.22 0.00526928 1 1.65878e-05 0.00525269
747.66 0.00439257 1 1.54477e-05 0.00437712
748.1 0.00551526 1 1.43822e-05 0.00550088
748.54 0.00263737 1 1.33869e-05 0.00262398
748.98 0.00275888 1 1.24572e-05 0.00274643
749.42 0.00287982 1 1.15891e-05 0.00286823
749.86 0.00500019 1 1.07787e-05 0.00498941
750.29 0.00411727 1 1.0039e-05 0.00410723
750.73 0.00323652 1 9.33226e-06 0.00322718
751.17 0.00235521 1 8.67301e-06 0.00234653
751.61 0.00147335 1 8.05823e-06 0.00146529
752.05 0.00559095 1 7.4851e-06 0.00558346
752.49 -0.000291996 1 6.95092e-06 -0.000298947
752.93 -0.000175471 1 6.45318e-06 -0.000181924
753.37 0.00394053 1 5.98952e-06 0.00393454
753.81 0.003056 1 5.55773e-06 0.00305044
754.25 0.00317096 1 5.15572e-06 0.00316581
754.69 0.00428541 1 4.78155e-06 0.00428063
755.13 0.00139936 1 4.43337e-06 0.00139492
755.57 0.0055128 1 4.10947e-06 0.00550869
756.01 0.00662576 1 3.80824e-06 0.00662195
756.45 0.00573822 1 3.52817e-06 0.0057347
756.89 0.00285021 1 3.26784e-06 0.00284694
757.33 0.00296172 1 3.02593e-06 0.00295869
757.77 0.00507276 1 2.80119e-06 0.00506996
758.21 0.00618334 1 2.59247e-06 0.00618074
758.64 0.00229095 1 2.40292e-06 0.00228855
759.08 -0.00159937 1 2.22272e-06 -0.00160159
759.52 0.00250986 1 2.0555e-06 0.0025078
759.96 0.00561865 1 1.90036e-06 0.00561674
760.4 0.005727 1 1.75647e-06 0.00572524
760.84 0.00183492 1 1.62305e-06 0.0018333
761.28 0.00294242 1 1.49937e-06 0.00294092
761.72 0.0040495 1 1.38475e-06 0.00404811
762.16 0.00515616 1 1.27856e-06 0.00515489
762.6 0.00126242 1 1.1802e-06 0.00126124
763.03 0.00336588 1 1.09112e-06 0.00336479
763.47 0.00247136 1 1.00666e-06 0.00247035
763.91 0.00357644 1 9.28498e-07 0.00357551
764.35 0.000681141 1 8.56179e-07 0.000680284
764.79 0.00278546 1 7.89285e-07 0.00278467
765.23 -0.00211059 1 7.27427e-07 -0.00211131
765.67 0.002993 1 6.70242e-07 0.00299233
766.11 -0.00090378 1 6.1739e-07 -0.000904398
766.54 0.000196753 1 5.69624e-07 0.000196184
766.98 0.00329928 1 5.24435e-07 0.00329876
767.42 0.00240146 1 4.82704e-07 0.00240098
767.86 0.000503308 1 4.44177e-07 0.000502864
768.3 0.00260482 1 4.08618e-07 0.00260441
768.74 0.00370601 1 3.75808e-07 0.00370563
769.17 0.00480459 1 3.46202e-07 0.00480424
769.61 0.00290514 1 3.18238e-07 0.00290483
770.05 0.00300539 1 2.92456e-07 0.0030051
770.49 0.00410534 1 2.68693e-07 0.00410507
770.93 0.00320499 1 2.46796e-07 0.00320474
771.37 -0.000695656 1 2.26623e-07 -0.000695883
771.8 0.00240117 1 2.08451e-07 0.00240096
772.24 -0.00150004 1 1.91314e-07 -0.00150023
772.68 -0.000401517 1 1.75539e-07 -0.000401693
773.12 0.00269674 1 1.61024e-07 0.00269657
773.56 0.000794724 1 1.47669e-07 0.000794577
774 0.000892456 1 1.35387e-07 0.00089232
774.43 -1.2277e-05 1 1.2434e-07 -1.24013e-05
774.87 0.00308496 1 1.13939e-07 0.00308485
775.31 0.00418196 1 1.04381e-07 0.00418186
775.75 0.00227873 1 9.55996e-08 0.00227863
776.19 -0.000624738 1 8.75339e-08 -0.000624826
776.62 0.000469388 1 8.02892e-08 0.000469307
777.06 0.00256549 1 7.34772e-08 0.00256541
777.5 -0.000338624 1 6.72255e-08 -0.000338691
777.94 0.000757059 1 6.14896e-08 0.000756997
778.37 -0.00114963 1 5.6343e-08 -0.00114968
778.81 -0.00105433 1 5.15089e-08 -0.00105439
779.25 0.00304077 1 4.70773e-08 0.00304072
779.69 0.00213569 1 4.30157e-08 0.00213565
780.13 0.00523043 1 3.92941e-08 0.00523039
780.56 0.00132286 1 3.59594e-08 0.00132282
781 0.000417265 1 3.28313e-08 0.000417233
781.44 0.000511515 1 2.99675e-08 0.000511485
781.88 0.00060561 1 2.73463e-08 0.000605582
782.31 -0.000302578 1 2.50001e-08 -0.000302603
782.75 -0.00320877 1 2.28016e-08 -0.00320879
783.19 0.0078849 1 2.0791e-08 0.00788488
783.63 0.00197844 1 1.89527e-08 0.00197842
784.06 0.00106973 1 1.73089e-08 0.00106971
784.5 0.00416302 1 1.57703e-08 0.00416301
784.94 0.0022562 1 1.43647e-08 0.00225619
785.37 0.00134716 1 1.31089e-08 0.00134715
785.81 0.00244013 1 1.19343e-08 0.00244012
786.25 0.001533 1 1.08621e-08 0.00153299
786.69 0.000625787 1 9.88371e-09 0.000625777
787.12 -0.000283622 1 9.01043e-09 -0.000283631
787.56 -0.000191003 1 8.19454e-09 -0.000191011
788 0.00390154 1 7.45058e-09 0.00390153
788.43 0.00399192 1 6.78711e-09 0.00399191
788.87 0.00308433 1 6.16773e-09 0.00308432
789.31 0.000176688 1 5.6034e-09 0.000176682
789.75 0.00426899 1 5.08937e-09 0.00426899
790.18 0.00135916 1 4.63144e-09 0.00135915
790.62 -0.000548622 1 4.2044e-09 -0.000548626
791.06 -0.000456435 1 3.81573e-09 -0.000456439
791.49 -0.000366371 1 3.46975e-09 -0.000366374
791.93 0.000725765 1 3.14737e-09 0.000725762
792.37 0.00481788 1 2.85418e-09 0.00481788
792.8 -0.0040921 1 2.59341e-09 -0.0040921
793.24 0 1 2.35062e-09 -2.35062e-09
793.68 0.0040921 1 2.12999e-09 0.0040921
794.11 0.00218212 1 1.93391e-09 0.00218211
794.55 0.00427423 1 1.75149e-09 0.00427423
794.99 0.00636637 1 1.58586e-09 0.00636637
795.42 -0.000543565 1 1.43877e-09 -0.000543567
795.86 0.00754862 1 1.30204e-09 0.00754862
796.3 0.00264084 1 1.17799e-09 0.00264084
796.73 -0.000268994 1 1.06792e-09 -0.000268995
797.17 0.00182331 1 9.65675e-10 0.00182331
797.61 0.000915669 1 8.72992e-10 0.000915668
798.04 5.98275e-06 1 7.90816e-10 5.98196e-06
798.48 0.00409846 1 7.14545e-10 0.00409846
798.91 0.0031889 1 6.46956e-10 0.0031889
799.35 0.00128152 1 5.84257e-10 0.00128152
799.79 0.00437421 1 5.27496e-10 0.00437421
800.22 0.000464886 1 4.77236e-10 0.000464885
800.66 0.000557758 1 4.30649e-10 0.000557757
801.1 0.00665073 1 3.88508e-10 0.00665073
