500.34 -0.000684553 1 0.000824499 -0.00150905
500.8 0.000702537 1 0.000655728 4.68093e-05
501.25 0.00108122 1 0.000491536 0.000589687
501.71 0.000468334 1 0.000324628 0.000143706
502.17 0.000855452 1 0.000158666 0.000696786
502.62 0.00323416 1 -2.77019e-06 0.00323693
503.08 0.00162129 1 -0.000166854 0.00178814
503.53 0 1 -0.000326448 0.000326448
503.99 -0.00161287 1 -0.000488644 -0.00112423
504.44 -0.00023416 1 -0.000646387 0.000412227
504.9 0.000152964 1 -0.000806686 0.00095965
505.36 -0.00245992 1 -0.000966022 -0.0014939
505.81 -8.12234e-05 1 -0.00112096 0.00103974
506.27 -0.00169412 1 -0.00127839 -0.000415733
506.72 0.000684553 1 -0.00143146 0.00211601
507.18 0.00107163 1 -0.00158697 0.00265859
507.63 -0.00154972 1 -0.00173815 0.00018843
508.09 -0.000162678 1 -0.00189174 0.00172906
508.54 -0.00378406 1 -0.00204104 -0.00174303
509 -0.00139706 1 -0.00219269 0.000795628
509.45 -1.84868e-05 1 -0.00234009 0.0023216
509.91 -0.00163153 1 -0.0024898 0.000858275
510.36 -0.000253005 1 -0.00263531 0.0023823
510.82 -0.000866098 1 -0.00278307 0.00191697
511.27 -0.00448763 1 -0.00292667 -0.00156097
511.73 -0.00110079 1 -0.00307248 0.00197169
512.19 -0.00271398 1 -0.0032173 0.000503323
512.64 -0.000335609 1 -0.00335801 0.0030224
513.1 -0.00494887 1 -0.00350087 -0.001448
513.55 -0.00357058 1 -0.00363967 6.90902e-05
514.01 -0.00618392 1 -0.00378056 -0.00240336
514.46 -0.00480571 1 -0.00391743 -0.000888279
514.92 -0.00541913 1 -0.00405635 -0.00136279
515.37 -0.00504101 1 -0.00419129 -0.000849727
515.83 -0.00365454 1 -0.00432823 0.000673696
516.28 -0.00627651 1 -0.00446123 -0.00181528
516.73 -0.00589853 1 -0.00459327 -0.00130526
517.19 -0.00551221 1 -0.00472726 -0.000784952
517.64 -0.00813434 1 -0.00485736 -0.00327698
518.1 -0.00574813 1 -0.00498936 -0.000758773
518.55 -0.00637038 1 -0.00511752 -0.00125286
519.01 -0.00698429 1 -0.00524753 -0.00173676
519.46 -0.00660666 1 -0.00537374 -0.00123292
519.92 -0.0072207 1 -0.00550176 -0.00171894
520.37 -0.00684319 1 -0.00562602 -0.00121718
520.83 -0.00745737 1 -0.00575204 -0.00170533
521.28 -0.01008 1 -0.00587435 -0.00420565
521.74 -0.00569432 1 -0.00599838 0.000304061
522.19 -0.00431709 1 -0.00611874 0.00180164
522.65 -0.00693156 1 -0.00624077 -0.000690797
523.1 -0.00855449 1 -0.00635917 -0.00219532
523.55 -0.00717749 1 -0.0064766 -0.000700893
524.01 -0.0027922 1 -0.00659564 0.00380344
524.46 -0.00841536 1 -0.00671112 -0.00170425
524.92 -0.0100302 1 -0.00682816 -0.00320208
525.37 -0.00865357 1 -0.00694168 -0.0017119
525.83 -0.00926862 1 -0.00705672 -0.00221191
526.28 -0.00689213 1 -0.00716828 0.000276145
526.73 -0.00551573 1 -0.00727887 0.00176314
527.19 -0.00513106 1 -0.00739092 0.00225986
527.64 -0.00675484 1 -0.00749955 0.000744709
528.1 -0.00737037 1 -0.0076096 0.000239235
528.55 -0.00799435 1 -0.00771628 -0.000278067
529.01 -0.00661007 1 -0.00782433 0.00121426
529.46 -0.00523425 1 -0.00792905 0.0026948
529.91 -0.00885853 1 -0.00803281 -0.000825729
530.37 -0.00947458 1 -0.00813787 -0.00133671
530.82 -0.0100991 1 -0.00823967 -0.0018594
531.28 -0.00871533 1 -0.00834273 -0.000372598
531.73 -0.01134 1 -0.00844258 -0.00289746
532.18 -0.00896487 1 -0.00854147 -0.000423403
532.64 -0.00758148 1 -0.00864156 0.00106008
533.09 -0.00920653 1 -0.00873849 -0.000468042
533.54 -0.0118317 1 -0.00883446 -0.00299724
534 -0.0114487 1 -0.00893158 -0.00251709
534.45 -0.00607408 1 -0.00902561 0.00295152
534.91 -0.0086913 1 -0.00912073 0.000429431
535.36 -0.00831696 1 -0.00921282 0.000895857
535.81 -0.00694275 1 -0.00930395 0.0023612
536.27 -0.0105604 1 -0.00939611 -0.00116424
536.72 -0.0101864 1 -0.0094853 -0.000701095
537.17 -0.00981257 1 -0.00957354 -0.000239036
537.63 -0.0104306 1 -0.00966275 -0.000767834
538.08 -0.011057 1 -0.00974905 -0.00130797
538.54 -0.00967532 1 -0.00983629 0.000160977
538.99 -0.00930204 1 -0.00992067 0.000618633
539.44 -0.0099289 1 -0.0100041 7.51985e-05
539.9 -0.00854762 1 -0.0100884 0.00154078
540.35 -0.0101748 1 -0.0101699 -4.8591e-06
540.8 -0.0118021 1 -0.0102505 -0.00155159
541.26 -0.00942124 1 -0.0103319 0.000910618
541.71 -0.0100488 1 -0.0104105 0.000361675
542.16 -0.0136766 1 -0.0104882 -0.00318836
542.62 -0.0112962 1 -0.0105667 -0.000729528
543.07 -0.0109243 1 -0.0106425 -0.000281776
543.52 -0.00955248 1 -0.0107174 0.00116488
543.98 -0.0081726 1 -0.0107929 0.00262033
544.43 -0.0118011 1 -0.0108659 -0.000935222
544.88 -0.0124298 1 -0.010938 -0.00149187
545.34 -0.00805044 1 -0.0110106 0.0029602
545.79 -0.0126795 1 -0.0110808 -0.00159867
546.24 -0.0113087 1 -0.01115 -0.000158627
546.69 -0.00793801 1 -0.0112183 0.00328032
547.15 -0.0135593 1 -0.0112872 -0.00227211
547.6 -0.011189 1 -0.0113536 0.000164616
548.05 -0.0098189 1 -0.0114192 0.00160025
548.51 -0.0124407 1 -0.0114852 -0.000955563
548.96 -0.012071 1 -0.0115488 -0.000522142
549.41 -0.00870139 1 -0.0116116 0.00291019
549.86 -0.011332 1 -0.0116734 0.000341418
550.32 -0.00995457 1 -0.0117357 0.0017811
550.77 -0.00958553 1 -0.0117957 0.00221012
551.22 -0.00921669 1 -0.0118547 0.00263805
551.68 -0.0128398 1 -0.0119142 -0.000925641
552.13 -0.0134714 1 -0.0119715 -0.00149992
552.58 -0.0141031 1 -0.0120278 -0.0020753
553.03 -0.010735 1 -0.0120833 0.00134823
553.49 -0.011359 1 -0.012139 0.000780051
553.94 -0.0119913 1 -0.0121927 0.000201378
554.39 -0.0116238 1 -0.0122454 0.000621615
554.84 -0.0102565 1 -0.0122973 0.00204076
555.3 -0.00988128 1 -0.0123494 0.0024681
555.75 -0.0115144 1 -0.0123995 0.000885043
556.2 -0.0131477 1 -0.0124486 -0.0006991
556.65 -0.0117813 1 -0.012497 0.000715671
557.11 -0.0124069 1 -0.0125454 0.000138535
557.56 -0.0120409 1 -0.012592 0.00055111
558.01 -0.00967505 1 -0.0126376 0.0029626
558.46 -0.0103094 1 -0.0126824 0.00237301
558.92 -0.0129359 1 -0.0127273 -0.000208588
559.37 -0.0115708 1 -0.0127704 0.00119963
559.82 -0.0142058 1 -0.0128126 -0.00139324
560.27 -0.0128411 1 -0.0128539 1.28191e-05
560.72 -0.0144766 1 -0.0128944 -0.00158221
561.18 -0.0121042 1 -0.0129349 0.000830655
561.63 -0.0127402 1 -0.0129736 0.000233451
562.08 -0.0163764 1 -0.0130115 -0.00336483
562.53 -0.0120128 1 -0.0130486 0.00103582
562.99 -0.0116414 1 -0.0130856 0.00144425
563.44 -0.0132783 1 -0.013121 -0.000157273
563.89 -0.0149154 1 -0.0131555 -0.00175987
564.34 -0.0135528 1 -0.0131892 -0.000363539
564.79 -0.0111904 1 -0.0132221 0.00203172
565.25 -0.0128202 1 -0.0132548 0.000434664
565.7 -0.0134582 1 -0.013286 -0.000172232
566.15 -0.0120966 1 -0.0133164 0.00121981
566.6 -0.0127352 1 -0.0133459 0.000610779
567.05 -0.012374 1 -0.0133747 0.00100069
567.5 -0.0130131 1 -0.0134026 0.000389538
567.96 -0.0116444 1 -0.0134303 0.00178593
568.41 -0.012284 1 -0.0134566 0.00117264
568.86 -0.0149239 1 -0.0134822 -0.00144171
569.31 -0.015564 1 -0.0135069 -0.00205712
569.76 -0.0132043 1 -0.0135308 0.000326421
570.21 -0.012845 1 -0.0135539 0.000708907
570.67 -0.0124779 1 -0.0135767 0.00109881
571.12 -0.012119 1 -0.0135982 0.00147917
571.57 -0.0127605 1 -0.013619 0.000858482
572.02 -0.0134022 1 -0.0136389 0.000236749
572.47 -0.0140441 1 -0.0136581 -0.000386029
572.92 -0.0126864 1 -0.0136765 0.00099015
573.37 -0.0123289 1 -0.0136942 0.00136529
573.83 -0.0149638 1 -0.0137114 -0.00125231
574.28 -0.0136068 1 -0.0137275 0.000120721
574.73 -0.0142502 1 -0.0137429 -0.00050728
575.18 -0.0128938 1 -0.0137575 0.000863685
575.63 -0.0135377 1 -0.0137713 0.000233616
576.08 -0.0161819 1 -0.0137844 -0.00239748
576.53 -0.0128264 1 -0.0137968 0.000970386
576.98 -0.0134712 1 -0.0138084 0.000337229
577.44 -0.0161083 1 -0.0138195 -0.00228884
577.89 -0.0157537 1 -0.0138296 -0.00192407
578.34 -0.0153994 1 -0.013839 -0.00156032
578.79 -0.0160453 1 -0.0138477 -0.00219759
579.24 -0.0166915 1 -0.0138557 -0.00283588
579.69 -0.0143381 1 -0.0138629 -0.000475187
580.14 -0.0159849 1 -0.0138694 -0.00211551
580.59 -0.0156321 1 -0.0138752 -0.00175684
581.04 -0.0152795 1 -0.0138803 -0.00139919
581.49 -0.0159273 1 -0.0138847 -0.00204254
581.95 -0.0165675 1 -0.0138885 -0.00267901
582.4 -0.0142159 1 -0.0138915 -0.000324392
582.85 -0.0148646 1 -0.0138938 -0.00097078
583.3 -0.0155136 1 -0.0138954 -0.00161817
583.75 -0.0161629 1 -0.0138963 -0.00226656
584.2 -0.0148125 1 -0.0138966 -0.000915939
584.65 -0.0144625 1 -0.0138962 -0.000566316
585.1 -0.0151128 1 -0.0138951 -0.00121768
585.55 -0.0147633 1 -0.0138933 -0.000870044
586 -0.0164143 1 -0.0138909 -0.00252339
586.45 -0.0150655 1 -0.0138878 -0.00117772
586.9 -0.0147171 1 -0.013884 -0.000833039
587.35 -0.014369 1 -0.0138796 -0.000489336
587.8 -0.0160212 1 -0.0138746 -0.00214661
588.25 -0.0136737 1 -0.0138689 0.000195136
588.71 -0.0143189 1 -0.0138624 -0.00045653
589.16 -0.0149722 1 -0.0138554 -0.00111675
589.61 -0.0136257 1 -0.0138478 0.000222057
590.06 -0.0152796 1 -0.0138395 -0.0014401
590.51 -0.0129339 1 -0.0138307 0.000896772
590.96 -0.0135885 1 -0.0138212 0.000232684
591.41 -0.0152434 1 -0.0138111 -0.00143237
591.86 -0.0128987 1 -0.0138003 0.000901626
592.31 -0.0145543 1 -0.013789 -0.000765338
592.76 -0.0142103 1 -0.0137771 -0.000433257
593.21 -0.0138667 1 -0.0137645 -0.000102128
593.66 -0.0145234 1 -0.0137514 -0.000771948
594.11 -0.0111804 1 -0.0137377 0.00255728
594.56 -0.0128378 1 -0.0137234 0.000885572
595.01 -0.0114956 1 -0.0137085 0.00221292
595.46 -0.0151537 1 -0.013693 -0.00146068
595.91 -0.0128122 1 -0.013677 0.00086479
596.36 -0.013471 1 -0.0136603 0.000189322
596.81 -0.0131302 1 -0.0136432 0.000512921
597.26 -0.0137898 1 -0.0136254 -0.000164411
597.71 -0.0134498 1 -0.0136071 0.000157329
598.16 -0.0141101 1 -0.0135882 -0.000521857
598.61 -0.0157708 1 -0.0135688 -0.00220197
599.06 -0.0134319 1 -0.0135489 0.000117004
599.51 -0.0110933 1 -0.0135284 0.00243506
599.96 -0.0117551 1 -0.0135073 0.00175219
600.41 -0.0124173 1 -0.0134857 0.00106841
600.86 -0.0140799 1 -0.0134636 -0.000616277
601.31 -0.0127429 1 -0.013441 0.000698124
601.76 -0.0134062 1 -0.0134179 1.16191e-05
602.21 -0.01107 1 -0.0133942 0.00232421
602.65 -0.0117416 1 -0.0133706 0.00162898
603.1 -0.0144061 1 -0.0133459 -0.00106021
603.55 -0.013071 1 -0.0133207 0.000249707
604 -0.0107363 1 -0.013295 0.00255873
604.45 -0.013402 1 -0.0132689 -0.000133145
604.9 -0.0120681 1 -0.0132422 0.00117409
605.35 -0.0147346 1 -0.013215 -0.00151955
605.8 -0.0114015 1 -0.0131874 0.00178591
606.25 -0.00906879 1 -0.0131593 0.0040905
606.7 -0.0107365 1 -0.0131307 0.00239421
607.15 -0.0124046 1 -0.0131016 0.000697036
607.6 -0.0130731 1 -0.0130721 -1.0082e-06
608.05 -0.0137421 1 -0.0130421 -0.000699925
608.5 -0.0134114 1 -0.0130117 -0.000399711
608.95 -0.0130812 1 -0.0129808 -0.000100363
609.39 -0.0107586 1 -0.0129501 0.0021915
609.84 -0.0134292 1 -0.0129184 -0.000510864
610.29 -0.0121002 1 -0.0128861 0.000785916
610.74 -0.0127716 1 -0.0128535 8.18395e-05
611.19 -0.0154435 1 -0.0128204 -0.00262309
611.64 -0.0131158 1 -0.0127869 -0.000328875
612.09 -0.0117884 1 -0.0127529 0.000964492
612.54 -0.0114616 1 -0.0127186 0.00125701
612.99 -0.0121351 1 -0.0126838 0.000548687
613.44 -0.0118091 1 -0.0126486 0.00083952
613.88 -0.0104907 1 -0.0126138 0.00212308
614.33 -0.0131656 1 -0.0125778 -0.000587747
614.78 -0.0138409 1 -0.0125415 -0.00129941
615.23 -0.0145166 1 -0.0125047 -0.0020119
615.68 -0.0111927 1 -0.0124675 0.00127478
616.13 -0.0118693 1 -0.01243 0.000560627
616.58 -0.0135464 1 -0.012392 -0.00115435
617.03 -0.0122239 1 -0.0123537 0.000129855
617.47 -0.00990894 1 -0.0123159 0.00240695
617.92 -0.0105873 1 -0.0122768 0.00168953
618.37 -0.0122661 1 -0.0122374 -2.87012e-05
618.82 -0.0119454 1 -0.0121977 0.000252253
619.27 -0.0116252 1 -0.0121575 0.000532398
619.72 -0.0113053 1 -0.0121171 0.000811734
620.17 -0.011986 1 -0.0120763 9.02645e-05
620.61 -0.0126742 1 -0.012036 -0.000638171
621.06 -0.0113557 1 -0.0119945 0.000638773
621.51 -0.0120378 1 -0.0119527 -8.50805e-05
621.96 -0.0137202 1 -0.0119105 -0.00180973
622.41 -0.0114032 1 -0.011868 0.000464826
622.86 -0.0110866 1 -0.0118252 0.000738591
623.3 -0.0127775 1 -0.011783 -0.00099449
623.75 -0.0104619 1 -0.0117396 0.00127772
624.2 -0.0111467 1 -0.0116958 0.00054914
624.65 -0.010832 1 -0.0116518 0.000819781
625.1 -0.0115178 1 -0.0116074 8.96429e-05
625.54 -0.011211 1 -0.0115638 0.000352756
625.99 -0.0108977 1 -0.0115188 0.000621083
626.44 -0.010585 1 -0.0114736 0.000888638
626.89 -0.0112727 1 -0.0114281 0.000155422
627.34 -0.00996084 1 -0.0113823 0.00142144
627.78 -0.0136564 1 -0.0113372 -0.0023192
628.23 -0.0123456 1 -0.0112909 -0.00105469
628.68 -0.0120352 1 -0.0112443 -0.00079095
629.13 -0.0117253 1 -0.0111974 -0.000527966
629.58 -0.011416 1 -0.0111502 -0.000265738
630.02 -0.00911396 1 -0.0111039 0.00198993
630.47 -0.0118056 1 -0.0110562 -0.000749329
630.92 -0.00949769 1 -0.0110084 0.00151066
631.37 -0.0111903 1 -0.0109602 -0.0002301
631.81 -0.00989025 1 -0.0109129 0.00102266
632.26 -0.0105839 1 -0.0108643 0.000280427
632.71 -0.00927799 1 -0.0108154 0.00153745
633.16 -0.0109726 1 -0.0107664 -0.000206257
633.61 -0.0116678 1 -0.0107171 -0.000950705
634.05 -0.0133702 1 -0.0106686 -0.00270154
634.5 -0.0110663 1 -0.0106189 -0.000447442
634.95 -0.010763 1 -0.0105689 -0.000194071
635.4 -0.0084602 1 -0.0105188 0.00205857
635.84 -0.00816463 1 -0.0104695 0.0023049
636.29 -0.0108629 1 -0.010419 -0.000443894
636.74 -0.0095616 1 -0.0103682 0.000806593
637.18 -0.00926755 1 -0.0103184 0.00105082
637.63 -0.00996734 1 -0.0102672 0.000299882
638.08 -0.00966765 1 -0.0102159 0.000548231
638.53 -0.0103685 1 -0.0101644 -0.000204134
638.97 -0.0100765 1 -0.0101138 3.73103e-05
639.42 -0.00977841 1 -0.0100619 0.00028354
639.87 -0.00848084 1 -0.0100099 0.00152906
640.32 -0.0111838 1 -0.0099577 -0.00122612
640.76 -0.00989391 1 -0.00990649 1.2574e-05
641.21 -0.010598 1 -0.00985395 -0.000744
641.66 -0.00930254 1 -0.00980127 0.000498727
642.1 -0.00901421 1 -0.0097496 0.000735385
642.55 -0.0107199 1 -0.00969661 -0.00102327
643 -0.0114261 1 -0.00964348 -0.00178261
643.44 -0.0101394 1 -0.00959138 -0.000547977
643.89 -0.00584666 1 -0.00953797 0.00369131
644.34 -0.00955451 1 -0.00948442 -7.00925e-05
644.79 -0.00926292 1 -0.00943074 0.000167819
645.23 -0.00797835 1 -0.00937813 0.00139978
645.68 -0.00868786 1 -0.0093242 0.00063634
646.13 -0.00739793 1 -0.00927015 0.00187222
646.57 -0.00811499 1 -0.00921719 0.0011022
647.02 -0.0108262 1 -0.00916291 -0.00166327
647.47 -0.00653793 1 -0.00910852 0.00257059
647.91 -0.00725663 1 -0.00905523 0.0017986
648.36 -0.00796951 1 -0.00900064 0.00103113
648.81 -0.00968295 1 -0.00894594 -0.000737015
649.25 -0.00740332 1 -0.00889236 0.00148904
649.7 -0.0081179 1 -0.00883748 0.000719577
650.15 -0.00783306 1 -0.0087825 0.000949446
650.59 -0.0085551 1 -0.00872867 0.000173565
651.04 -0.0082714 1 -0.00867353 0.000402122
651.48 -0.00499457 1 -0.00861953 0.00362496
651.93 -0.00671203 1 -0.00856424 0.00185221
652.38 -0.00943006 1 -0.00850887 -0.000921194
652.82 -0.00715493 1 -0.00845466 0.00129973
653.27 -0.00787413 1 -0.00839916 0.000525028
653.72 -0.00559393 1 -0.0083436 0.00274967
654.16 -0.00832052 1 -0.00828921 -3.13059e-05
654.61 -0.00604148 1 -0.00823353 0.00219205
655.06 -0.00776304 1 -0.0081778 0.00041476
655.5 -0.00849136 1 -0.00812325 -0.000368107
655.95 -0.0092141 1 -0.00806743 -0.00114668
656.39 -0.0129436 1 -0.0080128 -0.00493079
656.84 -0.00966752 1 -0.00795688 -0.00171063
657.29 -0.00439206 1 -0.00790094 0.00350888
657.73 -0.0081233 1 -0.0078462 -0.000277101
658.18 -0.00884904 1 -0.00779019 -0.00105885
658.62 -0.00758146 1 -0.00773539 0.000153934
659.07 -0.0053084 1 -0.00767933 0.00237092
659.52 -0.00603596 1 -0.00762324 0.00158728
659.96 -0.00477016 1 -0.00756838 0.00279822
660.41 -0.00449894 1 -0.00751226 0.00301332
660.85 -0.00723434 1 -0.00745737 0.000223035
661.3 -0.00396434 1 -0.00740123 0.00343689
661.74 -0.00670094 1 -0.00734633 0.000645389
662.19 -0.00643217 1 -0.00729018 0.000858004
662.64 -0.00616403 1 -0.00723402 0.00106999
663.08 -0.00790245 1 -0.00717912 -0.000723333
663.53 -0.00663555 1 -0.00712297 0.000487421
663.97 -0.00737519 1 -0.00706808 -0.000307111
664.42 -0.00610954 1 -0.00701195 0.000902411
664.86 -0.00485041 1 -0.00695708 0.00210668
665.31 -0.00658601 1 -0.00690098 0.000314974
665.75 -0.00732811 1 -0.00684615 -0.000481956
666.2 -0.00506497 1 -0.00679009 0.00172512
666.65 -0.00580248 1 -0.00673406 0.000931575
667.09 -0.00654645 1 -0.0066793 0.000132849
667.54 -0.00628523 1 -0.00662332 0.00033809
667.98 -0.00603044 1 -0.00656862 0.000538177
668.43 -0.0067705 1 -0.00651271 -0.000257795
668.87 -0.00551697 1 -0.00645808 0.000941107
669.32 -0.00725832 1 -0.00640225 -0.000856074
669.76 -0.00600605 1 -0.0063477 0.000341648
670.21 -0.0047487 1 -0.00629196 0.00154326
670.65 -0.0064977 1 -0.0062375 -0.000260194
671.1 -0.00424164 1 -0.00618186 0.00194022
671.54 -0.00399192 1 -0.0061275 0.00213559
671.99 -0.00673717 1 -0.00607197 -0.0006652
672.43 -0.00448873 1 -0.00601772 0.001529
672.88 -0.00723529 1 -0.00596231 -0.00127299
673.32 -0.00498814 1 -0.00590819 0.000920046
673.77 -0.00673603 1 -0.0058529 -0.000883132
674.21 -0.00749017 1 -0.00579891 -0.00169127
674.66 -0.00423939 1 -0.00574376 0.00150437
675.1 -0.00499484 1 -0.00568991 0.000695068
675.55 -0.00774539 1 -0.00563491 -0.00211049
675.99 -0.00450215 1 -0.0055812 0.00107905
676.44 -0.00525405 1 -0.00552636 0.000272311
676.88 -0.00601212 1 -0.00547281 -0.000539305
677.33 -0.00476537 1 -0.00541814 0.000652769
677.77 -0.00552476 1 -0.00536476 -0.000160003
678.22 -0.00527937 1 -0.00531026 3.08893e-05
678.66 -0.00604009 1 -0.00525705 -0.000783037
679.11 -0.00679606 1 -0.00520273 -0.00159332
679.55 -0.00555812 1 -0.00514972 -0.000408403
679.99 -0.00732084 1 -0.00509679 -0.00222405
680.44 -0.00507886 1 -0.00504277 -3.60975e-05
680.88 -0.00684294 1 -0.00499004 -0.0018529
681.33 -0.00660234 1 -0.00493622 -0.00166612
681.77 -0.00636776 1 -0.0048837 -0.00148406
682.22 -0.00512855 1 -0.00483009 -0.00029846
682.66 -0.00689533 1 -0.00477778 -0.00211755
683.11 -0.00465752 1 -0.0047244 6.68776e-05
683.55 -0.00542567 1 -0.00467231 -0.000753363
683.99 -0.0071945 1 -0.00462033 -0.00257417
684.44 -0.00695878 1 -0.00456729 -0.00239149
684.88 -0.00672899 1 -0.00451555 -0.00221344
685.33 -0.00749468 1 -0.00446275 -0.00303193
685.77 -0.00626628 1 -0.00441125 -0.00185502
686.21 -0.00603856 1 -0.00435987 -0.00167868
686.66 -0.00480637 1 -0.00430745 -0.000498923
687.1 -0.00558004 1 -0.00425632 -0.00132373
687.55 -0.00534929 1 -0.00420416 -0.00114513
687.99 -0.00312437 1 -0.00415329 0.00102892
688.44 -0.00589505 1 -0.00410139 -0.00179365
688.88 -0.00567153 1 -0.00405079 -0.00162074
689.32 -0.00444871 1 -0.00400031 -0.000448398
689.77 -0.00622155 1 -0.00394883 -0.00227272
690.21 -0.00600015 1 -0.00389864 -0.00210152
690.65 -0.00677945 1 -0.00384858 -0.00293088
691.1 -0.00455447 1 -0.00379753 -0.000756946
691.54 -0.0063352 1 -0.00374775 -0.00258745
691.99 -0.00611168 1 -0.003697 -0.00241469
692.43 -0.00589385 1 -0.00364751 -0.00224634
692.87 -0.00667673 1 -0.00359818 -0.00307855
693.32 -0.00445541 1 -0.00354787 -0.000907533
693.76 -0.00523973 1 -0.00349884 -0.00174089
694.2 -0.00702477 1 -0.00344996 -0.00357481
694.65 -0.00480567 1 -0.00340012 -0.00140555
695.09 -0.00459216 1 -0.00335155 -0.00124062
695.53 -0.00737938 1 -0.00330313 -0.00407625
695.98 -0.00416251 1 -0.00325377 -0.000908737
696.42 -0.00595119 1 -0.00320567 -0.00274552
696.86 -0.0047406 1 -0.00315773 -0.00158287
697.31 -0.00552598 1 -0.00310887 -0.00241711
697.75 -0.00631686 1 -0.00306126 -0.00325561
698.19 -0.00710848 1 -0.00301381 -0.00409467
698.64 -0.00489612 1 -0.00296545 -0.00193067
699.08 -0.00568922 1 -0.00291833 -0.00277089
699.52 -0.00548306 1 -0.00287139 -0.00261167
699.97 -0.00627298 1 -0.00282355 -0.00344943
700.41 -0.00506831 1 -0.00277694 -0.00229137
700.85 -0.00586439 1 -0.00273051 -0.00313388
701.3 -0.0056566 1 -0.0026832 -0.0029734
701.74 -0.00545419 1 -0.00263711 -0.00281707
702.18 -0.00325252 1 -0.0025912 -0.000661311
702.63 -0.00604704 1 -0.00254443 -0.0035026
703.07 -0.00484688 1 -0.00249888 -0.002348
703.51 -0.00464748 1 -0.00245351 -0.00219397
703.96 -0.00344433 1 -0.00240729 -0.00103704
704.4 -0.00324645 1 -0.00236228 -0.000884176
704.84 -0.00304933 1 -0.00231745 -0.000731887
705.28 -0.00385297 1 -0.0022728 -0.00158017
705.73 -0.00465294 1 -0.00222733 -0.00242561
706.17 -0.00245812 1 -0.00218305 -0.000275067
706.61 -0.00326406 1 -0.00213896 -0.0011251
707.06 -0.00606638 1 -0.00209406 -0.00397232
707.5 -0.00387388 1 -0.00205035 -0.00182353
707.94 -0.00468214 1 -0.00200682 -0.00267532
708.38 -0.00349117 1 -0.00196349 -0.00152768
708.83 -0.00329666 1 -0.00191936 -0.0013773
709.27 -0.00310726 1 -0.00187641 -0.00123085
709.71 -0.00491863 1 -0.00183365 -0.00308497
710.15 -0.00373078 1 -0.00179109 -0.00193969
710.6 -0.00553946 1 -0.00174776 -0.00379171
711.04 -0.00235319 1 -0.00170558 -0.000647604
711.48 -0.00116769 1 -0.0016636 0.00049591
711.92 -0.00198298 1 -0.00162182 -0.000361163
712.37 -0.00579489 1 -0.00157929 -0.0042156
712.81 -0.00161177 1 -0.00153791 -7.38624e-05
713.25 -0.00242944 1 -0.00149672 -0.000932718
713.69 -0.0032479 1 -0.00145573 -0.00179217
714.13 -0.00106715 1 -0.00141495 0.000347794
714.58 -0.00288312 1 -0.00137344 -0.00150968
715.02 -0.00170398 1 -0.00133306 -0.00037092
715.46 -0.00252563 1 -0.00129287 -0.00123276
715.9 -0.00334809 1 -0.0012529 -0.00209519
716.35 -0.00516733 1 -0.00121222 -0.00395512
716.79 -0.00099141 1 -0.00117265 0.000181241
717.23 -0.00081629 1 -0.00113329 0.000316998
717.67 -0.00164197 1 -0.00109413 -0.000547846
718.11 -0.000468466 1 -0.00105517 0.000586709
718.56 -0.00229185 1 -0.00101555 -0.0012763
719 0.00088002 1 -0.000977011 0.00185703
719.44 -0.000948922 1 -0.00093868 -1.02413e-05
719.88 -0.00377868 1 -0.000900557 -0.00287812
720.32 -0.000609247 1 -0.000862642 0.000253394
720.76 -0.000440635 1 -0.000824934 0.0003843
721.21 -0.00126904 1 -0.000786586 -0.000482451
721.65 -0.00110208 1 -0.000749301 -0.000352781
722.09 0.00106405 1 -0.000712225 0.00177628
722.53 0.00022936 1 -0.00067536 0.00090472
722.97 -0.000606156 1 -0.000638705 3.2549e-05
723.41 -0.0014425 1 -0.000602261 -0.000840239
723.86 0.00072402 1 -0.000565206 0.00128923
724.3 -0.000114001 1 -0.000529189 0.000415188
724.74 0.00104715 1 -0.000493384 0.00154053
725.18 0.000207459 1 -0.000457791 0.00066525
725.62 -0.000633063 1 -0.00042241 -0.000210653
726.06 -0.000474422 1 -0.000387242 -8.71799e-05
726.5 -0.00231662 1 -0.000352287 -0.00196433
726.95 -0.0021561 1 -0.000316759 -0.00183934
727.39 0 1 -0.000282235 0.000282235
727.83 -0.000844742 1 -0.000247926 -0.000596816
728.27 0.00130968 1 -0.00021383 0.00152351
728.71 0.000463266 1 -0.000179949 0.000643215
729.15 0.00261603 1 -0.000146282 0.00276231
729.59 -0.00123203 1 -0.00011283 -0.0011192
730.03 -0.00208091 1 -7.95922e-05 -0.00200132
730.48 0.00307281 1 -4.58216e-05 0.00311864
730.92 -0.000777694 1 -1.30189e-05 -0.000764675
731.36 0.002371 1 1.95685e-05 0.00235143
731.8 0.0025189 1 5.19406e-05 0.00246696
732.24 0.00266601 1 8.40972e-05 0.00258192
732.68 0.00181235 1 0.000116038 0.00169631
733.12 -4.20971e-05 1 0.000147764 -0.000189861
733.56 0.00110269 1 0.000179273 0.000923416
734 -0.00075329 1 0.000210567 -0.000963857
734.44 0.00138997 1 0.000241646 0.00114833
734.89 0.00253571 1 0.000273207 0.00226251
735.33 0.00467746 1 0.000303849 0.00437361
735.77 0.00381846 1 0.000334274 0.00348419
736.21 0.00495873 1 0.000364484 0.00459424
736.65 0.00209826 1 0.000394478 0.00170378
737.09 0.00523707 1 0.000424256 0.00481282
737.53 0.00437516 1 0.000453819 0.00392134
737.97 0.00251254 1 0.000483165 0.00202937
738.41 0.00464921 1 0.000512296 0.00413691
738.85 0.00778518 1 0.000541212 0.00724396
739.29 0.00392045 1 0.000569912 0.00335053
739.73 0.00105503 1 0.000598396 0.000456629
740.17 0.00318892 1 0.000626666 0.00256225
740.61 0.00432213 1 0.00065472 0.00366741
741.05 0.00545467 1 0.000682559 0.00477211
741.49 0.00458654 1 0.000710183 0.00387636
741.93 0.00271775 1 0.000737592 0.00198016
742.37 0.0028483 1 0.000764787 0.00208351
742.81 0.0039782 1 0.000791767 0.00318643
743.26 0.00411038 1 0.000819139 0.00329124
743.7 0.00323898 1 0.000845686 0.00239329
744.14 0.00436694 1 0.000872019 0.00349492
744.58 0.00349427 1 0.000898139 0.00259613
745.02 0.00262098 1 0.000924045 0.00169694
745.46 0.00374707 1 0.000949738 0.00279733
745.9 0.00587255 1 0.000975219 0.00489733
746.34 0.00599743 1 0.00100049 0.00499694
746.78 0.0051217 1 0.00102554 0.00409616
747.22 0.00524538 1 0.00105038 0.00419499
747.66 0.00436846 1 0.00107502 0.00329345
748.1 0.00449097 1 0.00109944 0.00339153
748.54 0.00461289 1 0.00112364 0.00348925
748.98 0.00473425 1 0.00114764 0.0035866
749.42 0.00385503 1 0.00117143 0.0026836
749.86 0.00397526 1 0.00119501 0.00278025
750.29 0.00309221 1 0.00121784 0.00187437
750.73 0.00321134 1 0.00124101 0.00197033
751.17 0.00332993 1 0.00126396 0.00206597
751.61 0.00444797 1 0.0012867 0.00316127
752.05 0.00456549 1 0.00130924 0.00325625
752.49 0.00168247 1 0.00133157 0.000350905
752.93 0.00179894 1 0.00135369 0.000445249
753.37 0.00291488 1 0.0013756 0.00153928
753.81 3.03213e-05 1 0.00139731 -0.00136699
754.25 0.000145253 1 0.00141881 -0.00127355
754.69 0.000259685 1 0.0014401 -0.00118042
755.13 0.000373623 1 0.00146119 -0.00108757
755.57 0.00548707 1 0.00148207 0.004005
756.01 0.00460004 1 0.00150275 0.00309729
756.45 0.00371253 1 0.00152323 0.0021893
756.89 0.00382455 1 0.0015435 0.00228105
757.33 0.0039361 1 0.00156356 0.00237254
757.77 0.00504719 1 0.00158343 0.00346377
758.21 0.00315783 1 0.00160309 0.00155474
758.64 0.00226552 1 0.00162211 0.000643411
759.08 0.000375279 1 0.00164138 -0.0012661
759.52 0.0034846 1 0.00166044 0.00182416
759.96 0.00259349 1 0.0016793 0.000914181
760.4 0.00270195 1 0.00169797 0.00100398
760.84 0.00180999 1 0.00171643 9.3553e-05
761.28 0.00191761 1 0.0017347 0.000182911
761.72 0.00602483 1 0.00175277 0.00427206
762.16 0.00713164 1 0.00177064 0.005361
762.6 0.00423805 1 0.00178831 0.00244974
763.03 0.000341665 1 0.00180539 -0.00146373
763.47 0.00144731 1 0.00182268 -0.000375373
763.91 0.000552568 1 0.00183977 -0.0012872
764.35 0.000657453 1 0.00185667 -0.00119922
764.79 0.00176197 1 0.00187337 -0.000111403
765.23 -0.000133881 1 0.00188988 -0.00202376
765.67 -3.00896e-05 1 0.0019062 -0.00193629
766.11 7.33488e-05 1 0.00192232 -0.00184897
766.54 -0.000825899 1 0.0019379 -0.0027638
766.98 0.00527686 1 0.00195364 0.00332321
767.42 0.00437928 1 0.0019692 0.00241008
767.86 0.000481367 1 0.00198457 -0.0015032
768.3 0.00158313 1 0.00199974 -0.000416613
768.74 0.00368458 1 0.00201473 0.00166984
769.17 0.00478341 1 0.0020292 0.00275421
769.61 0.00388424 1 0.00204382 0.00184042
770.05 0.00298477 1 0.00205825 0.000926513
770.49 0.005085 1 0.0020725 0.00301249
770.93 0.00318493 1 0.00208656 0.00109837
771.37 -0.00171541 1 0.00210044 -0.00381586
771.8 0.0033817 1 0.00211383 0.00126788
772.24 0.00148081 1 0.00212735 -0.000646538
772.68 0.00157964 1 0.00214068 -0.000561037
773.12 0.00267821 1 0.00215383 0.000524382
773.56 0.000776527 1 0.0021668 -0.00139028
774 -0.000125412 1 0.0021796 -0.00230501
774.43 0.00197018 1 0.00219192 -0.000221741
774.87 0.00106776 1 0.00220436 -0.0011366
775.31 0.00316511 1 0.00221662 0.000948484
775.75 -0.00073778 1 0.00222871 -0.00296648
776.19 0.00235911 1 0.00224061 0.000118499
776.62 -0.000546413 1 0.00225208 -0.00279849
777.06 0.00355005 1 0.00226364 0.00128641
777.5 -0.00235369 1 0.00227502 -0.00462872
777.94 0.000742362 1 0.00228624 -0.00154387
778.37 -0.00116396 1 0.00229703 -0.00346098
778.81 0.000931717 1 0.0023079 -0.00137618
779.25 0.0010272 1 0.0023186 -0.0012914
779.69 0.00112251 1 0.00232913 -0.00120662
780.13 0.00221765 1 0.00233949 -0.000121843
780.56 0.000310459 1 0.00234945 -0.002039
781 0.00240527 1 0.00235948 4.57855e-05
781.44 0.00149992 1 0.00236934 -0.000869424
781.88 0.00459442 1 0.00237904 0.00221538
782.31 -0.00031337 1 0.00238835 -0.00270172
782.75 0.00278085 1 0.00239772 0.000383132
783.19 0.00387493 1 0.00240692 0.00146801
783.63 -3.11137e-05 1 0.00241596 -0.00244707
784.06 6.05867e-05 1 0.00242464 -0.00236405
784.5 0.0021543 1 0.00243336 -0.000279052
784.94 0.00224791 1 0.00244191 -0.000194005
785.37 0.00133928 1 0.00245012 -0.00111084
785.81 0.00243268 1 0.00245836 -2.56821e-05
786.25 0.00352599 1 0.00246645 0.00105954
786.69 -0.0013808 1 0.00247437 -0.00385517
787.12 0.00171022 1 0.00248197 -0.000771751
787.56 0.00180327 1 0.00248959 -0.000686313
788 0.00289625 1 0.00249705 0.000399207
788.43 0.000987058 1 0.00250419 -0.00151713
788.87 0.00107991 1 0.00251135 -0.00143143
789.31 0.00417271 1 0.00251835 0.00165436
789.75 0.00226546 1 0.0025252 -0.000259744
790.18 -0.00164394 1 0.00253175 -0.0041757
790.62 0.00144872 1 0.00253831 -0.00108959
791.06 0.00154135 1 0.00254471 -0.00100336
791.49 -0.000368146 1 0.00255083 -0.00291898
791.93 -0.00227556 1 0.00255694 -0.00483251
792.37 0.001817 1 0.00256291 -0.000745905
792.8 -0.00109255 1 0.00256859 -0.00366114
793.24 0 1 0.00257427 -0.00257427
793.68 0.00209255 1 0.0025798 -0.000487255
794.11 0.000182999 1 0.00258507 -0.00240207
794.55 0.00327556 1 0.00259032 0.000685244
794.99 0.000368146 1 0.00259543 -0.00222728
795.42 0.00145865 1 0.00260028 -0.00114164
795.86 0.00455128 1 0.00260511 0.00194616
796.3 0.000643943 1 0.0026098 -0.00196586
796.73 0.00073454 1 0.00261425 -0.00187971
797.17 0.00182729 1 0.00261867 -0.000791382
797.61 -0.00107991 1 0.00262295 -0.00370286
798.04 0.00201083 1 0.002627 -0.000616172
798.48 0.00310375 1 0.00263101 0.00047273
798.91 -0.00180539 1 0.00263481 -0.00444019
799.35 0.00128767 1 0.00263855 -0.00135089
799.79 0.0033808 1 0.00264217 0.000738628
800.22 0.00147189 1 0.00264558 -0.00117368
800.66 0.000565196 1 0.00264893 -0.00208374
801.1 0.000658593 1 0.00265216 -0.00199356
