500.34 0.00136555 1 1.21086e-05 0.00135345
500.8 0.00260123 1 1.29646e-05 0.00258827
501.25 0.000831788 1 1.38571e-05 0.000817931
501.71 0.00106747 1 1.48293e-05 0.00105265
502.17 0.00130316 1 1.58658e-05 0.0012873
502.62 0.00153373 1 1.69457e-05 0.00151679
503.08 -0.000230572 1 1.81212e-05 -0.000248693
503.53 0 1 1.93454e-05 -1.93454e-05
503.99 -0.000764304 1 2.06772e-05 -0.000784981
504.44 -0.00153373 1 2.20633e-05 -0.0015558
504.9 -0.00129804 1 2.35706e-05 -0.00132161
505.36 0.000937649 1 2.51746e-05 0.000912475
505.81 -0.000831788 1 2.68429e-05 -0.000858631
506.27 0.000403893 1 2.86554e-05 0.000375238
506.72 -0.000365555 1 3.05396e-05 -0.000396094
507.18 -0.000129886 1 3.25858e-05 -0.000162472
507.63 -0.00189935 1 3.47117e-05 -0.00193406
508.09 -0.000663695 1 3.70191e-05 -0.000700714
508.54 -0.00243317 1 3.94153e-05 -0.00247259
509 -0.00219754 1 4.20147e-05 -0.00223956
509.45 -0.00196704 1 4.47127e-05 -0.00201176
509.91 -0.000731434 1 4.76381e-05 -0.000779072
510.36 -0.00350096 1 5.06728e-05 -0.00355163
510.82 0.000734621 1 5.39615e-05 0.000680659
511.27 -0.00103493 1 5.73714e-05 -0.00109231
511.73 0.000200615 1 6.10648e-05 0.000139551
512.19 -0.00156385 1 6.49798e-05 -0.00162883
512.64 -0.00133346 1 6.90359e-05 -0.00140249
513.1 -0.00209796 1 7.34258e-05 -0.00217139
513.55 -0.00186761 1 7.79716e-05 -0.00194558
514.01 -0.00263215 1 8.28889e-05 -0.00271504
514.46 -0.00240184 1 8.79781e-05 -0.00248982
514.92 -0.00216643 1 9.34806e-05 -0.00225991
515.37 -0.00493616 1 9.91723e-05 -0.00503533
515.83 -0.0027008 1 0.000105323 -0.00280612
516.28 -0.000470581 1 0.000111682 -0.000582263
516.73 -0.00424039 1 0.000118397 -0.00435879
517.19 -0.00500511 1 0.000125647 -0.00513075
517.64 -0.00177497 1 0.000133138 -0.00190811
518.1 -0.00353975 1 0.000141221 -0.00368097
518.55 -0.00230967 1 0.000149568 -0.00245924
519.01 -0.00307451 1 0.000158571 -0.00323308
519.46 -0.00484449 1 0.000167863 -0.00501235
519.92 -0.00260939 1 0.00017788 -0.00278727
520.37 -0.00137944 1 0.000188212 -0.00156766
520.83 -0.00214442 1 0.000199345 -0.00234376
521.28 -0.00291454 1 0.000210822 -0.00312536
521.74 -0.00467959 1 0.000223183 -0.00490277
522.19 -0.00444978 1 0.000235919 -0.0046857
522.65 -0.0042149 1 0.000249628 -0.00446453
523.1 -0.00398517 1 0.000263747 -0.00424892
523.55 -0.00275548 1 0.000278597 -0.00303408
524.01 -0.00452073 1 0.00029457 -0.0048153
524.46 -0.00129112 1 0.000311006 -0.00160213
524.92 -0.00405646 1 0.000328675 -0.00438513
525.37 -0.00282694 1 0.000346847 -0.00317379
525.83 -0.00259236 1 0.000366372 -0.00295873
526.28 -0.00236293 1 0.000386442 -0.00274937
526.73 -0.00313355 1 0.000407515 -0.00354106
527.19 -0.00189912 1 0.000430138 -0.00232925
527.64 -0.00166983 1 0.000453376 -0.0021232
528.1 -0.00243549 1 0.00047831 -0.0029138
528.55 -0.00420631 1 0.000503906 -0.00471021
529.01 -0.00197208 1 0.000531358 -0.00250343
529.46 -0.00374299 1 0.000559524 -0.00430252
529.91 -0.00151396 1 0.000589043 -0.002103
530.37 -0.00227989 1 0.000620676 -0.00290057
530.82 -0.00305097 1 0.000653107 -0.00370408
531.28 -0.00281702 1 0.000687841 -0.00350486
531.73 -0.00158821 1 0.000723433 -0.00231164
532.18 -0.00135945 1 0.000760685 -0.00212014
532.64 -0.00312567 1 0.000800552 -0.00392623
533.09 -0.00189704 1 0.000841371 -0.00273841
533.54 -0.00166846 1 0.00088406 -0.00255252
534 -0.00243487 1 0.000929708 -0.00336458
534.45 -0.00120642 1 0.000976409 -0.00218283
534.91 2.70428e-05 1 0.00102632 -0.000999278
535.36 -0.00274463 1 0.00107736 -0.00382199
535.81 -0.00351637 1 0.00113066 -0.00464703
536.27 -0.00128311 1 0.00118758 -0.00247069
536.72 -5.49831e-05 1 0.00124574 -0.00130072
537.17 -0.00182692 1 0.00130644 -0.00313336
537.63 0.00140613 1 0.0013712 3.49334e-05
538.08 -0.000365947 1 0.00143731 -0.00180326
538.54 -0.00113303 1 0.00150782 -0.00264086
538.99 -0.00190526 1 0.00157977 -0.00348502
539.44 0.00032245 1 0.00165475 -0.0013323
539.9 0.000555141 1 0.00173465 -0.0011795
540.35 0.0017827 1 0.0018161 -3.34032e-05
540.8 1.01825e-05 1 0.00190093 -0.00189075
541.26 -0.00175736 1 0.00199125 -0.00374861
541.71 -0.00153003 1 0.00208326 -0.00361329
542.16 -0.00130277 1 0.002179 -0.00348177
542.62 0.00292945 1 0.00228086 0.000648592
543.07 0.00115654 1 0.00238453 -0.00122799
543.52 0.000383554 1 0.00249232 -0.00210877
543.98 0.000615528 1 0.0026069 -0.00199137
544.43 0.000842377 1 0.00272343 -0.00188106
544.88 0.00306914 1 0.0028445 0.000224644
545.34 0.00130086 1 0.00297308 -0.00167222
545.79 0.00152746 1 0.00310375 -0.0015763
546.24 0.00275397 1 0.00323939 -0.000485424
546.69 0.00298039 1 0.00338015 -0.000399762
547.15 0.00421175 1 0.0035295 0.000682258
547.6 0.003438 1 0.00368109 -0.000243091
548.05 0.00566416 1 0.00383828 0.00182587
548.51 0.00489524 1 0.00400492 0.000890323
548.96 0.00412122 1 0.00417393 -5.27136e-05
549.41 0.0043471 1 0.00434904 -1.93949e-06
549.86 0.00657289 1 0.00453041 0.00204247
550.32 0.00780359 1 0.00472248 0.00308112
550.77 0.00502919 1 0.00491706 0.000112137
551.22 0.00625469 1 0.00511843 0.00113626
551.68 0.00848511 1 0.0053315 0.0031536
552.13 0.00671041 1 0.00554719 0.00116323
552.58 0.00693562 1 0.00577022 0.0011654
553.03 0.00816073 1 0.00600079 0.00215994
553.49 0.00839073 1 0.00624447 0.00214626
553.94 0.00861564 1 0.00649087 0.00212477
554.39 0.00884044 1 0.00674538 0.00209506
554.84 0.00806514 1 0.00700821 0.00105693
555.3 0.00929472 1 0.00728566 0.00200906
555.75 0.00651921 1 0.0075659 -0.00104669
556.2 0.00874359 1 0.00785504 0.000888556
556.65 0.0109679 1 0.00815328 0.00281458
557.11 0.012197 1 0.00846778 0.00372923
557.56 0.0134211 1 0.00878507 0.004636
558.01 0.013645 1 0.00911207 0.00453295
558.46 0.0138689 1 0.00944899 0.00441986
558.92 0.0160976 1 0.00980387 0.00629368
559.37 0.0163212 1 0.0101615 0.00615968
559.82 0.0145447 1 0.0105296 0.00401503
560.27 0.012768 1 0.0109085 0.00185953
560.72 0.0169913 1 0.0112983 0.00569296
561.18 0.0142194 1 0.0117084 0.00251106
561.63 0.0174425 1 0.0121209 0.00532151
562.08 0.0166654 1 0.0125451 0.0041203
562.53 0.0158882 1 0.012981 0.00290722
562.99 0.0171158 1 0.0134389 0.00367693
563.44 0.0173384 1 0.0138991 0.00343924
563.89 0.0175608 1 0.0143717 0.00318909
564.34 0.0197831 1 0.0148568 0.00492629
564.79 0.0190053 1 0.0153546 0.00365065
565.25 0.0192323 1 0.0158769 0.00335541
565.7 0.0204542 1 0.016401 0.00405323
566.15 0.019676 1 0.0169384 0.00273766
566.6 0.0168977 1 0.0174892 -0.000591481
567.05 0.0231193 1 0.0180536 0.00506563
567.5 0.0233407 1 0.0186319 0.00470884
567.96 0.0245669 1 0.0192373 0.00532958
568.41 0.0247881 1 0.0198439 0.00494416
568.86 0.0250091 1 0.0204647 0.00454437
569.31 0.02523 1 0.0211 0.00413004
569.76 0.0254508 1 0.0217497 0.00370104
570.21 0.0246714 1 0.0224142 0.00225724
570.67 0.0268968 1 0.0231087 0.00378813
571.12 0.0261172 1 0.0238032 0.002314
571.57 0.0273374 1 0.0245127 0.00282469
572.02 0.0295575 1 0.0252374 0.00432011
572.47 0.0277774 1 0.0259773 0.00180015
572.92 0.0289972 1 0.0267325 0.00226473
573.37 0.0292169 1 0.0275031 0.00171375
573.83 0.0284413 1 0.0283069 0.000134386
574.28 0.0306607 1 0.0291089 0.00155176
574.73 0.0308799 1 0.0299265 0.000953383
575.18 0.031099 1 0.0307598 0.000339227
575.63 0.0333179 1 0.0316087 0.00170925
576.08 0.0355367 1 0.0324733 0.00306343
576.53 0.0327554 1 0.0333536 -0.000598243
576.98 0.0369739 1 0.0342497 0.00272422
577.44 0.0361971 1 0.0351818 0.00101525
577.89 0.0374153 1 0.0361096 0.00130569
578.34 0.0386334 1 0.037053 0.00158034
578.79 0.0388513 1 0.038012 0.000839238
579.24 0.039069 1 0.0389866 8.24443e-05
579.69 0.0402866 1 0.0399766 0.000310031
580.14 0.041504 1 0.040982 0.000522081
580.59 0.0417213 1 0.0420026 -0.000281308
581.04 0.0439385 1 0.0430385 0.000899974
581.49 0.0451554 1 0.0440894 0.00106605
581.95 0.0433771 1 0.045179 -0.00180198
582.4 0.0445937 1 0.0462599 -0.00166621
582.85 0.0448102 1 0.0473554 -0.00254519
583.3 0.0470265 1 0.0484653 -0.00143873
583.75 0.0482427 1 0.0495893 -0.00134664
584.2 0.0514587 1 0.0507274 0.000731293
584.65 0.0486746 1 0.0518793 -0.0032047
585.1 0.0518902 1 0.0530446 -0.00115439
585.55 0.0521057 1 0.0542233 -0.00211751
586 0.0553211 1 0.0554149 -9.3792e-05
586.45 0.0535363 1 0.0566192 -0.00308295
586.9 0.0557513 1 0.057836 -0.00208468
587.35 0.0579661 1 0.0590648 -0.00109867
587.8 0.0591808 1 0.0603054 -0.00112458
588.25 0.0593953 1 0.0615574 -0.00216206
588.71 0.0586144 1 0.0628486 -0.00423418
589.16 0.0648286 1 0.0641225 0.000706053
589.61 0.0660425 1 0.0654067 0.000635863
590.06 0.0662564 1 0.0667007 -0.000444344
590.51 0.06947 1 0.0680041 0.00146586
590.96 0.0676834 1 0.0693165 -0.00163309
591.41 0.0688967 1 0.0706375 -0.00174074
591.86 0.0711098 1 0.0719664 -0.000856619
592.31 0.0723228 1 0.073303 -0.000980237
592.76 0.0715355 1 0.0746466 -0.0031111
593.21 0.0737481 1 0.0759968 -0.0022487
593.66 0.0759604 1 0.0773529 -0.0013925
594.11 0.0751726 1 0.0787146 -0.00354196
594.56 0.0813847 1 0.0800812 0.00130345
595.01 0.0815965 1 0.0814522 0.00014432
595.46 0.0808081 1 0.0828269 -0.00201878
595.91 0.0840196 1 0.0842049 -0.000185272
596.36 0.0862309 1 0.0855854 0.000645457
596.81 0.0874419 1 0.0869679 0.000474015
597.26 0.0906528 1 0.0883518 0.00230102
597.71 0.0908635 1 0.0897364 0.00112711
598.16 0.0910741 1 0.0911211 -4.70754e-05
598.61 0.0922844 1 0.0925053 -0.000220892
599.06 0.0964945 1 0.0938882 0.00260632
599.51 0.0937044 1 0.0952692 -0.00156478
599.96 0.0989142 1 0.0966477 0.00226649
600.41 0.0991237 1 0.0980229 0.0011008
600.86 0.100333 1 0.0993943 0.000938823
601.31 0.103542 1 0.100761 0.00278126
601.76 0.102751 1 0.102122 0.000628784
602.21 0.10496 1 0.103478 0.0014821
602.65 0.105164 1 0.104797 0.000367146
603.1 0.109372 1 0.106138 0.00323393
603.55 0.10958 1 0.107472 0.00210856
604 0.109788 1 0.108797 0.000991726
604.45 0.110996 1 0.110112 0.000884102
604.9 0.112204 1 0.111417 0.000786375
605.35 0.114411 1 0.112712 0.00169922
605.8 0.117618 1 0.113995 0.0036233
606.25 0.116825 1 0.115266 0.00155927
606.7 0.118032 1 0.116524 0.00150779
607.15 0.119238 1 0.117769 0.00146948
607.6 0.118445 1 0.119 -0.000555021
608.05 0.121651 1 0.120216 0.00143488
608.5 0.121857 1 0.121417 0.000439783
608.95 0.125062 1 0.122602 0.00246025
609.39 0.124263 1 0.123745 0.000518072
609.84 0.125468 1 0.124897 0.000570933
610.29 0.127673 1 0.126032 0.00164093
610.74 0.129878 1 0.12715 0.00272855
611.19 0.129083 1 0.128249 0.000834224
611.64 0.130287 1 0.129329 0.000958381
612.09 0.127491 1 0.13039 -0.0028986
612.54 0.130695 1 0.131432 -0.000736377
612.99 0.130899 1 0.132454 -0.00155464
613.44 0.132102 1 0.133456 -0.00135312
613.88 0.134301 1 0.134416 -0.000114509
614.33 0.134504 1 0.135378 -0.000873254
614.78 0.133707 1 0.136319 -0.00261169
615.23 0.13391 1 0.137239 -0.00332975
615.68 0.135112 1 0.13814 -0.0030274
616.13 0.138314 1 0.139019 -0.000704687
616.58 0.138516 1 0.139878 -0.0013617
617.03 0.135718 1 0.140716 -0.0049986
617.47 0.138915 1 0.141517 -0.00260211
617.92 0.137116 1 0.142316 -0.00519996
618.37 0.139317 1 0.143096 -0.00377856
618.82 0.137518 1 0.143856 -0.00633837
619.27 0.140718 1 0.144598 -0.00387989
619.72 0.139919 1 0.145322 -0.00540371
620.17 0.141119 1 0.146029 -0.00491053
620.61 0.143314 1 0.146705 -0.00339035
621.06 0.141514 1 0.14738 -0.00586583
621.51 0.143713 1 0.14804 -0.00432682
621.96 0.143912 1 0.148687 -0.00477435
622.41 0.144111 1 0.149321 -0.00520953
622.86 0.14431 1 0.149943 -0.00563357
623.3 0.145504 1 0.150543 -0.00503868
623.75 0.146702 1 0.151147 -0.00444465
624.2 0.1479 1 0.151744 -0.00384365
624.65 0.146098 1 0.152335 -0.0062373
625.1 0.145295 1 0.152922 -0.00762728
625.54 0.146488 1 0.153495 -0.00700677
625.99 0.149685 1 0.15408 -0.00439486
626.44 0.150881 1 0.154666 -0.00378488
626.89 0.150078 1 0.155257 -0.00517892
627.34 0.152274 1 0.155853 -0.00357913
627.78 0.154466 1 0.156444 -0.00197856
628.23 0.153661 1 0.157059 -0.00339766
628.68 0.154857 1 0.157687 -0.00282986
629.13 0.156052 1 0.15833 -0.00227764
629.58 0.155247 1 0.158991 -0.00374354
630.02 0.157437 1 0.159657 -0.00221912
630.47 0.158632 1 0.16036 -0.00172862
630.92 0.160826 1 0.16109 -0.00026418
631.37 0.16102 1 0.161848 -0.000828553
631.81 0.163209 1 0.16262 0.000589078
632.26 0.164403 1 0.163443 0.000959489
632.71 0.164596 1 0.164303 0.000292734
633.16 0.166789 1 0.165203 0.001586
633.61 0.166981 1 0.166145 0.000836466
634.05 0.168169 1 0.16711 0.00105955
634.5 0.170362 1 0.168144 0.00221722
634.95 0.174553 1 0.169229 0.00532394
635.4 0.174745 1 0.170368 0.00437708
635.84 0.175932 1 0.171535 0.00439698
636.29 0.180123 1 0.172786 0.0073367
636.74 0.180314 1 0.174098 0.00621551
637.18 0.1795 1 0.175442 0.00405822
637.63 0.18169 1 0.17688 0.00481018
638.08 0.18388 1 0.178385 0.00549505
638.53 0.18507 1 0.179959 0.00511108
638.97 0.187255 1 0.181565 0.00568981
639.42 0.189444 1 0.183279 0.00616529
639.87 0.192633 1 0.185065 0.00756793
640.32 0.195822 1 0.186925 0.00889681
640.76 0.197006 1 0.188815 0.00819092
641.21 0.198194 1 0.190822 0.00737235
641.66 0.197382 1 0.192903 0.00447897
642.1 0.203565 1 0.19501 0.00855554
642.55 0.204752 1 0.197237 0.00751516
643 0.206939 1 0.199538 0.00740156
643.44 0.210122 1 0.201856 0.00826529
643.89 0.211308 1 0.204297 0.00701075
644.34 0.214494 1 0.206807 0.00768761
644.79 0.21968 1 0.209382 0.0102981
645.23 0.219861 1 0.211961 0.0079001
645.68 0.225047 1 0.214659 0.0103875
646.13 0.225232 1 0.217414 0.00781753
646.57 0.226412 1 0.220159 0.0062528
647.02 0.231597 1 0.223016 0.00858079
647.47 0.234781 1 0.225917 0.00886375
647.91 0.23396 1 0.228792 0.00516822
648.36 0.238144 1 0.231767 0.00637687
648.81 0.240327 1 0.234771 0.00555613
649.25 0.240506 1 0.237731 0.00277538
649.7 0.242689 1 0.240774 0.00191443
650.15 0.245871 1 0.243828 0.00204286
650.59 0.248049 1 0.246817 0.00123148
651.04 0.250231 1 0.249871 0.000359599
651.48 0.252408 1 0.252846 -0.000438022
651.93 0.256589 1 0.25587 0.000719044
652.38 0.25477 1 0.258868 -0.00409752
652.82 0.258947 1 0.261765 -0.00281817
653.27 0.260127 1 0.264685 -0.00455842
653.72 0.264307 1 0.267554 -0.00324755
654.16 0.266483 1 0.270302 -0.00381928
654.61 0.267662 1 0.273044 -0.00538203
655.06 0.270841 1 0.275709 -0.00486795
655.5 0.273016 1 0.278232 -0.005216
655.95 0.272194 1 0.280719 -0.00852439
656.39 0.274368 1 0.283051 -0.00868232
656.84 0.275546 1 0.285326 -0.00977949
657.29 0.277724 1 0.287481 -0.00975731
657.73 0.276897 1 0.289465 -0.0125679
658.18 0.282074 1 0.291359 -0.00928557
658.62 0.284247 1 0.293073 -0.00882667
659.07 0.283423 1 0.294677 -0.0112538
659.52 0.285599 1 0.296122 -0.0105232
659.96 0.287771 1 0.297376 -0.00960512
660.41 0.289946 1 0.298488 -0.00854248
660.85 0.287117 1 0.299405 -0.0122878
661.3 0.289292 1 0.300161 -0.0108693
661.74 0.291462 1 0.300718 -0.0092562
662.19 0.294636 1 0.301098 -0.00646147
662.64 0.29281 1 0.30128 -0.00846995
663.08 0.29398 1 0.301264 -0.00728442
663.53 0.294153 1 0.301046 -0.00689333
663.97 0.294322 1 0.300633 -0.0063116
664.42 0.293494 1 0.300005 -0.00651081
664.86 0.295663 1 0.299188 -0.00352517
665.31 0.296834 1 0.298143 -0.00130907
665.75 0.292002 1 0.296918 -0.00491631
666.2 0.295173 1 0.295457 -0.000283957
666.65 0.296344 1 0.293786 0.00255772
667.09 0.291511 1 0.291952 -0.000440649
667.54 0.290681 1 0.289871 0.000809804
667.98 0.290847 1 0.287641 0.00320643
668.43 0.288017 1 0.285162 0.0028549
668.87 0.288182 1 0.282548 0.00563381
669.32 0.283351 1 0.279686 0.0036651
669.76 0.281516 1 0.276707 0.00480934
670.21 0.278684 1 0.27348 0.00520407
670.65 0.278848 1 0.270155 0.00869277
671.1 0.276016 1 0.266588 0.00942771
671.54 0.272179 1 0.262943 0.00923639
671.99 0.269346 1 0.259061 0.0102848
672.43 0.265509 1 0.255123 0.0103859
672.88 0.259675 1 0.250957 0.00871813
673.32 0.256837 1 0.246756 0.0100812
673.77 0.253003 1 0.242338 0.010665
674.21 0.249164 1 0.237907 0.0112576
674.66 0.242329 1 0.23327 0.00905886
675.1 0.23949 1 0.228643 0.0108467
675.55 0.232654 1 0.223824 0.00882975
675.99 0.227814 1 0.219037 0.00877758
676.44 0.222978 1 0.214072 0.0089059
676.88 0.216137 1 0.209159 0.00697782
677.33 0.2143 1 0.204085 0.0102146
677.77 0.205459 1 0.199084 0.00637469
678.22 0.200621 1 0.193938 0.00668343
678.66 0.194779 1 0.188883 0.00589618
679.11 0.18794 1 0.183699 0.00424101
679.55 0.185098 1 0.178626 0.00647194
679.99 0.180255 1 0.173555 0.00669955
680.44 0.172415 1 0.168381 0.00403429
680.88 0.166572 1 0.16334 0.00323128
681.33 0.159731 1 0.158212 0.00151896
681.77 0.153887 1 0.153232 0.000655058
682.22 0.149046 1 0.14818 0.000865854
682.66 0.142201 1 0.143288 -0.00108691
683.11 0.135359 1 0.138339 -0.00298033
683.55 0.131513 1 0.133561 -0.00204738
683.99 0.125667 1 0.128847 -0.0031795
684.44 0.122824 1 0.124098 -0.00127369
684.88 0.116978 1 0.119531 -0.00255295
685.33 0.111134 1 0.114941 -0.0038074
685.77 0.108287 1 0.110539 -0.00225216
686.21 0.101439 1 0.106223 -0.00478462
686.66 0.0965941 1 0.101904 -0.00530981
687.1 0.0897456 1 0.0977753 -0.00802971
687.55 0.0869001 1 0.0936527 -0.00675259
687.99 0.0820509 1 0.0897218 -0.00767095
688.44 0.0782047 1 0.085806 -0.00760133
688.88 0.0733547 1 0.082081 -0.00872632
689.32 0.0705044 1 0.07846 -0.00795564
689.77 0.0686571 1 0.0748653 -0.00620825
690.21 0.066806 1 0.0714574 -0.00465141
690.65 0.0609546 1 0.0681557 -0.00720107
691.1 0.0571062 1 0.0648888 -0.00778262
691.54 0.055254 1 0.0618019 -0.00654785
691.99 0.0504049 1 0.0587542 -0.00834933
692.43 0.046552 1 0.0558805 -0.00932855
692.87 0.0466987 1 0.0531111 -0.0064124
693.32 0.0418484 1 0.0503855 -0.00853707
693.76 0.0369944 1 0.0478235 -0.0108291
694.2 0.03914 1 0.0453619 -0.00622189
694.65 0.0352886 1 0.0429467 -0.00765805
695.09 0.0354335 1 0.0406832 -0.0052497
695.53 0.034578 1 0.0385148 -0.00393684
695.98 0.0307254 1 0.0363935 -0.00566808
696.42 0.0268692 1 0.0344112 -0.00754207
696.86 0.0240126 1 0.0325177 -0.00850511
697.31 0.0231588 1 0.0306704 -0.00751155
697.75 0.0243014 1 0.028949 -0.00464756
698.19 0.0234437 1 0.0273091 -0.00386541
698.64 0.0215888 1 0.0257136 -0.00412483
699.08 0.0177303 1 0.0242309 -0.00650061
699.52 0.0168714 1 0.022822 -0.00595062
699.97 0.0160153 1 0.0214548 -0.00543951
700.41 0.0171557 1 0.0201875 -0.00303184
700.85 0.0122956 1 0.0189863 -0.00669066
701.3 0.0144384 1 0.0178235 -0.00338512
701.74 0.0125776 1 0.0167482 -0.00417067
702.18 0.0107164 1 0.0157314 -0.00501508
702.63 0.0108579 1 0.0147495 -0.00389154
703.07 0.00899594 1 0.0138434 -0.00484751
703.51 0.00913358 1 0.0129886 -0.00385502
703.96 0.00627394 1 0.0121648 -0.00589086
704.4 0.0074108 1 0.0114063 -0.00399555
704.84 0.00654726 1 0.0106922 -0.0041449
705.28 0.00368333 1 0.0100201 -0.00633676
705.73 0.0098221 1 0.00937413 0.000447971
706.17 0.00495738 1 0.0087809 -0.00382352
706.61 0.00409227 1 0.00822366 -0.00413139
707.06 0.00622982 1 0.00768899 -0.00145917
707.5 0.00436392 1 0.00719879 -0.00283487
707.94 0.000497616 1 0.00673905 -0.00624143
708.38 0.00163092 1 0.00630808 -0.00467716
708.83 0.000766843 1 0.00589538 -0.00512854
709.27 -0.00110066 1 0.00551772 -0.00661837
709.71 0.00103145 1 0.00516414 -0.00413269
710.15 0.00116315 1 0.00483323 -0.00367008
710.6 0.000297431 1 0.00451684 -0.00421941
711.04 -0.000571677 1 0.00422772 -0.0047994
711.48 -0.00144119 1 0.00395739 -0.00539858
711.92 -0.0033111 1 0.0037047 -0.00701579
712.37 0.00082153 1 0.00346335 -0.00264182
712.81 -4.91994e-05 1 0.00324301 -0.00329221
713.25 7.96663e-05 1 0.00303717 -0.0029575
713.69 0.00220813 1 0.00284488 -0.00063675
714.13 -0.00266382 1 0.00266527 -0.00532909
714.58 -0.00253328 1 0.00249383 -0.00502711
715.02 0.000593947 1 0.0023374 -0.00174345
715.46 -0.00227924 1 0.00219129 -0.00447053
715.9 -0.00315283 1 0.00205483 -0.00520766
716.35 -0.00202397 1 0.00192457 -0.00394855
716.79 -0.000898401 1 0.00180568 -0.00270408
717.23 -0.000773239 1 0.00169461 -0.00246785
717.67 0.000351508 1 0.00159082 -0.00123931
718.11 -0.000524159 1 0.00149382 -0.00201798
718.56 -0.00139743 1 0.00140116 -0.00279859
719 -0.00227394 1 0.00131651 -0.00359045
719.44 -0.00315087 1 0.00123734 -0.0043882
719.88 -0.00102821 1 0.00116327 -0.00219148
720.32 -0.00290597 1 0.00109396 -0.00399993
720.76 -0.000784155 1 0.00102908 -0.00181323
721.21 -0.00166 1 0.000966986 -0.00262699
721.65 -0.00253904 1 0.000910157 -0.0034492
722.09 -0.000418496 1 0.000856901 -0.0012754
722.53 -0.00429838 1 0.000806975 -0.00510535
722.97 -0.00017868 1 0.000760153 -0.000938833
723.41 -0.00305941 1 0.000716224 -0.00377563
723.86 0.00106213 1 0.000674085 0.000388046
724.3 -0.00081946 1 0.000635426 -0.00145489
724.74 -0.00370148 1 0.00059911 -0.00430059
725.18 -0.00258393 1 0.000564983 -0.00314891
725.62 -0.0014668 1 0.000532899 -0.0019997
726.06 -0.00335011 1 0.000502725 -0.00385283
726.5 0.000766153 1 0.000474334 0.00029182
726.95 -0.000115388 1 0.000447023 -0.000562411
727.39 0 1 0.000421896 -0.000421896
727.83 0.00311496 1 0.000398228 0.00271673
728.27 -0.00077052 1 0.000375926 -0.00114645
728.71 -0.00165642 1 0.000354905 -0.00201133
729.15 0.00045725 1 0.000335084 0.000122166
729.59 0.0005705 1 0.000316389 0.000254111
730.03 -0.000316669 1 0.000298752 -0.000615421
730.48 -0.000201703 1 0.00028174 -0.000483443
730.92 -0.00108971 1 0.000266049 -0.00135576
731.36 0.00102187 1 0.000251233 0.000770638
731.8 -0.00186695 1 0.000237242 -0.0021042
732.24 -0.00275618 1 0.000224026 -0.00298021
732.68 0.00135419 1 0.00021154 0.00114265
733.12 0.00246416 1 0.000199743 0.00226441
733.56 -0.000426269 1 0.000188593 -0.000614862
734 0.00268291 1 0.000178056 0.00250486
734.44 0.000791705 1 0.000168095 0.00062361
734.89 0.000902568 1 0.000158471 0.000744098
735.33 0.00101058 1 0.00014958 0.000861
735.77 0.00111821 1 0.000141174 0.000977037
736.21 0.00422546 1 0.000133226 0.00409224
736.65 0.00133234 1 0.000125711 0.00120663
737.09 0.00243884 1 0.000118606 0.00232024
737.53 0.00354498 1 0.000111888 0.00343309
737.97 0.00365075 1 0.000105536 0.00354521
738.41 0.00175615 1 9.95301e-05 0.00165662
738.85 0.00586119 1 9.38524e-05 0.00576734
739.29 0.00296588 1 8.8485e-05 0.00287739
739.73 0.00507021 1 8.34112e-05 0.0049868
740.17 0.00417418 1 7.86155e-05 0.00409557
740.61 0.00327781 1 7.4083e-05 0.00320373
741.05 0.00538109 1 6.97998e-05 0.00531129
741.49 0.00348403 1 6.57525e-05 0.00341828
741.93 0.00258663 1 6.19287e-05 0.0025247
742.37 0.00568889 1 5.83165e-05 0.00563057
742.81 -0.000209186 1 5.49046e-05 -0.00026409
743.26 0.00289471 1 5.16114e-05 0.0028431
743.7 0.00199597 1 4.8573e-05 0.0019474
744.14 9.68983e-05 1 4.57044e-05 5.1194e-05
744.58 0.00219751 1 4.29966e-05 0.00215451
745.02 0.00229779 1 4.04411e-05 0.00225735
745.46 0.00339776 1 3.80298e-05 0.00335973
745.9 0.00149742 1 3.57549e-05 0.00146166
746.34 0.00259676 1 3.3609e-05 0.00256315
746.78 0.00269579 1 3.15854e-05 0.00266421
747.22 0.000794521 1 2.96773e-05 0.000764843
747.66 0.00489295 1 2.78786e-05 0.00486507
748.1 0.00499107 1 2.61833e-05 0.00496489
748.54 0.0040889 1 2.45859e-05 0.00406431
748.98 0.000186433 1 2.30809e-05 0.000163352
749.42 0.00528368 1 2.16633e-05 0.00526201
749.86 0.00338063 1 2.03284e-05 0.0033603
750.29 0.0014751 1 1.90992e-05 0.001456
750.73 0.0025715 1 1.79145e-05 0.00255358
751.17 0.00266761 1 1.67996e-05 0.00265081
751.61 0.00476344 1 1.57506e-05 0.00474769
752.05 0.002859 1 1.47638e-05 0.00284424
752.49 0.00295429 1 1.38358e-05 0.00294046
752.93 4.93168e-05 1 1.29632e-05 3.63536e-05
753.37 0.00314407 1 1.21429e-05 0.00313193
753.81 0.00323857 1 1.1372e-05 0.0032272
754.25 0.0023328 1 1.06477e-05 0.00232215
754.69 0.00342678 1 9.96721e-06 0.00341681
755.13 0.0045205 1 9.32815e-06 0.00451118
755.57 0.00361398 1 8.7281e-06 0.00360525
756.01 0.000707202 1 8.16482e-06 0.000699037
756.45 0.000800182 1 7.63616e-06 0.000792545
756.89 0.00189292 1 7.14012e-06 0.00188578
757.33 0.00698542 1 6.67479e-06 0.00697874
757.77 0.00407768 1 6.23838e-06 0.00407144
758.21 0.00116971 1 5.82919e-06 0.00116388
758.64 0.00525942 1 5.45405e-06 0.00525397
759.08 0.000350998 1 5.09402e-06 0.000345904
759.52 0.00244235 1 4.75668e-06 0.00243759
759.96 0.00353348 1 4.44067e-06 0.00352904
760.4 0.00262439 1 4.14471e-06 0.00262024
760.84 0.00071508 1 3.86761e-06 0.000711213
761.28 0.00080556 1 3.60821e-06 0.000801952
761.72 0.00289583 1 3.36544e-06 0.00289246
762.16 0.00398589 1 3.13829e-06 0.00398275
762.6 0.00407575 1 2.92581e-06 0.00407282
763.03 0.00116337 1 2.73147e-06 0.00116064
763.47 0.00325283 1 2.54539e-06 0.00325029
763.91 0.000342097 1 2.37145e-06 0.000339725
764.35 0.00243117 1 2.20889e-06 0.00242896
764.79 0.00152005 1 2.05701e-06 0.00151799
765.23 0.00360875 1 1.91514e-06 0.00360683
765.67 0.00169726 1 1.78264e-06 0.00169547
766.11 0.000785586 1 1.65894e-06 0.000783927
766.54 0.00487173 1 1.546e-06 0.00487019
766.98 0.00495971 1 1.43807e-06 0.00495828
767.42 0.00504752 1 1.33737e-06 0.00504618
767.86 0.00413516 1 1.24344e-06 0.00413391
768.3 0.00322262 1 1.15584e-06 0.00322147
768.74 0.00330993 1 1.07417e-06 0.00330885
769.17 0.00339509 1 9.99715e-07 0.00339409
769.61 0.00148208 1 9.28658e-07 0.00148115
770.05 0.00556891 1 8.62455e-07 0.00556805
770.49 0.00365559 1 8.0079e-07 0.00365479
770.93 0.00374212 1 7.43364e-07 0.00374138
771.37 0.000828509 1 6.899e-07 0.000827819
771.8 0.00191279 1 6.41227e-07 0.00191215
772.24 0.00299889 1 5.94841e-07 0.0029983
772.68 0.00608485 1 5.51684e-07 0.0060843
773.12 0.00517068 1 5.11543e-07 0.00517017
773.56 0.00425638 1 4.74214e-07 0.0042559
774 0.00434194 1 4.39509e-07 0.00434151
774.43 0.00142544 1 4.07958e-07 0.00142504
774.87 0.00151076 1 3.77932e-07 0.00151038
775.31 0.00459596 1 3.50036e-07 0.00459561
775.75 0.00268104 1 3.24126e-07 0.00268072
776.19 0.001766 1 3.00065e-07 0.0017657
776.62 0.00384893 1 2.78216e-07 0.00384865
777.06 0.00393367 1 2.57448e-07 0.00393342
777.5 0.00301831 1 2.38175e-07 0.00301807
777.94 0.00210285 1 2.20295e-07 0.00210263
778.37 0.00818536 1 2.04074e-07 0.00818516
778.81 0.0062697 1 1.88669e-07 0.00626951
779.25 0.00335395 1 1.74387e-07 0.00335377
779.69 0.000438098 1 1.6115e-07 0.000437937
780.13 0.00552216 1 1.48883e-07 0.00552201
780.56 0.00560423 1 1.37768e-07 0.00560409
781 0.00368812 1 1.27224e-07 0.003688
781.44 0.00277194 1 1.17461e-07 0.00277182
781.88 0.00485567 1 1.08421e-07 0.00485557
782.31 0.00293744 1 1.00238e-07 0.00293734
782.75 0.00502103 1 9.24828e-08 0.00502093
783.19 0.00210455 1 8.53081e-08 0.00210446
783.63 0.000188005 1 7.8672e-08 0.000187926
784.06 0.0032695 1 7.26698e-08 0.00326943
784.5 0.00335284 1 6.69867e-08 0.00335277
784.94 0.00543611 1 6.1734e-08 0.00543605
785.37 0.00151744 1 5.69863e-08 0.00151739
785.81 0.00960061 1 5.24942e-08 0.00960056
786.25 0.00268374 1 4.83451e-08 0.00268369
786.69 0.00476681 1 4.45139e-08 0.00476677
787.12 0.00384796 1 4.10542e-08 0.00384792
787.56 0.000930953 1 3.77837e-08 0.000930915
788 0.00401391 1 3.47659e-08 0.00401387
788.43 0.00209495 1 3.20426e-08 0.00209491
788.87 0.00417784 1 2.947e-08 0.00417781
789.31 0.0042607 1 2.70978e-08 0.00426067
789.75 0.00634354 1 2.49109e-08 0.00634351
790.18 0.00342447 1 2.29393e-08 0.00342444
790.62 0.00150726 1 2.10785e-08 0.00150724
791.06 0.00559004 1 1.93642e-08 0.00559002
791.49 0.00467092 1 1.78198e-08 0.0046709
791.93 0.00375367 1 1.63632e-08 0.00375365
792.37 0.00383641 1 1.50222e-08 0.0038364
792.8 0.00291727 1 1.3815e-08 0.00291725
793.24 0 1 1.26771e-08 -1.26771e-08
793.68 0.00608273 1 1.16304e-08 0.00608272
794.11 0.00516359 1 1.06886e-08 0.00516358
794.55 0.00424633 1 9.80161e-09 0.00424632
794.99 0.00432908 1 8.98619e-09 0.00432907
795.42 0.00140996 1 8.25307e-09 0.00140996
795.86 0.00049274 1 7.56306e-09 0.000492732
796.3 0.00357553 1 6.92917e-09 0.00357553
796.73 -0.000343535 1 6.35966e-09 -0.000343542
797.17 0.0037393 1 5.82401e-09 0.00373929
797.61 0.000822163 1 5.33226e-09 0.000822157
798.04 0.00290317 1 4.89075e-09 0.00290316
798.48 0.00298609 1 4.47579e-09 0.00298609
798.91 6.71614e-05 1 4.10339e-09 6.71573e-05
799.35 0.00615015 1 3.75354e-09 0.00615015
799.79 0.00123319 1 3.43274e-09 0.00123318
800.22 0.00231437 1 3.14505e-09 0.00231437
800.66 0.0023975 1 2.87496e-09 0.00239749
801.1 0.00348067 1 2.62746e-09 0.00348066
