500.34 0.000825115 1 3.21597e-05 0.000792955
500.8 -5.47555e-06 1 3.42449e-05 -3.97204e-05
501.25 0.000160256 1 3.64074e-05 0.000123848
501.71 -0.000670327 1 3.87505e-05 -0.000709077
502.17 0.000499094 1 4.1235e-05 0.000457859
502.62 0.000664834 1 4.38098e-05 0.000621024
503.08 -0.00116574 1 4.65977e-05 -0.00121234
503.53 0 1 4.94856e-05 -4.94856e-05
503.99 -0.00183057 1 5.26109e-05 -0.00188319
504.44 -0.000664834 1 5.58468e-05 -0.000720681
504.9 -0.000495411 1 5.93471e-05 -0.000554758
505.36 -0.00032599 1 6.30524e-05 -0.000389043
505.81 -0.00216026 1 6.68861e-05 -0.00222714
506.27 0.00100916 1 7.10301e-05 0.000938128
506.72 0.000174885 1 7.53156e-05 9.95695e-05
507.18 -0.00165571 1 7.99458e-05 -0.00173566
507.63 0.000510005 1 8.47319e-05 0.000425274
508.09 -0.0023206 1 8.99004e-05 -0.0024105
508.54 -0.0021549 1 9.52405e-05 -0.00225014
509 -0.000985524 1 0.000101004 -0.00108653
509.45 0.00118016 1 0.000106957 0.0010732
509.91 -0.000650481 1 0.000113379 -0.000763859
510.36 -0.000484814 1 0.000120007 -0.000604822
510.82 -0.000315478 1 0.000127156 -0.000442634
511.27 0.000850166 1 0.000134531 0.000715635
511.73 -0.000980522 1 0.000142479 -0.001123
512.19 -0.000811223 1 0.000150864 -0.000962087
512.64 0.00135438 1 0.000159508 0.00119487
513.1 -0.00347635 1 0.000168818 -0.00364517
513.55 -0.00131077 1 0.000178412 -0.00148918
514.01 -0.00214153 1 0.00018874 -0.00233027
514.46 -0.00197599 1 0.000199378 -0.00217537
514.92 -0.00180679 1 0.000210825 -0.00201761
515.37 -0.00164128 1 0.00022261 -0.00186389
515.83 -0.000472114 1 0.000235285 -0.000707399
516.28 0.000693355 1 0.000248327 0.000445027
516.73 -0.0031412 1 0.000262036 -0.00340323
517.19 -0.00597209 1 0.000276769 -0.00624886
517.64 -0.000806685 1 0.000291918 -0.0010986
518.1 0.000362375 1 0.000308193 5.41822e-05
518.55 -0.00347226 1 0.000324919 -0.00379718
519.01 -0.00430325 1 0.000342878 -0.00464613
519.46 -0.00113794 1 0.000361328 -0.00149927
519.92 -0.000968978 1 0.000381128 -0.00135011
520.37 0.000196284 1 0.000401458 -0.000205174
520.83 -0.00163481 1 0.000423266 -0.00205807
521.28 -0.000469601 1 0.000445648 -0.000915249
521.74 -0.00230075 1 0.000469644 -0.00277039
522.19 -0.0031356 1 0.00049426 -0.00362986
522.65 -0.000966809 1 0.00052064 -0.00148745
523.1 -0.00180172 1 0.000547687 -0.0023494
523.55 -0.00163666 1 0.000576014 -0.00221267
524.01 -0.00246796 1 0.000606348 -0.00307431
524.46 -0.00230296 1 0.000637427 -0.00294039
524.92 -0.000134335 1 0.000670693 -0.000805028
525.37 3.05947e-05 1 0.00070476 -0.000674165
525.83 -0.00280085 1 0.000741206 -0.00354205
526.28 -0.00163599 1 0.00077851 -0.0024145
526.73 -0.000471162 1 0.000817514 -0.00128868
527.19 -0.00130271 1 0.000859212 -0.00216192
527.64 -0.000137963 1 0.000901861 -0.00103982
528.1 -0.00196959 1 0.000947433 -0.00291702
528.55 -0.00180492 1 0.000994023 -0.00279894
529.01 0.00136337 1 0.00104378 0.000319592
529.46 0.000527967 1 0.00109463 -0.00056666
529.91 0.000692519 1 0.0011477 -0.000455178
530.37 0.000860685 1 0.00120434 -0.000343652
530.82 -0.000974846 1 0.00126217 -0.00223702
531.28 0.000193232 1 0.00132386 -0.00113063
531.73 0.00335761 1 0.00138682 0.00197079
532.18 -0.00147805 1 0.00145246 -0.00293051
532.64 0.000689893 1 0.00152243 -0.000832537
533.09 -0.000145862 1 0.00159378 -0.00173965
533.54 1.83377e-05 1 0.00166812 -0.00164978
534 -0.000813863 1 0.0017473 -0.00256116
534.45 0.00135024 1 0.00182798 -0.000477743
534.91 0.00151794 1 0.00191389 -0.000395945
535.36 0.00168195 1 0.00200138 -0.000319438
535.81 0.000845901 1 0.00209243 -0.00124652
536.27 0.00201345 1 0.00218928 -0.000175831
536.72 0.0021773 1 0.00228786 -0.000110559
537.17 0.0013411 1 0.00239036 -0.00104926
537.63 0.00450849 1 0.00249931 0.00200917
538.08 0.00367218 1 0.00261013 0.00106204
538.54 0.00383945 1 0.00272788 0.00111157
538.99 0.00500304 1 0.00284758 0.00215546
539.44 0.00416656 1 0.00297188 0.00119468
539.9 0.00433367 1 0.00310385 0.00122981
540.35 0.00149708 1 0.00323791 -0.00174083
540.8 0.00466044 1 0.00337703 0.00128341
541.26 0.00482736 1 0.00352462 0.00130274
541.71 0.0049906 1 0.00367443 0.00131617
542.16 0.00415378 1 0.00382977 0.000324006
542.62 0.00832052 1 0.00399445 0.00432606
543.07 0.00848357 1 0.00416149 0.00432208
543.52 0.00364656 1 0.00433457 -0.000688003
543.98 0.00681311 1 0.00451791 0.0022952
544.43 0.00697598 1 0.00470373 0.00227224
544.88 0.00913878 1 0.00489613 0.00424264
545.34 0.00730513 1 0.0050998 0.00220533
545.79 0.0084678 1 0.00530605 0.00316174
546.24 0.0076304 1 0.00551945 0.00211095
546.69 0.00779294 1 0.00574018 0.00205276
547.15 0.00695902 1 0.00597359 0.000985428
547.6 0.00912142 1 0.00620974 0.00291168
548.05 0.0122837 1 0.00645381 0.00582993
548.51 0.00944961 1 0.00671172 0.00273789
548.96 0.0096118 1 0.00697245 0.00263935
549.41 0.0107739 1 0.00724173 0.00353219
549.86 0.010936 1 0.00751977 0.00341619
550.32 0.0141015 1 0.00781326 0.00628827
550.77 0.0112634 1 0.00810967 0.00315376
551.22 0.0144253 1 0.00841548 0.00600977
551.68 0.0135906 1 0.00873804 0.00485255
552.13 0.0137523 1 0.00906356 0.00468871
552.58 0.0149139 1 0.00939914 0.00551472
553.03 0.0160754 1 0.00974503 0.00633036
553.49 0.0162404 1 0.0101095 0.00613093
553.94 0.0174018 1 0.0104769 0.00692489
554.39 0.0175631 1 0.0108553 0.00670778
554.84 0.0147243 1 0.0112449 0.00347938
555.3 0.017889 1 0.011655 0.00623399
555.75 0.01605 1 0.012068 0.00398205
556.2 0.017211 1 0.0124928 0.00471812
556.65 0.0203718 1 0.0129299 0.00744197
557.11 0.0195362 1 0.0133894 0.00614681
557.56 0.0206969 1 0.0138517 0.00684523
558.01 0.0198575 1 0.0143268 0.00553074
558.46 0.0220181 1 0.014815 0.00720309
558.92 0.0231821 1 0.0153278 0.00785434
559.37 0.0233425 1 0.0158431 0.0074994
559.82 0.0225027 1 0.0163721 0.00613062
560.27 0.0226629 1 0.0169151 0.00574778
560.72 0.022823 1 0.0174724 0.00535065
561.18 0.0239866 1 0.0180569 0.00592969
561.63 0.0251465 1 0.0186435 0.00650299
562.08 0.0263063 1 0.019245 0.00706134
562.53 0.0274661 1 0.0198615 0.00760453
562.99 0.0266293 1 0.0205076 0.00612167
563.44 0.0257888 1 0.0211552 0.00463355
563.89 0.0259483 1 0.0218186 0.00412964
564.34 0.0301076 1 0.0224979 0.00760974
564.79 0.0302669 1 0.0231932 0.00707367
565.25 0.0304296 1 0.0239208 0.00650875
565.7 0.0315886 1 0.0246493 0.00693937
566.15 0.0307476 1 0.0253944 0.00535325
566.6 0.0299065 1 0.0261563 0.00375022
567.05 0.0320653 1 0.0269352 0.0051301
567.5 0.0342239 1 0.0277312 0.00649274
567.96 0.035386 1 0.0285628 0.00682322
568.41 0.0345445 1 0.029394 0.00515052
568.86 0.0367029 1 0.0302428 0.00646013
569.31 0.0368612 1 0.0311092 0.00575191
569.76 0.0380193 1 0.0319936 0.00602574
570.21 0.0361774 1 0.0328959 0.00328151
570.67 0.0373388 1 0.0338369 0.00350195
571.12 0.0384967 1 0.0347758 0.00372086
571.57 0.0386544 1 0.035733 0.0029214
572.02 0.0418121 1 0.0367086 0.0051035
572.47 0.0409696 1 0.0377025 0.00326708
572.92 0.040127 1 0.0387149 0.00141209
573.37 0.0422843 1 0.0397459 0.00253847
573.83 0.041445 1 0.0408189 0.000626141
574.28 0.0426021 1 0.0418874 0.000714752
574.73 0.0447591 1 0.0429745 0.00178466
575.18 0.045916 1 0.0440801 0.00183585
575.63 0.0460727 1 0.0452044 0.000868353
576.08 0.0482294 1 0.0463472 0.00188217
576.53 0.0463859 1 0.0475086 -0.00112265
576.98 0.0505423 1 0.0486884 0.00185394
577.44 0.0497021 1 0.0499135 -0.000211379
577.89 0.0528583 1 0.0511305 0.0017278
578.34 0.0540144 1 0.0523657 0.00164862
578.79 0.0531703 1 0.0536191 -0.000448829
579.24 0.0543262 1 0.0548906 -0.000564422
579.69 0.0534819 1 0.0561799 -0.00269803
580.14 0.0576375 1 0.057487 0.000150502
580.59 0.0577929 1 0.0588116 -0.00101867
581.04 0.0579483 1 0.0601537 -0.00220536
581.49 0.0611035 1 0.0615129 -0.000409386
581.95 0.0602621 1 0.0629199 -0.00265786
582.4 0.0624171 1 0.0643133 -0.00189626
582.85 0.0635719 1 0.0657232 -0.00215131
583.3 0.0637267 1 0.0671494 -0.00342275
583.75 0.0658813 1 0.0685916 -0.0027103
584.2 0.0680358 1 0.0700494 -0.00201367
584.65 0.0651901 1 0.0715227 -0.00633255
585.1 0.0693444 1 0.073011 -0.00366662
585.55 0.0724985 1 0.074514 -0.00201553
586 0.0736525 1 0.0760314 -0.00237893
586.45 0.0738063 1 0.0775627 -0.00375644
586.9 0.07496 1 0.0791077 -0.00414767
587.35 0.0771136 1 0.0806658 -0.00355221
587.8 0.0772671 1 0.0822367 -0.00496964
588.25 0.0794204 1 0.0838199 -0.0043995
588.71 0.082577 1 0.0854505 -0.00287353
589.16 0.0847301 1 0.0870572 -0.00232714
589.61 0.086883 1 0.0886747 -0.00179176
590.06 0.0870358 1 0.0903026 -0.00326688
590.51 0.0911884 1 0.0919404 -0.000751967
590.96 0.0893409 1 0.0935874 -0.00424649
591.41 0.0934933 1 0.0952432 -0.00174989
591.86 0.0936456 1 0.0969072 -0.00326159
592.31 0.0967977 1 0.0985787 -0.00178102
592.76 0.0959496 1 0.100257 -0.00430756
593.21 0.0971015 1 0.101942 -0.0048406
593.66 0.101253 1 0.103633 -0.00237951
594.11 0.100405 1 0.105328 -0.00492365
594.56 0.104556 1 0.107028 -0.00247236
595.01 0.106707 1 0.108732 -0.00202497
595.46 0.107858 1 0.110439 -0.0025808
595.91 0.109009 1 0.112149 -0.00313914
596.36 0.11116 1 0.11386 -0.0026993
596.81 0.113311 1 0.115571 -0.00226055
597.26 0.115461 1 0.117284 -0.00182217
597.71 0.118612 1 0.118995 -0.000383417
598.16 0.119762 1 0.120706 -0.000943547
598.61 0.122912 1 0.122414 0.000498197
599.06 0.124062 1 0.12412 -5.74217e-05
599.51 0.126212 1 0.125822 0.000390368
599.96 0.127362 1 0.127519 -0.000157658
600.41 0.129511 1 0.129212 0.000299282
600.86 0.13166 1 0.130898 0.000761974
601.31 0.13381 1 0.132578 0.00123121
601.76 0.133959 1 0.134251 -0.000292221
602.21 0.137108 1 0.135915 0.00119248
602.65 0.138253 1 0.137534 0.000719469
603.1 0.141402 1 0.139179 0.00222258
603.55 0.14455 1 0.140814 0.00373618
604 0.144698 1 0.142437 0.00226106
604.45 0.145846 1 0.144048 0.00179799
604.9 0.149994 1 0.145647 0.00434777
605.35 0.150142 1 0.147231 0.00291115
605.8 0.15329 1 0.148801 0.0044889
606.25 0.154437 1 0.150355 0.00408177
606.7 0.153585 1 0.151894 0.0016905
607.15 0.155732 1 0.153416 0.00231582
607.6 0.156879 1 0.15492 0.00195843
608.05 0.159025 1 0.156406 0.00261902
608.5 0.160172 1 0.157874 0.00229827
608.95 0.162319 1 0.159322 0.00299682
609.39 0.163462 1 0.160718 0.00274357
609.84 0.165608 1 0.162126 0.00348213
610.29 0.165754 1 0.163512 0.00224178
610.74 0.1649 1 0.164877 2.30704e-05
611.19 0.166045 1 0.166219 -0.000173494
611.64 0.167191 1 0.167538 -0.000347441
612.09 0.166336 1 0.168835 -0.00249833
612.54 0.173481 1 0.170107 0.00337422
612.99 0.170626 1 0.171356 -0.000729434
613.44 0.173771 1 0.17258 0.00119101
613.88 0.176913 1 0.173754 0.00315898
614.33 0.174057 1 0.174929 -0.000872226
614.78 0.174201 1 0.17608 -0.00187875
615.23 0.174346 1 0.177206 -0.00286051
615.68 0.17349 1 0.178307 -0.00481749
616.13 0.179633 1 0.179383 0.000250272
616.58 0.179777 1 0.180434 -0.000657348
617.03 0.17792 1 0.181461 -0.00354054
617.47 0.17906 1 0.182441 -0.00338075
617.92 0.179203 1 0.18342 -0.00421651
618.37 0.182346 1 0.184375 -0.00202888
618.82 0.181489 1 0.185308 -0.0038184
619.27 0.180632 1 0.186217 -0.00558568
619.72 0.182774 1 0.187105 -0.00433141
620.17 0.180916 1 0.187973 -0.00705642
620.61 0.184055 1 0.188801 -0.00474614
621.06 0.181197 1 0.18963 -0.00843292
621.51 0.184338 1 0.19044 -0.006102
621.96 0.18348 1 0.191234 -0.00775459
622.41 0.184621 1 0.192013 -0.00739205
622.86 0.185762 1 0.192778 -0.00701583
623.3 0.1879 1 0.193514 -0.00561404
623.75 0.188041 1 0.194256 -0.00621552
624.2 0.189181 1 0.19499 -0.00580839
624.65 0.190322 1 0.195716 -0.00539456
625.1 0.188462 1 0.196438 -0.00797611
625.54 0.187599 1 0.197141 -0.00954235
625.99 0.192738 1 0.19786 -0.00512128
626.44 0.192878 1 0.19858 -0.00570245
626.89 0.193017 1 0.199306 -0.00628839
627.34 0.194156 1 0.200038 -0.00588176
627.78 0.194292 1 0.200764 -0.0064718
628.23 0.196431 1 0.201519 -0.00508816
628.68 0.19757 1 0.20229 -0.00472055
629.13 0.198708 1 0.20308 -0.00437205
629.58 0.199846 1 0.203892 -0.00404585
630.02 0.200981 1 0.204711 -0.0037294
630.47 0.203119 1 0.205576 -0.00245706
630.92 0.206257 1 0.206474 -0.000217015
631.37 0.206394 1 0.207407 -0.00101277
631.81 0.208528 1 0.208357 0.000171149
632.26 0.211665 1 0.209371 0.00229412
632.71 0.210802 1 0.210432 0.000370614
633.16 0.212939 1 0.211542 0.00139701
633.61 0.215075 1 0.212706 0.00236966
634.05 0.215208 1 0.213899 0.00130969
634.5 0.215344 1 0.215179 0.000165411
634.95 0.22048 1 0.216523 0.0039567
635.4 0.221616 1 0.217936 0.00368006
635.84 0.223748 1 0.219385 0.00436286
636.29 0.224883 1 0.220941 0.00394196
636.74 0.230018 1 0.222575 0.00744332
637.18 0.23115 1 0.22425 0.00689989
637.63 0.234285 1 0.226046 0.00823868
638.08 0.234419 1 0.227928 0.00649116
638.53 0.238553 1 0.229898 0.00865481
638.97 0.241684 1 0.231913 0.00977122
639.42 0.245818 1 0.234065 0.0117528
639.87 0.245951 1 0.236312 0.00963948
640.32 0.246085 1 0.238655 0.0074299
640.76 0.252215 1 0.24104 0.0111752
641.21 0.255348 1 0.243576 0.0117721
641.66 0.25548 1 0.24621 0.00927026
642.1 0.26061 1 0.248882 0.0117285
642.55 0.261742 1 0.251711 0.0100315
643 0.265874 1 0.254638 0.0112367
643.44 0.270003 1 0.257593 0.0124105
643.89 0.270135 1 0.260709 0.00942592
644.34 0.272266 1 0.263918 0.00834827
644.79 0.279397 1 0.267217 0.01218
645.23 0.280525 1 0.270528 0.00999733
645.68 0.283656 1 0.273997 0.00965905
646.13 0.288786 1 0.277546 0.0112405
646.57 0.290914 1 0.281089 0.0098245
647.02 0.296044 1 0.284783 0.0112607
647.47 0.297174 1 0.288542 0.00863142
647.91 0.2993 1 0.292275 0.00702512
648.36 0.30343 1 0.296146 0.00728423
648.81 0.306559 1 0.300062 0.00649702
649.25 0.308685 1 0.303929 0.00475629
649.7 0.312814 1 0.307914 0.00489973
650.15 0.313942 1 0.311922 0.00202028
650.59 0.315068 1 0.315854 -0.000786717
651.04 0.323196 1 0.319881 0.00331469
651.48 0.326321 1 0.323814 0.00250685
651.93 0.326448 1 0.327822 -0.00137362
652.38 0.329575 1 0.331805 -0.00222989
652.82 0.3327 1 0.335667 -0.00296697
653.27 0.334827 1 0.339571 -0.00474418
653.72 0.336953 1 0.343418 -0.00646516
654.16 0.342077 1 0.347115 -0.00503836
654.61 0.346203 1 0.350818 -0.0046151
655.06 0.348329 1 0.354431 -0.00610195
655.5 0.349452 1 0.357865 -0.00841339
655.95 0.350577 1 0.361266 -0.0106886
656.39 0.3527 1 0.364471 -0.0117712
656.84 0.357825 1 0.367615 -0.00979013
657.29 0.358949 1 0.370612 -0.0116626
657.73 0.358071 1 0.37339 -0.0153189
658.18 0.365195 1 0.376065 -0.0108693
658.62 0.365317 1 0.378507 -0.0131903
659.07 0.366441 1 0.380818 -0.0143773
659.52 0.368564 1 0.38293 -0.0143655
659.96 0.370685 1 0.384793 -0.0141084
660.41 0.374808 1 0.386484 -0.0116762
660.85 0.371928 1 0.387919 -0.0159911
661.3 0.37305 1 0.389155 -0.016105
661.74 0.38117 1 0.390131 -0.00896138
662.19 0.382292 1 0.390884 -0.00859235
662.64 0.380414 1 0.391384 -0.0109696
663.08 0.382533 1 0.391621 -0.00908786
663.53 0.381654 1 0.391602 -0.00994779
663.97 0.380773 1 0.391324 -0.0105517
664.42 0.382893 1 0.390772 -0.0078784
664.86 0.387011 1 0.389967 -0.00295529
665.31 0.386132 1 0.38887 -0.00273871
665.75 0.382249 1 0.387531 -0.00528176
666.2 0.384369 1 0.385887 -0.00151803
666.65 0.387489 1 0.383967 0.00352182
667.09 0.382605 1 0.381823 0.00078198
667.54 0.378724 1 0.379361 -0.000636989
667.98 0.379841 1 0.376693 0.00314734
668.43 0.377959 1 0.373701 0.00425783
668.87 0.378075 1 0.370523 0.0075519
669.32 0.374193 1 0.367019 0.00717412
669.76 0.370308 1 0.36335 0.00695779
670.21 0.366426 1 0.359357 0.00706832
670.65 0.36454 1 0.355224 0.00931602
671.1 0.364657 1 0.350771 0.0138861
671.54 0.357772 1 0.346204 0.0115674
671.99 0.353888 1 0.341325 0.0125636
672.43 0.348002 1 0.336358 0.0116435
672.88 0.343118 1 0.33109 0.012028
673.32 0.337231 1 0.325763 0.0114678
673.77 0.333346 1 0.320147 0.0131993
674.21 0.329459 1 0.314502 0.0149571
674.66 0.322574 1 0.308583 0.0139915
675.1 0.314686 1 0.302663 0.012023
675.55 0.307801 1 0.296487 0.0113138
675.99 0.301912 1 0.290339 0.0115728
676.44 0.295026 1 0.283954 0.0110724
676.88 0.288137 1 0.277625 0.0105119
677.33 0.281251 1 0.271079 0.0101717
677.77 0.273361 1 0.264617 0.00874426
678.22 0.266474 1 0.257958 0.00851611
678.66 0.259584 1 0.251409 0.00817474
679.11 0.250696 1 0.244685 0.006011
679.55 0.244806 1 0.238096 0.00670982
679.99 0.236915 1 0.231503 0.00541206
680.44 0.230026 1 0.224767 0.00525917
680.88 0.223135 1 0.218199 0.00493635
681.33 0.211246 1 0.211509 -0.000263321
681.77 0.206354 1 0.205006 0.00134813
682.22 0.199465 1 0.198403 0.00106152
682.66 0.193572 1 0.192003 0.00156947
683.11 0.182682 1 0.185523 -0.00284104
683.55 0.175789 1 0.17926 -0.00347104
683.99 0.168896 1 0.173077 -0.00418089
684.44 0.164005 1 0.166843 -0.00283777
684.88 0.156111 1 0.160842 -0.00473037
685.33 0.15122 1 0.154807 -0.00358755
685.77 0.142325 1 0.149013 -0.00668813
686.21 0.136431 1 0.14333 -0.00689964
686.66 0.131538 1 0.137638 -0.00609927
687.1 0.120643 1 0.132192 -0.0115492
687.55 0.11775 1 0.126751 -0.00900099
687.99 0.112855 1 0.121559 -0.00870474
688.44 0.106961 1 0.116384 -0.00942266
688.88 0.102065 1 0.111457 -0.00939196
689.32 0.0961682 1 0.106664 -0.0104957
689.77 0.0942738 1 0.101903 -0.00762897
690.21 0.0893767 1 0.0973858 -0.00800908
690.65 0.0824794 1 0.0930065 -0.0105271
691.1 0.0785841 1 0.0886705 -0.0100863
691.54 0.0756862 1 0.0845703 -0.0088841
691.99 0.0697903 1 0.0805194 -0.010729
692.43 0.0658919 1 0.076697 -0.0108051
692.87 0.0659931 1 0.0730106 -0.00701747
693.32 0.0600963 1 0.0693797 -0.00928337
693.76 0.057197 1 0.0659642 -0.00876721
694.2 0.0542974 1 0.0626801 -0.0083827
694.65 0.0513998 1 0.0594551 -0.00805535
695.09 0.0474996 1 0.0564303 -0.00893077
695.53 0.0455991 1 0.0535302 -0.00793115
695.98 0.0427006 1 0.0506905 -0.00798992
696.42 0.0387995 1 0.0480345 -0.00923502
696.86 0.0358982 1 0.045495 -0.00959684
697.31 0.0359988 1 0.0430151 -0.00701635
697.75 0.0330968 1 0.0407019 -0.00760508
698.19 0.0301946 1 0.0384959 -0.00830127
698.64 0.0302943 1 0.0363472 -0.00605288
699.08 0.0293915 1 0.034348 -0.00495652
699.52 0.0264884 1 0.0324461 -0.00595773
699.97 0.0265871 1 0.0305981 -0.00401099
700.41 0.0226834 1 0.0288828 -0.0061994
700.85 0.0197794 1 0.0272548 -0.00747532
701.3 0.0208773 1 0.0256764 -0.0047991
701.74 0.0179727 1 0.0242146 -0.0062419
702.18 0.0180678 1 0.0228301 -0.00476226
702.63 0.0171648 1 0.0214906 -0.00432585
703.07 0.0162593 1 0.0202526 -0.00399329
703.51 0.0163535 1 0.0190822 -0.00272872
703.96 0.0134495 1 0.0179521 -0.00450257
704.4 0.0125431 1 0.0169094 -0.00436628
704.84 0.0136364 1 0.0159254 -0.00228899
705.28 0.0117294 1 0.0149973 -0.00326788
705.73 0.0118242 1 0.014103 -0.0022788
706.17 0.00891663 1 0.0132796 -0.004363
706.61 0.00900872 1 0.0125041 -0.00349535
707.06 0.00810258 1 0.0117578 -0.00365519
707.5 0.00619405 1 0.0110715 -0.00487743
707.94 0.00528521 1 0.0104258 -0.00514058
708.38 0.00537607 1 0.0098185 -0.00444243
708.83 0.00646868 1 0.00923491 -0.00276624
709.27 0.00455892 1 0.0086989 -0.00413998
709.71 0.00464884 1 0.00819515 -0.0035463
710.15 0.00373847 1 0.0077218 -0.00398334
710.6 0.0038298 1 0.00726731 -0.0034375
711.04 0.0029188 1 0.00685015 -0.00393136
711.48 0.00300748 1 0.00645832 -0.00345084
711.92 9.58563e-05 1 0.0060903 -0.00599444
712.37 0.00418592 1 0.00573703 -0.00155111
712.81 0.00127366 1 0.00541283 -0.00413917
713.25 0.00136109 1 0.00510832 -0.00374723
713.69 0.0034482 1 0.00482227 -0.00137407
714.13 0.000535001 1 0.00455354 -0.00401854
714.58 0.00162345 1 0.00429548 -0.00267203
715.02 0.00270961 1 0.00405852 -0.00134891
715.46 -0.000204544 1 0.00383579 -0.00404033
715.9 0.000880985 1 0.00362638 -0.00274539
716.35 -0.00103187 1 0.00342511 -0.00445698
716.79 5.3014e-05 1 0.00324011 -0.0031871
717.23 0.00113758 1 0.00306604 -0.00192846
717.67 0.000221826 1 0.00290218 -0.00268035
718.11 -0.000694248 1 0.00274788 -0.00344213
718.56 0.000391254 1 0.00259934 -0.00220809
719 -0.00252547 1 0.00246256 -0.00498804
719.44 0.000557483 1 0.00233362 -0.00177614
719.88 0.00164011 1 0.00221202 -0.000571906
720.32 -0.00027758 1 0.00209728 -0.00237486
720.76 -0.0011956 1 0.00198899 -0.00318458
721.21 -0.00211209 1 0.00188446 -0.00399655
721.65 -0.00203077 1 0.00178797 -0.00381873
722.09 5.02326e-05 1 0.00169677 -0.00164654
722.53 0.000130903 1 0.00161054 -0.00147963
722.97 0.000211246 1 0.00152896 -0.00131772
723.41 0.000291261 1 0.00145177 -0.00116051
723.86 0.00137275 1 0.00137706 -4.3086e-06
724.3 0.0024521 1 0.00130792 0.00114418
724.74 -0.00246888 1 0.00124241 -0.00371129
725.18 0.000609807 1 0.00118031 -0.0005705
725.62 -0.000311838 1 0.00112142 -0.00143326
726.06 0.00176618 1 0.00106556 0.000700625
726.5 0.00284387 1 0.00101255 0.00183132
726.95 -7.70145e-05 1 0.000961125 -0.00103814
727.39 0 1 0.000913406 -0.000913406
727.83 0.00207668 1 0.000868082 0.0012086
728.27 0.00115303 1 0.000825022 0.000328005
728.71 0.000229044 1 0.000784103 -0.000555059
729.15 0.00230473 1 0.000745208 0.00155952
729.59 0.000380095 1 0.000708231 -0.000328136
730.03 0.00145513 1 0.000673069 0.000782065
730.48 0.00353155 1 0.000638887 0.00289266
730.92 0.00160594 1 0.000607113 0.000998823
731.36 0.00368001 1 0.000576886 0.00310312
731.8 0.000753768 1 0.000548125 0.000205643
732.24 0.000827215 1 0.000520759 0.000306456
732.68 0.00390035 1 0.000494716 0.00340564
733.12 0.00397318 1 0.000469931 0.00350325
733.56 0.0050457 1 0.000446343 0.00459936
734 0.00611792 1 0.000423892 0.00569403
734.44 0.00418984 1 0.000402525 0.00378731
734.89 0.00226308 1 0.000381737 0.00188134
735.33 0.00433439 1 0.000362402 0.00397199
735.77 0.00240541 1 0.000344001 0.00206141
736.21 0.00547614 1 0.000326488 0.00514965
736.65 0.00254658 1 0.000309822 0.00223676
737.09 0.00361673 1 0.000293963 0.00332276
737.53 0.00568659 1 0.000278873 0.00540772
737.97 0.00375617 1 0.000264516 0.00349166
738.41 0.00282547 1 0.000250857 0.00257462
738.85 0.00689449 1 0.000237864 0.00665663
739.29 0.00496324 1 0.000225506 0.00473773
739.73 0.00603171 1 0.000213754 0.00581795
740.17 0.0060999 1 0.000202578 0.00589733
740.61 0.00516783 1 0.000191952 0.00497588
741.05 0.00523549 1 0.000181852 0.00505364
741.49 0.00630288 1 0.000172251 0.00613063
741.93 0.00437001 1 0.000163127 0.00420689
742.37 0.00543688 1 0.000154457 0.00528243
742.81 0.0045035 1 0.00014622 0.00435728
743.26 0.00357136 1 0.000138224 0.00343313
743.7 0.00563745 1 0.000130802 0.00550665
744.14 0.00170329 1 0.000123755 0.00157954
744.58 0.00476889 1 0.000117065 0.00465182
745.02 0.00483423 1 0.000110715 0.00472351
745.46 0.00489933 1 0.000104689 0.00479464
745.9 0.00496419 1 9.89712e-05 0.00486522
746.34 0.0050288 1 9.3547e-05 0.00493526
746.78 0.00609318 1 8.84024e-05 0.00600478
747.22 0.00415732 1 8.35239e-05 0.0040738
747.66 0.00322123 1 7.88988e-05 0.00314233
748.1 0.0032849 1 7.45148e-05 0.00321039
748.54 0.00734835 1 7.036e-05 0.00727799
748.98 0.00341157 1 6.64234e-05 0.00334514
749.42 0.00647456 1 6.26943e-05 0.00641187
749.86 0.00453733 1 5.91625e-05 0.00447817
750.29 0.00359846 1 5.58922e-05 0.00354257
750.73 0.0036608 1 5.27222e-05 0.00360807
751.17 0.00272292 1 4.97218e-05 0.00267319
751.61 0.00278482 1 4.68824e-05 0.00273794
752.05 0.00584652 1 4.41961e-05 0.00580232
752.49 0.004908 1 4.16552e-05 0.00486635
752.93 0.00196928 1 3.92522e-05 0.00193003
753.37 0.00503035 1 3.69802e-05 0.00499337
753.81 0.00309122 1 3.48325e-05 0.00305639
754.25 0.00315189 1 3.28027e-05 0.00311908
754.69 0.00621236 1 3.08849e-05 0.00618147
755.13 0.00327263 1 2.90731e-05 0.00324356
755.57 0.00533271 1 2.73619e-05 0.00530535
756.01 0.0033926 1 2.57461e-05 0.00336686
756.45 0.0014523 1 2.42207e-05 0.00142808
756.89 0.00151181 1 2.27809e-05 0.00148903
757.33 0.00857114 1 2.14223e-05 0.00854972
757.77 0.00363028 1 2.01405e-05 0.00361014
758.21 0.00268925 1 1.89314e-05 0.00267032
758.64 0.0047467 1 1.78165e-05 0.00472888
759.08 -0.000194685 1 1.674e-05 -0.000211425
759.52 0.00386376 1 1.57254e-05 0.00384803
759.96 0.00292202 1 1.47692e-05 0.00290725
760.4 0.00298012 1 1.38682e-05 0.00296626
760.84 0.00303806 1 1.30195e-05 0.00302504
761.28 0.00309582 1 1.22201e-05 0.0030836
761.72 0.00415343 1 1.14675e-05 0.00414196
762.16 0.00621087 1 1.0759e-05 0.00620011
762.6 0.00326816 1 1.00921e-05 0.00325807
763.03 0.00232399 1 9.47846e-06 0.00231452
763.47 0.00438097 1 8.88731e-06 0.00437209
763.91 0.000437803 1 8.33129e-06 0.000429472
764.35 0.00349448 1 7.80843e-06 0.00348667
764.79 0.00155102 1 7.31686e-06 0.0015437
765.23 0.0026074 1 6.85481e-06 0.00260055
765.67 0.00466365 1 6.4206e-06 0.00465723
766.11 0.00271976 1 6.01263e-06 0.00271374
766.54 0.00477445 1 5.63787e-06 0.00476881
766.98 0.00583029 1 5.27746e-06 0.00582501
767.42 0.00288599 1 4.93907e-06 0.00288105
767.86 0.00494156 1 4.62141e-06 0.00493694
768.3 0.004997 1 4.32328e-06 0.00499268
768.74 0.00705231 1 4.04354e-06 0.00704827
769.17 0.00310625 1 3.78689e-06 0.00310246
769.61 0.00416132 1 3.54039e-06 0.00415778
770.05 0.00421627 1 3.30925e-06 0.00421296
770.49 0.0062711 1 3.09256e-06 0.00626801
770.93 0.00232582 1 2.88945e-06 0.00232293
771.37 0.00438042 1 2.69912e-06 0.00437772
771.8 0.00443367 1 2.52473e-06 0.00443115
772.24 0.00348806 1 2.35745e-06 0.0034857
772.68 0.00654233 1 2.2008e-06 0.00654013
773.12 0.00559651 1 2.05413e-06 0.00559445
773.56 0.00365058 1 1.91683e-06 0.00364866
774 0.00470455 1 1.78833e-06 0.00470276
774.43 0.0037572 1 1.67075e-06 0.00375553
774.87 0.000810977 1 1.55811e-06 0.000809419
775.31 0.00186466 1 1.45276e-06 0.00186321
775.75 0.000918258 1 1.35425e-06 0.000916903
776.19 0.00397176 1 1.26216e-06 0.0039705
776.62 0.00402397 1 1.17798e-06 0.00402279
777.06 0.00307731 1 1.09742e-06 0.00307621
777.5 0.00413056 1 1.02216e-06 0.00412954
777.94 0.000183733 1 9.51861e-07 0.000182781
778.37 0.00523562 1 8.87655e-07 0.00523474
778.81 0.00528865 1 8.26266e-07 0.00528782
779.25 0.00534159 1 7.68963e-07 0.00534083
779.69 0.00439447 1 7.15484e-07 0.00439376
780.13 0.00844728 1 6.65585e-07 0.00844661
780.56 0.00649882 1 6.2006e-07 0.0064982
781 0.0055515 1 5.76579e-07 0.00555093
781.44 0.00660412 1 5.36035e-07 0.00660358
781.88 0.00565668 1 4.98238e-07 0.00565618
782.31 0.00470798 1 4.63783e-07 0.00470752
782.75 -0.000239572 1 4.30904e-07 -0.000240003
783.19 0.00481282 1 4.00271e-07 0.00481242
783.63 0.00286516 1 3.71739e-07 0.00286479
784.06 0.00591626 1 3.45752e-07 0.00591592
784.5 0.00296851 1 3.20973e-07 0.00296819
784.94 0.00702071 1 2.97908e-07 0.00702041
785.37 0.00307168 1 2.76914e-07 0.00307141
785.81 0.0041238 1 2.5691e-07 0.00412355
786.25 0.00517589 1 2.383e-07 0.00517565
786.69 0.00522793 1 2.20993e-07 0.00522771
787.12 0.00527876 1 2.05253e-07 0.00527856
787.56 0.00133075 1 1.90267e-07 0.00133056
788 0.0043827 1 1.76339e-07 0.00438252
788.43 0.00443345 1 1.6368e-07 0.00443328
788.87 0.00348535 1 1.51635e-07 0.0034852
789.31 0.00353723 1 1.40448e-07 0.00353709
789.75 0.00658909 1 1.30059e-07 0.00658896
790.18 0.00363976 1 1.20624e-07 0.00363964
790.62 0.00669159 1 1.11655e-07 0.00669147
791.06 0.0087434 1 1.03332e-07 0.0087433
791.49 0.00479403 1 9.5778e-08 0.00479393
791.93 0.00484582 1 8.86015e-08 0.00484573
792.37 0.00289761 1 8.19457e-08 0.00289753
792.8 0.00294822 1 7.59092e-08 0.00294814
793.24 0 1 7.01778e-08 -7.01778e-08
793.68 0.00605178 1 6.48657e-08 0.00605172
794.11 0.00210239 1 6.00509e-08 0.00210233
794.55 0.00315418 1 5.54825e-08 0.00315412
794.99 0.00120597 1 5.12509e-08 0.00120592
795.42 0.0012566 1 4.7418e-08 0.00125655
795.86 0.00230841 1 4.37834e-08 0.00230837
796.3 0.00136024 1 4.0419e-08 0.0013602
796.73 0.000410907 1 3.73734e-08 0.00041087
797.17 0.00846277 1 3.44874e-08 0.00846273
797.61 0.000514649 1 3.18175e-08 0.000514618
798.04 0.00456537 1 2.94022e-08 0.00456534
798.48 0.0006173 1 2.71149e-08 0.000617273
798.91 -0.000331927 1 2.50465e-08 -0.000331952
799.35 0.00372006 1 2.30885e-08 0.00372003
799.79 0.000772068 1 2.12791e-08 0.000772047
800.22 0.00782293 1 1.96439e-08 0.00782291
800.66 0.00387501 1 1.8097e-08 0.00387499
801.1 0.00192713 1 1.66684e-08 0.00192711
