500.34 -0.00311458 1 3.14416e-05 -0.00314602
500.8 -0.00195387 1 3.35136e-05 -0.00198738
501.25 0.000203358 1 3.56646e-05 0.000167693
501.71 -0.00263592 1 3.79975e-05 -0.00267392
502.17 -0.0014752 1 4.04736e-05 -0.00151567
502.62 -0.00231796 1 4.30422e-05 -0.00236101
503.08 -0.00315723 1 4.5826e-05 -0.00320306
503.53 0 1 4.87124e-05 -4.87124e-05
503.99 -0.00483927 1 5.18392e-05 -0.00489111
504.44 -0.00268204 1 5.50796e-05 -0.00273712
504.9 -0.00452131 1 5.85881e-05 -0.0045799
505.36 -0.00336059 1 6.23057e-05 -0.00342289
505.81 -0.00420336 1 6.61557e-05 -0.00426951
506.27 -0.00404264 1 7.03212e-05 -0.00411296
506.72 -0.00188542 1 7.4633e-05 -0.00196005
507.18 -0.00272471 1 7.92958e-05 -0.00280401
507.63 -0.0035675 1 8.41201e-05 -0.00365162
508.09 -0.00240681 1 8.93346e-05 -0.00249614
508.54 -0.00224961 1 9.47272e-05 -0.00234434
509 -0.00208893 1 0.000100553 -0.00218948
509.45 -0.00193175 1 0.000106575 -0.00203832
509.91 -0.00277109 1 0.000113078 -0.00288416
510.36 -0.00261393 1 0.000119796 -0.00273372
510.82 -0.00245328 1 0.000127047 -0.00258033
511.27 -0.00129615 1 0.000134535 -0.00143068
511.73 -0.00113553 1 0.000142612 -0.00127814
512.19 -0.00297492 1 0.00015114 -0.00312606
512.64 -0.00181782 1 0.000159939 -0.00197776
513.1 -0.00165725 1 0.000169425 -0.00182667
513.55 -0.00450018 1 0.000179209 -0.00467939
514.01 -0.00333963 1 0.000189751 -0.00352938
514.46 -0.00318259 1 0.000200618 -0.00338321
514.92 -0.00302208 1 0.000212322 -0.0032344
515.37 -0.00486508 1 0.000224381 -0.00508946
515.83 -0.0027046 1 0.000237362 -0.00294196
516.28 -0.00154764 1 0.00025073 -0.00179837
516.73 -0.00439069 1 0.000264794 -0.00465548
517.19 -0.00523028 1 0.00027992 -0.0055102
517.64 -0.00307337 1 0.000295488 -0.00336886
518.1 -0.000913001 1 0.000312225 -0.00122523
518.55 -0.00475614 1 0.000329441 -0.00508558
519.01 -0.00359582 1 0.000347942 -0.00394376
519.46 -0.00443901 1 0.000366963 -0.00480597
519.92 -0.00227873 1 0.000387392 -0.00266613
520.37 -0.00312197 1 0.000408387 -0.00353036
520.83 -0.000961752 1 0.000430925 -0.00139268
521.28 -0.00280504 1 0.000454074 -0.00325912
521.74 -0.00264488 1 0.000478914 -0.00312379
522.19 -0.00448823 1 0.000504415 -0.00499264
522.65 -0.00132812 1 0.000531765 -0.00185988
523.1 -0.00217153 1 0.000559828 -0.00273135
523.55 -0.00101496 1 0.000589242 -0.0016042
524.01 -0.00385495 1 0.000620766 -0.00447572
524.46 -0.00269845 1 0.000653088 -0.00335154
524.92 -0.0015385 1 0.000687711 -0.00222621
525.37 -0.00238207 1 0.000723195 -0.00310526
525.83 -0.00222219 1 0.000761185 -0.00298337
526.28 -0.00206582 1 0.0008001 -0.00286592
526.73 -0.00190949 1 0.000840819 -0.00275031
527.19 -0.000749722 1 0.000884381 -0.0016341
527.64 -0.00159346 1 0.000928971 -0.00252243
528.1 -0.00143377 1 0.000976653 -0.00241042
528.55 -0.00427759 1 0.00102543 -0.00530302
529.01 -0.000117974 1 0.00107757 -0.00119555
529.46 -0.00096187 1 0.00113089 -0.00209276
529.91 0.000194195 1 0.00118658 -0.000992383
530.37 -0.00164631 1 0.00124605 -0.00289237
530.82 -0.00249033 1 0.00130683 -0.00379716
531.28 -0.00233093 1 0.0013717 -0.00370263
531.73 0.000824967 1 0.00143796 -0.000612992
532.18 -1.91805e-05 1 0.00150708 -0.00152626
532.64 -0.00285991 1 0.00158081 -0.00444072
533.09 0.00129585 1 0.00165606 -0.000360206
533.54 0.000451569 1 0.0017345 -0.00128293
534 -0.0013893 1 0.00181811 -0.00320741
534.45 -0.00123368 1 0.00190337 -0.00313705
534.91 0.00192535 1 0.00199421 -6.88561e-05
535.36 0.00108088 1 0.00208679 -0.00100592
535.81 0.00123636 1 0.00218319 -0.000946837
536.27 0.00139524 1 0.00228581 -0.000890578
536.72 0.00255061 1 0.00239033 0.000160279
537.17 0.000705936 1 0.00249908 -0.00179314
537.63 0.00186466 1 0.00261475 -0.000750093
538.08 0.00401988 1 0.00273248 0.0012874
538.54 0.00217849 1 0.00285764 -0.000679154
538.99 0.0043336 1 0.00298497 0.00134864
539.44 0.00548866 1 0.00311727 0.00237139
539.9 0.0026471 1 0.00325783 -0.000610725
540.35 0.00380205 1 0.0034007 0.000401349
540.8 0.00595693 1 0.00354904 0.00240789
541.26 0.0041152 1 0.00370653 0.000408674
541.71 0.00226997 1 0.00386648 -0.00159651
542.16 0.00442468 1 0.00403244 0.000392244
542.62 0.00558277 1 0.00420849 0.00137428
543.07 0.00373736 1 0.00438715 -0.000649795
543.52 0.00289189 1 0.00457239 -0.0016805
543.98 0.00404979 1 0.00476874 -0.000718954
544.43 0.00620419 1 0.00496786 0.00123633
544.88 0.0103585 1 0.00517415 0.00518438
545.34 0.00751624 1 0.00539264 0.0021236
545.79 0.00667045 1 0.00561404 0.00105641
546.24 0.0078246 1 0.00584324 0.00198136
546.69 0.00697868 1 0.00608045 0.000898232
547.15 0.0101361 1 0.00633142 0.00380469
547.6 0.00929006 1 0.00658549 0.00270457
548.05 0.0114439 1 0.00684823 0.00459571
548.51 0.0106012 1 0.00712601 0.00347515
548.96 0.0107549 1 0.00740699 0.00334791
549.41 0.0109086 1 0.00769734 0.00321123
549.86 0.0110622 1 0.00799729 0.00306487
550.32 0.0132191 1 0.00831409 0.00490501
550.77 0.0123726 1 0.0086342 0.00373835
551.22 0.0135259 1 0.00896465 0.00456129
551.68 0.0126826 1 0.00931338 0.00336927
552.13 0.0148359 1 0.00966548 0.0051704
552.58 0.015989 1 0.0100287 0.00596037
553.03 0.0151421 1 0.0104032 0.00473893
553.49 0.0172985 1 0.010798 0.0065005
553.94 0.0164514 1 0.0111962 0.0052552
554.39 0.0176043 1 0.0116066 0.00599771
554.84 0.0167571 1 0.0120293 0.00472777
555.3 0.0169131 1 0.0124744 0.0044387
555.75 0.0180658 1 0.012923 0.0051428
556.2 0.0192183 1 0.0133846 0.00583367
556.65 0.0203707 1 0.0138597 0.00651103
557.11 0.0205265 1 0.0143595 0.00616701
557.56 0.0226788 1 0.0148625 0.00781628
558.01 0.021831 1 0.0153797 0.00645126
558.46 0.0229831 1 0.0159114 0.0070717
558.92 0.0251385 1 0.0164701 0.00866839
559.37 0.0242904 1 0.0170318 0.0072586
559.82 0.0244423 1 0.0176088 0.00683348
560.27 0.0245941 1 0.0182013 0.00639276
560.72 0.0257457 1 0.0188095 0.0069362
561.18 0.0269007 1 0.0194478 0.00745285
561.63 0.0260522 1 0.0200887 0.00596348
562.08 0.0282036 1 0.0207461 0.0074575
562.53 0.0263549 1 0.0214203 0.00493467
562.99 0.0315095 1 0.022127 0.00938256
563.44 0.0286607 1 0.0228357 0.00582494
563.89 0.0288117 1 0.023562 0.00524974
564.34 0.0329627 1 0.0243059 0.00865676
564.79 0.0291135 1 0.0250678 0.00404575
565.25 0.0332676 1 0.0258653 0.00740232
565.7 0.0364183 1 0.0266641 0.00975422
566.15 0.0345689 1 0.0274814 0.00708745
566.6 0.0327194 1 0.0283175 0.00440182
567.05 0.0358697 1 0.0291726 0.00669714
567.5 0.03802 1 0.0300468 0.0079732
567.96 0.0371735 1 0.0309604 0.0062131
568.41 0.0383236 1 0.0318739 0.0064497
568.86 0.0354736 1 0.0328071 0.00266654
569.31 0.0386235 1 0.03376 0.00486345
569.76 0.0397733 1 0.034733 0.00504028
570.21 0.039923 1 0.035726 0.00419691
570.67 0.0420758 1 0.0367621 0.00531377
571.12 0.0422253 1 0.0377962 0.00442915
571.57 0.0423747 1 0.0388507 0.00352396
572.02 0.0435239 1 0.0399258 0.0035981
572.47 0.0446731 1 0.0410216 0.0036515
572.92 0.0448222 1 0.0421381 0.00268407
573.37 0.0449711 1 0.0432753 0.00169575
573.83 0.0471232 1 0.0444594 0.00266383
574.28 0.047272 1 0.0456388 0.00163314
574.73 0.0484206 1 0.0468391 0.00158145
575.18 0.0505691 1 0.0480603 0.00250875
575.63 0.0507175 1 0.0493024 0.00141505
576.08 0.0518658 1 0.0505654 0.00130036
576.53 0.0520139 1 0.0518492 0.00016472
576.98 0.057162 1 0.0531538 0.00400817
577.44 0.0553132 1 0.0545088 0.000804377
577.89 0.0554611 1 0.0558553 -0.000394244
578.34 0.0576088 1 0.0572223 0.000386466
578.79 0.0587564 1 0.0586098 0.000146615
579.24 0.0579039 1 0.0600175 -0.00211367
579.69 0.0610512 1 0.0614455 -0.000394239
580.14 0.0621985 1 0.0628934 -0.000694939
580.59 0.0623456 1 0.0643612 -0.00201559
581.04 0.0634926 1 0.0658486 -0.00235599
581.49 0.0666395 1 0.0673555 -0.000715939
581.95 0.0667896 1 0.0689156 -0.00212606
582.4 0.0669362 1 0.070461 -0.0035248
582.85 0.0690827 1 0.0720251 -0.00294232
583.3 0.0692291 1 0.0736075 -0.00437834
583.75 0.0723754 1 0.075208 -0.00283256
584.2 0.0745216 1 0.0768262 -0.00230464
584.65 0.0726676 1 0.0784619 -0.00579425
585.1 0.0758135 1 0.0801146 -0.00430102
585.55 0.0799593 1 0.0817839 -0.00182458
586 0.080105 1 0.0834695 -0.00336451
586.45 0.0812505 1 0.0851709 -0.00392041
586.9 0.0853959 1 0.0868878 -0.00149183
587.35 0.0865412 1 0.0886195 -0.00207831
587.8 0.0856864 1 0.0903657 -0.00467937
588.25 0.0878314 1 0.0921259 -0.00429453
588.71 0.0889795 1 0.0939391 -0.00495961
589.16 0.0931242 1 0.0957259 -0.00260166
589.61 0.0952689 1 0.097525 -0.00225619
590.06 0.0954133 1 0.099336 -0.00392261
590.51 0.100558 1 0.101158 -0.00060035
590.96 0.0967019 1 0.102991 -0.00628879
591.41 0.101846 1 0.104833 -0.0029873
591.86 0.10499 1 0.106685 -0.00169524
592.31 0.107134 1 0.108546 -0.00141195
592.76 0.106277 1 0.110414 -0.00413674
593.21 0.107421 1 0.11229 -0.00486893
593.66 0.111564 1 0.114172 -0.0026078
594.11 0.111708 1 0.11606 -0.00435261
594.56 0.115851 1 0.117953 -0.00210264
595.01 0.116994 1 0.119851 -0.00285711
595.46 0.119137 1 0.121752 -0.00261526
595.91 0.122279 1 0.123656 -0.0013763
596.36 0.125422 1 0.125561 -0.00013942
596.81 0.126564 1 0.127468 -0.00090382
597.26 0.128707 1 0.129375 -0.000668669
597.71 0.130849 1 0.131282 -0.000433131
598.16 0.132991 1 0.133187 -0.000196361
598.61 0.134133 1 0.13509 -0.0009575
599.06 0.136274 1 0.13699 -0.000715683
599.51 0.138416 1 0.138886 -0.000470038
599.96 0.140557 1 0.140777 -0.000219682
600.41 0.142698 1 0.142662 3.62711e-05
600.86 0.14384 1 0.144541 -0.000701287
601.31 0.14598 1 0.146412 -0.000431459
601.76 0.149121 1 0.148275 0.000846652
602.21 0.152262 1 0.150128 0.00213395
602.65 0.152399 1 0.15193 0.000469053
603.1 0.15554 1 0.153762 0.00177717
603.55 0.15968 1 0.155583 0.00409715
604 0.15982 1 0.15739 0.0024299
604.45 0.16296 1 0.159183 0.00377629
604.9 0.164099 1 0.160962 0.00313722
605.35 0.166239 1 0.162726 0.00351356
605.8 0.168378 1 0.164472 0.00390617
606.25 0.168518 1 0.166202 0.00231591
606.7 0.171657 1 0.167913 0.00374362
607.15 0.171796 1 0.169606 0.00219013
607.6 0.174935 1 0.171278 0.00365623
608.05 0.174073 1 0.17293 0.00114272
608.5 0.177212 1 0.174561 0.00265036
608.95 0.17735 1 0.17617 0.00117989
609.39 0.180485 1 0.177721 0.00276395
609.84 0.184623 1 0.179284 0.00533885
610.29 0.186761 1 0.180823 0.00593768
610.74 0.186898 1 0.182337 0.00456106
611.19 0.186036 1 0.183826 0.00220958
611.64 0.186173 1 0.18529 0.000883758
612.09 0.18731 1 0.186726 0.00058411
612.54 0.187447 1 0.188136 -0.000688917
612.99 0.189584 1 0.189519 6.50771e-05
613.44 0.189721 1 0.190874 -0.00115356
613.88 0.191854 1 0.192173 -0.000318366
614.33 0.191991 1 0.193473 -0.00148207
614.78 0.192127 1 0.194744 -0.00261771
615.23 0.193263 1 0.195988 -0.00272519
615.68 0.194399 1 0.197203 -0.00280447
616.13 0.197534 1 0.19839 -0.000855615
616.58 0.19967 1 0.199548 0.000121268
617.03 0.196805 1 0.200679 -0.00387403
617.47 0.199937 1 0.201758 -0.00182059
617.92 0.198072 1 0.202834 -0.00476183
618.37 0.200207 1 0.203883 -0.00367639
618.82 0.199341 1 0.204906 -0.00556485
619.27 0.200476 1 0.205904 -0.00542789
619.72 0.20261 1 0.206876 -0.00426631
620.17 0.199744 1 0.207825 -0.00808099
620.61 0.201875 1 0.20873 -0.00685558
621.06 0.203009 1 0.209635 -0.0066264
621.51 0.205142 1 0.210519 -0.00537685
621.96 0.204275 1 0.211384 -0.00710829
622.41 0.206409 1 0.212231 -0.00582222
622.86 0.202541 1 0.213062 -0.0105203
623.3 0.208671 1 0.21386 -0.00518916
623.75 0.207804 1 0.214665 -0.00686112
624.2 0.208936 1 0.215459 -0.00652285
624.65 0.210069 1 0.216245 -0.0061765
625.1 0.209201 1 0.217025 -0.00782438
625.54 0.21033 1 0.217784 -0.00745462
625.99 0.211461 1 0.21856 -0.00709839
626.44 0.213593 1 0.219337 -0.00574407
626.89 0.211724 1 0.220118 -0.00839449
627.34 0.213855 1 0.220908 -0.00705262
627.78 0.216983 1 0.22169 -0.00470658
628.23 0.217114 1 0.222503 -0.00538926
628.68 0.217244 1 0.223334 -0.00608927
629.13 0.219375 1 0.224185 -0.00481008
629.58 0.217505 1 0.22506 -0.00755526
630.02 0.220632 1 0.225943 -0.00531098
630.47 0.224762 1 0.226877 -0.00211528
630.92 0.223891 1 0.227846 -0.00395515
631.37 0.227021 1 0.228855 -0.00183452
631.81 0.228147 1 0.229883 -0.00173636
632.26 0.231276 1 0.230981 0.000294393
632.71 0.232405 1 0.232131 0.000273667
633.16 0.234533 1 0.233336 0.00119738
633.61 0.237662 1 0.2346 0.00306145
634.05 0.236787 1 0.235898 0.000889172
634.5 0.239915 1 0.237292 0.0026233
634.95 0.242043 1 0.238757 0.00328576
635.4 0.24517 1 0.240298 0.00487261
635.84 0.246295 1 0.241881 0.00441409
636.29 0.251422 1 0.243582 0.00784022
636.74 0.251549 1 0.245369 0.00617967
637.18 0.254673 1 0.247204 0.0074689
637.63 0.256799 1 0.249173 0.00762693
638.08 0.257926 1 0.251237 0.00668858
638.53 0.263052 1 0.253401 0.00965099
638.97 0.266175 1 0.255615 0.0105602
639.42 0.269301 1 0.257982 0.011319
639.87 0.269426 1 0.260455 0.00897169
640.32 0.275552 1 0.263035 0.0125166
640.76 0.276674 1 0.265664 0.0110104
641.21 0.278799 1 0.268461 0.0103384
641.66 0.279924 1 0.271368 0.00855575
642.1 0.282045 1 0.274318 0.00772768
642.55 0.29117 1 0.277444 0.0137259
643 0.292294 1 0.280679 0.0116143
643.44 0.295415 1 0.283948 0.0114666
643.89 0.297538 1 0.287397 0.0101416
644.34 0.304662 1 0.29095 0.0137116
644.79 0.305785 1 0.294606 0.0111795
645.23 0.307905 1 0.298275 0.00963017
645.68 0.314028 1 0.302122 0.0119061
646.13 0.318151 1 0.30606 0.0120911
646.57 0.32127 1 0.309993 0.0112777
647.02 0.326392 1 0.314094 0.0122979
647.47 0.329514 1 0.318271 0.0112436
647.91 0.332633 1 0.32242 0.0102135
648.36 0.333755 1 0.326723 0.00703146
648.81 0.338876 1 0.33108 0.00779603
649.25 0.340994 1 0.335383 0.00561097
649.7 0.344115 1 0.33982 0.0042946
650.15 0.345236 1 0.344285 0.000950793
650.59 0.353353 1 0.348667 0.00468629
651.04 0.356473 1 0.353156 0.00331722
651.48 0.360591 1 0.357543 0.00304784
651.93 0.35971 1 0.362015 -0.00230511
652.38 0.36583 1 0.366463 -0.000633191
652.82 0.367946 1 0.370776 -0.00282983
653.27 0.370065 1 0.375139 -0.00507402
653.72 0.373184 1 0.379442 -0.0062577
654.16 0.3783 1 0.383578 -0.00527796
654.61 0.380418 1 0.387723 -0.00730515
655.06 0.385536 1 0.391771 -0.00623431
655.5 0.387651 1 0.395621 -0.00796908
655.95 0.387769 1 0.399436 -0.0116666
656.39 0.390884 1 0.403034 -0.0121504
656.84 0.395001 1 0.406567 -0.0115663
657.29 0.396118 1 0.409939 -0.0138211
657.73 0.399232 1 0.413068 -0.0138357
658.18 0.402348 1 0.416084 -0.0137353
658.62 0.403462 1 0.418842 -0.0153798
659.07 0.404578 1 0.421456 -0.016878
659.52 0.406694 1 0.42385 -0.0171565
659.96 0.411807 1 0.425968 -0.0141617
660.41 0.413922 1 0.427896 -0.0139747
660.85 0.413034 1 0.42954 -0.0165058
661.3 0.416149 1 0.430965 -0.0148158
661.74 0.421261 1 0.432099 -0.0108385
662.19 0.422375 1 0.432988 -0.0106126
662.64 0.420489 1 0.433594 -0.0131051
663.08 0.422601 1 0.433909 -0.0113083
663.53 0.426714 1 0.43394 -0.00722599
663.97 0.423825 1 0.433682 -0.00985746
664.42 0.425938 1 0.43312 -0.0071822
664.86 0.426048 1 0.432276 -0.00622736
665.31 0.426161 1 0.431108 -0.00494749
665.75 0.423271 1 0.429669 -0.0063983
666.2 0.429383 1 0.427892 0.00149096
666.65 0.427495 1 0.425807 0.00168796
667.09 0.422604 1 0.423471 -0.000867709
667.54 0.420715 1 0.420782 -6.72423e-05
667.98 0.421824 1 0.417862 0.00396182
668.43 0.418935 1 0.414581 0.00435315
668.87 0.418043 1 0.411091 0.00695131
669.32 0.413153 1 0.407239 0.00591419
669.76 0.411261 1 0.403201 0.0080594
670.21 0.40837 1 0.398802 0.00956813
670.65 0.404478 1 0.394245 0.0102323
671.1 0.401587 1 0.389332 0.0122552
671.54 0.398694 1 0.384289 0.0144047
671.99 0.394802 1 0.378897 0.0159049
672.43 0.386908 1 0.373407 0.0135011
672.88 0.379017 1 0.36758 0.0114366
673.32 0.375122 1 0.361686 0.0134366
673.77 0.37123 1 0.355468 0.0157618
674.21 0.364335 1 0.349216 0.0151191
674.66 0.356443 1 0.342658 0.0137849
675.1 0.349547 1 0.336097 0.0134502
675.55 0.341654 1 0.329249 0.0124049
675.99 0.337758 1 0.322431 0.015327
676.44 0.327864 1 0.315347 0.0125176
676.88 0.320968 1 0.308324 0.0126441
677.33 0.313073 1 0.301057 0.0120166
677.77 0.303177 1 0.293882 0.00929451
678.22 0.294282 1 0.286487 0.00779511
678.66 0.284384 1 0.279212 0.00517211
679.11 0.277489 1 0.271741 0.00574767
679.55 0.272591 1 0.264418 0.00817252
679.99 0.262693 1 0.25709 0.00560265
680.44 0.253797 1 0.249602 0.00419479
680.88 0.245898 1 0.242298 0.00359982
681.33 0.237001 1 0.234858 0.00214263
681.77 0.229102 1 0.227625 0.00147704
682.22 0.220204 1 0.220279 -7.44437e-05
682.66 0.212305 1 0.213158 -0.000852949
683.11 0.205407 1 0.205947 -0.000540156
683.55 0.195507 1 0.198977 -0.00347022
683.99 0.188606 1 0.192094 -0.00348829
684.44 0.183707 1 0.185154 -0.00144701
684.88 0.170806 1 0.178473 -0.00766693
685.33 0.164907 1 0.171754 -0.00684716
685.77 0.159005 1 0.165303 -0.00629732
686.21 0.152103 1 0.158974 -0.00687045
686.66 0.145203 1 0.152634 -0.00743027
687.1 0.137301 1 0.146569 -0.00926791
687.55 0.1314 1 0.140508 -0.00910775
687.99 0.126497 1 0.134725 -0.00822741
688.44 0.120596 1 0.128959 -0.008363
688.88 0.112692 1 0.12347 -0.010778
689.32 0.106789 1 0.118131 -0.0113425
689.77 0.104887 1 0.112827 -0.00794023
690.21 0.0979822 1 0.107795 -0.00981246
690.65 0.0900775 1 0.102916 -0.0128383
691.1 0.0861746 1 0.0980851 -0.0119105
691.54 0.0832694 1 0.0935174 -0.0102481
691.99 0.077366 1 0.0890047 -0.0116387
692.43 0.0734602 1 0.0847467 -0.0112866
692.87 0.0725541 1 0.0806405 -0.00808644
693.32 0.0686498 1 0.0765964 -0.00794661
693.76 0.0637431 1 0.0727925 -0.00904936
694.2 0.0608362 1 0.0691352 -0.00829903
694.65 0.0549311 1 0.0655442 -0.0106131
695.09 0.0540236 1 0.0621765 -0.00815295
695.53 0.0491158 1 0.0589481 -0.0098323
695.98 0.0472098 1 0.0557873 -0.00857752
696.42 0.0423014 1 0.0528316 -0.0105302
696.86 0.0423928 1 0.050006 -0.00761321
697.31 0.0404859 1 0.0472473 -0.00676137
697.75 0.0385767 1 0.0446746 -0.00609791
698.19 0.0346672 1 0.0422216 -0.0075545
698.64 0.0337594 1 0.0398331 -0.00607372
699.08 0.0318493 1 0.0376114 -0.00576212
699.52 0.0279389 1 0.0354985 -0.00755957
699.97 0.0260303 1 0.0334462 -0.00741588
700.41 0.0241193 1 0.0315418 -0.00742252
700.85 0.0222081 1 0.029735 -0.00752697
701.3 0.0232985 1 0.0279841 -0.00468562
701.74 0.0213867 1 0.0263632 -0.00497656
702.18 0.0194745 1 0.0248287 -0.00535417
702.63 0.0195641 1 0.0233449 -0.00378081
703.07 0.0176514 1 0.0219741 -0.00432278
703.51 0.0187383 1 0.0206791 -0.00194071
703.96 0.015827 1 0.0194292 -0.00360224
704.4 0.0149134 1 0.0182768 -0.00336347
704.84 0.0129995 1 0.0171901 -0.00419059
705.28 0.0120853 1 0.0161657 -0.00408043
705.73 0.0111727 1 0.0151794 -0.00400671
706.17 0.00825787 1 0.014272 -0.00601413
706.61 0.00934276 1 0.013418 -0.00407526
707.06 0.0104293 1 0.012597 -0.00216772
707.5 0.00951356 1 0.0118427 -0.00232912
707.94 0.00559754 1 0.0111337 -0.00553613
708.38 0.00468123 1 0.0104675 -0.00578627
708.83 0.0057665 1 0.009828 -0.00406151
709.27 0.00484957 1 0.0092413 -0.00439173
709.71 0.00493234 1 0.00869054 -0.0037582
710.15 0.00601481 1 0.00817365 -0.00215885
710.6 0.00209883 1 0.00767798 -0.00557915
711.04 0.00318068 1 0.00722363 -0.00404295
711.48 0.00126222 1 0.00679744 -0.00553521
711.92 0.000343463 1 0.0063977 -0.00605424
712.37 0.00342623 1 0.00601457 -0.00258834
712.81 0.00350685 1 0.0056635 -0.00215665
713.25 -0.000412845 1 0.00533426 -0.00574711
713.69 0.00366716 1 0.00502549 -0.00135833
714.13 0.00174685 1 0.00473589 -0.00298904
714.58 0.000828027 1 0.00445827 -0.00363025
715.02 -9.29108e-05 1 0.00420382 -0.00429673
715.46 -0.00101416 1 0.00396507 -0.00497922
715.9 -0.00093572 1 0.00374101 -0.00467673
716.35 -0.00185582 1 0.00352608 -0.0053819
716.79 0.000221984 1 0.00332891 -0.00310693
717.23 0.00129948 1 0.00314375 -0.00184427
717.67 0.000376654 1 0.0029698 -0.00259314
718.11 -0.000546484 1 0.00280634 -0.00335282
718.56 -0.0014682 1 0.00264929 -0.0041175
719 -0.00139198 1 0.002505 -0.00389698
719.44 -0.00231607 1 0.00236925 -0.00468533
719.88 0.000759513 1 0.0022415 -0.00148199
720.32 -0.00316522 1 0.00212123 -0.00528645
720.76 -9.02683e-05 1 0.00200794 -0.00209821
721.21 -0.00201395 1 0.00189884 -0.00391279
721.65 -0.00393964 1 0.00179834 -0.00573799
722.09 0.000134337 1 0.00170356 -0.00156923
722.53 -0.000792004 1 0.00161414 -0.00240614
722.97 0.000281333 1 0.00152972 -0.00124839
723.41 0.00135435 1 0.00145001 -9.56596e-05
723.86 0.000428684 1 0.00137303 -0.000944345
724.3 0.000501042 1 0.00130194 -0.000800894
724.74 -0.00242692 1 0.00123471 -0.00366164
725.18 -0.00135522 1 0.00117112 -0.00252634
725.62 -0.00128384 1 0.00111095 -0.00239478
726.06 -0.00221278 1 0.00105398 -0.00326676
726.5 -0.000142056 1 0.00100002 -0.00114208
726.95 -7.00617e-05 1 0.000947782 -0.00101784
727.39 0 1 0.000899401 -0.000899401
727.83 0.00106973 1 0.000853537 0.000216196
728.27 -0.000860862 1 0.000810044 -0.00167091
728.71 -0.00179178 1 0.000768788 -0.00256057
729.15 -0.000723025 1 0.000729645 -0.00145267
729.59 0.00234541 1 0.000692496 0.00165292
730.03 -0.000586471 1 0.000657232 -0.0012437
730.48 0.00148287 1 0.00062301 0.000859857
730.92 -0.000449653 1 0.000591253 -0.00104091
731.36 0.00161752 1 0.000561091 0.00105642
731.8 0.00168437 1 0.000532439 0.00115193
732.24 -0.000249076 1 0.000505219 -0.000754295
732.68 0.00081717 1 0.000479355 0.000337814
733.12 0.00288311 1 0.000454779 0.00242833
733.56 0.00194875 1 0.000431424 0.00151733
734 0.0050141 1 0.000409228 0.00460487
734.44 0.00307914 1 0.000388133 0.00269101
734.89 0.00114536 1 0.00036764 0.000777723
735.33 0.00320982 1 0.000348607 0.00286121
735.77 0.00427398 1 0.000330518 0.00394346
736.21 0.00433786 1 0.000313326 0.00402453
736.65 0.00340145 1 0.000296987 0.00310446
737.09 0.00346475 1 0.000281459 0.00318329
737.53 0.00252778 1 0.000266704 0.00226107
737.97 0.00559053 1 0.000252684 0.00533784
738.41 0.003653 1 0.000239363 0.00341363
738.85 0.00571519 1 0.000226707 0.00548848
739.29 0.00177712 1 0.000214685 0.00156243
739.73 0.00483877 1 0.000203266 0.0046355
740.17 0.00590016 1 0.000192422 0.00570773
740.61 0.00496128 1 0.000182123 0.00477915
741.05 0.00202213 1 0.000172345 0.00184979
741.49 0.00208273 1 0.000163063 0.00191967
741.93 0.00214307 1 0.000154252 0.00198881
742.37 0.00520315 1 0.000145889 0.00505726
742.81 0.00326297 1 0.000137955 0.00312502
743.26 0.00532389 1 0.00013026 0.00519363
743.7 0.00438321 1 0.000123127 0.00426008
744.14 0.00144228 1 0.000116363 0.00132592
744.58 0.0045011 1 0.000109948 0.00439116
745.02 0.00355968 1 0.000103867 0.00345582
745.46 0.00361802 1 9.81027e-05 0.00351992
745.9 0.00467612 1 9.26397e-05 0.00458348
746.34 0.00573398 1 8.74633e-05 0.00564652
746.78 0.00279161 1 8.25594e-05 0.00270905
747.22 0.00484901 1 7.79147e-05 0.00477109
747.66 0.00390617 1 7.35164e-05 0.00383265
748.1 0.00496311 1 6.93521e-05 0.00489375
748.54 0.00501982 1 6.54103e-05 0.00495441
748.98 0.0030763 1 6.16798e-05 0.00301462
749.42 0.00513257 1 5.81501e-05 0.00507442
749.86 0.00418862 1 5.4811e-05 0.0041338
750.29 0.00224318 1 5.17228e-05 0.00219146
750.73 -0.000701203 1 4.87328e-05 -0.000749936
751.17 0.0053542 1 4.5906e-05 0.0053083
751.61 0.0014094 1 4.32342e-05 0.00136616
752.05 0.00346439 1 4.07094e-05 0.00342368
752.49 0.00251917 1 3.8324e-05 0.00248084
752.93 -0.00142626 1 3.60708e-05 -0.00146233
753.37 0.00462812 1 3.39429e-05 0.00459418
753.81 0.00368229 1 3.19339e-05 0.00365036
754.25 0.00173627 1 3.00374e-05 0.00170623
754.69 0.00579006 1 2.82476e-05 0.00576181
755.13 0.00184365 1 2.65589e-05 0.00181709
755.57 0.00289704 1 2.49659e-05 0.00287208
756.01 0.00295026 1 2.34634e-05 0.00292679
756.45 0.00300328 1 2.20467e-05 0.00298123
756.89 0.00305612 1 2.07112e-05 0.00303541
757.33 0.00510878 1 1.94525e-05 0.00508933
757.77 0.00316126 1 1.82664e-05 0.00314299
758.21 0.00221356 1 1.7149e-05 0.00219641
758.64 0.0052645 1 1.61198e-05 0.00524838
759.08 0.000316459 1 1.51273e-05 0.000301331
759.52 0.000368244 1 1.4193e-05 0.000354051
759.96 0.00341986 1 1.33136e-05 0.00340655
760.4 0.00147131 1 1.2486e-05 0.00145883
760.84 0.0035226 1 1.17073e-05 0.00351089
761.28 0.00257372 1 1.09749e-05 0.00256275
761.72 0.00362469 1 1.02862e-05 0.0036144
762.16 0.00567549 1 9.6386e-06 0.00566585
762.6 0.00372614 1 9.02987e-06 0.00371711
763.03 0.00177549 1 8.47041e-06 0.00176702
763.47 0.000825842 1 7.93213e-06 0.00081791
763.91 0.00287604 1 7.42649e-06 0.00286862
764.35 0.000926096 1 6.9516e-06 0.000919144
764.79 0.000976005 1 6.5057e-06 0.000969499
765.23 0.00302577 1 6.08711e-06 0.00301968
765.67 0.0020754 1 5.69424e-06 0.0020697
766.11 0.00112489 1 5.3256e-06 0.00111956
766.54 0.00417312 1 4.98739e-06 0.00416813
766.98 0.00322234 1 4.66255e-06 0.00321768
767.42 0.00227143 1 4.35795e-06 0.00226707
767.86 0.00432039 1 4.07238e-06 0.00431632
768.3 0.00536923 1 3.80472e-06 0.00536542
768.74 0.00241794 1 3.5539e-06 0.00241438
769.17 0.00246542 1 3.32408e-06 0.0024621
769.61 0.00351389 1 3.10364e-06 0.00351079
770.05 0.00356224 1 2.8972e-06 0.00355934
770.49 0.00461048 1 2.70392e-06 0.00460777
770.93 0.0026586 1 2.523e-06 0.00265607
771.37 0.00170661 1 2.35369e-06 0.00170425
771.8 0.00375342 1 2.19875e-06 0.00375122
772.24 0.00280121 1 2.05034e-06 0.00279916
772.68 0.0038489 1 1.91153e-06 0.00384699
773.12 0.00589649 1 1.78175e-06 0.00589471
773.56 0.00194398 1 1.66042e-06 0.00194232
774 0.00499136 1 1.54703e-06 0.00498982
774.43 0.00303758 1 1.44341e-06 0.00303614
774.87 0.00208478 1 1.34427e-06 0.00208344
775.31 0.00213189 1 1.25168e-06 0.00213064
775.75 0.000178906 1 1.16522e-06 0.000177741
776.19 0.000225836 1 1.0845e-06 0.000224751
776.62 0.00427162 1 1.01081e-06 0.00427061
777.06 0.00431838 1 9.4039e-07 0.00431744
777.5 0.00236506 1 8.74692e-07 0.00236419
777.94 0.00241167 1 8.13411e-07 0.00241085
778.37 0.00445714 1 7.57518e-07 0.00445638
778.81 0.00250359 1 7.04151e-07 0.00250289
779.25 0.00454997 1 6.54404e-07 0.00454932
779.69 0.00159629 1 6.08043e-07 0.00159568
780.13 0.00264253 1 5.64847e-07 0.00264197
780.56 0.00368766 1 5.25491e-07 0.00368714
781 0.00673378 1 4.87954e-07 0.00673329
781.44 0.00377983 1 4.53003e-07 0.00377938
781.88 0.00282583 1 4.20466e-07 0.00282541
782.31 0.00387073 1 3.90847e-07 0.00387034
782.75 0.00291661 1 3.62622e-07 0.00291625
783.19 0.000962447 1 3.36364e-07 0.00096211
783.63 0.00100823 1 3.11941e-07 0.00100792
784.06 0.00305293 1 2.89728e-07 0.00305264
784.5 0.00309862 1 2.68578e-07 0.00309835
784.94 0.00514426 1 2.4892e-07 0.00514401
785.37 0.00218883 1 2.31052e-07 0.0021886
785.81 0.0052344 1 2.1405e-07 0.00523419
786.25 0.00327993 1 1.98258e-07 0.00327973
786.69 0.00432542 1 1.83591e-07 0.00432524
787.12 -0.000630148 1 1.70272e-07 -0.000630318
787.56 0.00141528 1 1.5761e-07 0.00141513
788 0.000460687 1 1.45858e-07 0.000460542
788.43 0.00150503 1 1.35193e-07 0.0015049
788.87 0.00255039 1 1.2506e-07 0.00255026
789.31 0.00259572 1 1.15663e-07 0.0025956
789.75 0.00164103 1 1.06948e-07 0.00164092
790.18 0.0026853 1 9.90465e-08 0.0026852
790.62 0.000730576 1 9.15457e-08 0.000730485
791.06 0.00577584 1 8.4595e-08 0.00577576
791.49 0.00282007 1 7.82963e-08 0.00281999
791.93 0.00286532 1 7.23212e-08 0.00286524
792.37 0.00391056 1 6.67879e-08 0.00391049
792.8 0.00295477 1 6.1777e-08 0.0029547
793.24 0 1 5.70265e-08 -5.70265e-08
793.68 0.00404523 1 5.26301e-08 0.00404518
794.11 0.00608944 1 4.86514e-08 0.00608939
794.55 0.00113468 1 4.48818e-08 0.00113464
794.99 -0.00082007 1 4.13956e-08 -0.000820111
795.42 -0.00177584 1 3.82425e-08 -0.00177588
795.86 -0.000730576 1 3.52572e-08 -0.000730611
796.3 0.0053147 1 3.2498e-08 0.00531467
796.73 0.00135897 1 3.00041e-08 0.00135894
797.17 0.0104043 1 2.76444e-08 0.0104043
797.61 0.00144961 1 2.54649e-08 0.00144959
798.04 0.000493935 1 2.34962e-08 0.000493912
798.48 0.00153931 1 2.16347e-08 0.00153929
798.91 0.00358368 1 1.99539e-08 0.00358366
799.35 0.00262911 1 1.83653e-08 0.0026291
799.79 0.00267458 1 1.68996e-08 0.00267456
800.22 0.00371904 1 1.55771e-08 0.00371902
800.66 0.00276457 1 1.43279e-08 0.00276455
801.1 0.000810131 1 1.3176e-08 0.000810118
