500.34 -0.000583296 1 5.90354e-05 -0.000642332
500.8 -0.000499186 1 6.27945e-05 -0.00056198
501.25 0.000583097 1 6.66889e-05 0.000516408
501.71 -0.00133279 1 7.09039e-05 -0.0014037
502.17 -0.00024868 1 7.53683e-05 -0.000324048
502.62 -0.0011664 1 7.99902e-05 -0.00124639
503.08 -8.22839e-05 1 8.4989e-05 -0.000167273
503.53 0 1 9.01616e-05 -9.01616e-05
503.99 -0.000915888 1 9.57535e-05 -0.00101164
504.44 0.0011664 1 0.000101537 0.00106486
504.9 -0.00174949 1 0.000107787 -0.00185728
505.36 -0.00066538 1 0.000114395 -0.000779775
505.81 -0.000583097 1 0.000121226 -0.000704322
506.27 -0.000498986 1 0.000128601 -0.000627587
506.72 0.000583296 1 0.00013622 0.000447076
507.18 -0.000332594 1 0.000144443 -0.000477038
507.63 -0.00225031 1 0.000152935 -0.00240325
508.09 -0.000166206 1 0.000162095 -0.000328301
508.54 -8.39271e-05 1 0.00017155 -0.000255477
509 -0.00299982 1 0.000181745 -0.00318157
509.45 -0.000917545 1 0.000192262 -0.00110981
509.91 -0.00283344 1 0.000203597 -0.00303704
510.36 -0.00175117 1 0.000215285 -0.00196645
510.82 0.00133293 1 0.000227876 0.00110506
511.27 0.0024152 1 0.000240853 0.00217435
511.73 0.0014993 1 0.000254827 0.00124447
512.19 -0.000416603 1 0.00026955 -0.000686153
512.64 -0.000334338 1 0.000284714 -0.000619052
513.1 -0.00225025 1 0.000301031 -0.00255128
513.55 -0.00216798 1 0.000317828 -0.00248581
514.01 -0.0010839 1 0.000335893 -0.00141979
514.46 -0.00100164 1 0.000354481 -0.00135612
514.92 -0.000917557 1 0.000374463 -0.00129202
515.37 -0.0038353 1 0.000395014 -0.00423032
515.83 0.00124877 1 0.000417095 0.000831678
516.28 -0.00366898 1 0.000439795 -0.00410877
516.73 -0.00158673 1 0.00046363 -0.00205036
517.19 -0.00150266 1 0.000489223 -0.00199189
517.64 0.000579575 1 0.000515513 6.40618e-05
518.1 -0.000336362 1 0.000543727 -0.000880089
518.55 -0.00125413 1 0.000572698 -0.00182683
519.01 -0.00117007 1 0.000603773 -0.00177385
519.46 -0.00208785 1 0.000635667 -0.00272351
519.92 -0.00200379 1 0.000669862 -0.00267366
520.37 0.00107842 1 0.00070494 0.000373485
520.83 0.00216247 1 0.000742532 0.00141994
521.28 -0.000755319 1 0.000781075 -0.00153639
521.74 -0.000671284 1 0.000822362 -0.00149365
522.19 -0.00158908 1 0.000864674 -0.00245375
522.65 -0.00150505 1 0.000909975 -0.00241503
523.1 0.000577146 1 0.000956379 -0.000379233
523.55 0.00165934 1 0.00100493 0.000654405
524.01 -0.00125665 1 0.00105688 -0.00231353
524.46 0.000825537 1 0.00111005 -0.000284517
524.92 0.000909543 1 0.00116692 -0.000257374
525.37 0.000991719 1 0.0012251 -0.000233377
525.83 7.57153e-05 1 0.00128728 -0.00121156
526.28 -0.000842119 1 0.00135087 -0.00219299
526.73 0.00224004 1 0.0014173 0.000822743
527.19 0.00232402 1 0.00148825 0.000835773
527.64 0.00140618 1 0.00156076 -0.000154582
528.1 -0.000509853 1 0.00163816 -0.00214802
528.55 0.00157229 1 0.00171723 -0.000144937
529.01 0.000656249 1 0.00180159 -0.00114534
529.46 0.000738379 1 0.00188772 -0.00114934
529.91 0.0018205 1 0.00197754 -0.000157039
530.37 0.00290445 1 0.00207332 0.000831128
530.82 0.000986561 1 0.00217103 -0.00118447
531.28 0.00207049 1 0.00227517 -0.000204674
531.73 0.0041526 1 0.00238135 0.00177124
532.18 0.00323469 1 0.00249196 0.000742728
532.64 0.00231861 1 0.00260976 -0.000291156
533.09 0.00440069 1 0.00272979 0.0016709
533.54 0.00548277 1 0.00285473 0.00262804
534 0.00256666 1 0.00298769 -0.00042103
534.45 0.00564873 1 0.00312308 0.00252565
534.91 0.00473261 1 0.00326709 0.00146552
535.36 0.00481466 1 0.00341365 0.00140101
535.81 0.0038967 1 0.00356601 0.00033069
536.27 0.00498057 1 0.00372797 0.00125259
536.72 0.0060626 1 0.00389268 0.00216992
537.17 0.00414462 1 0.00406379 8.08303e-05
537.63 0.00822846 1 0.00424554 0.00398292
538.08 0.00731047 1 0.00443023 0.00288024
538.54 0.00839429 1 0.00462631 0.00376798
538.99 0.00747629 1 0.00482547 0.00265082
539.44 0.00755828 1 0.00503213 0.00252615
539.9 0.00864208 1 0.00525136 0.00339072
540.35 0.00872405 1 0.00547388 0.00325017
540.8 0.010806 1 0.0057046 0.00510142
541.26 0.0108898 1 0.00594917 0.00494062
541.71 0.00997174 1 0.00619723 0.00377451
542.16 0.0140537 1 0.00645424 0.00759944
542.62 0.0121374 1 0.0067265 0.00541094
543.07 0.0112194 1 0.00700242 0.00421695
543.52 0.0133013 1 0.00728809 0.00601319
543.98 0.012385 1 0.00759047 0.00479454
544.43 0.0114669 1 0.0078967 0.0035702
544.88 0.0155488 1 0.00821352 0.00733528
545.34 0.0146325 1 0.00854862 0.00608388
545.79 0.0137144 1 0.00888773 0.00482664
546.24 0.0147962 1 0.00923831 0.00555792
546.69 0.0168781 1 0.00960065 0.00727743
547.15 0.0169618 1 0.00998352 0.00697823
547.6 0.0180436 1 0.0103706 0.007673
548.05 0.0191254 1 0.0107703 0.00835507
548.51 0.0192091 1 0.0111924 0.00801662
548.96 0.0192909 1 0.0116188 0.00767204
549.41 0.0193727 1 0.0120589 0.00731381
549.86 0.0204544 1 0.0125129 0.00794158
550.32 0.020538 1 0.0129918 0.00754629
550.77 0.0216198 1 0.013475 0.00814478
551.22 0.0247016 1 0.0139733 0.0107283
551.68 0.0247851 1 0.0144984 0.0102867
552.13 0.0238669 1 0.015028 0.00883887
552.58 0.0239486 1 0.0155736 0.00837503
553.03 0.0260303 1 0.0161355 0.00989485
553.49 0.0261139 1 0.0167271 0.00938675
553.94 0.0271956 1 0.0173231 0.00987246
554.39 0.0272772 1 0.0179365 0.00934078
554.84 0.0273589 1 0.0185676 0.00879136
555.3 0.0284424 1 0.0192314 0.00921103
555.75 0.0295241 1 0.0198994 0.00962467
556.2 0.0296057 1 0.0205862 0.00901953
556.65 0.0306873 1 0.0212921 0.00939525
557.11 0.0317708 1 0.0220338 0.00973695
557.56 0.0348524 1 0.0227795 0.0120729
558.01 0.035934 1 0.0235453 0.0123887
558.46 0.0370156 1 0.0243316 0.0126839
558.92 0.0390989 1 0.025157 0.0139419
559.37 0.0371805 1 0.0259859 0.0111946
559.82 0.0362621 1 0.0268363 0.00942573
560.27 0.0383436 1 0.0277086 0.010635
560.72 0.0394251 1 0.0286031 0.010822
561.18 0.0395085 1 0.0295408 0.00996765
561.63 0.04159 1 0.0304812 0.0111088
562.08 0.0426715 1 0.0314448 0.0112267
562.53 0.0437529 1 0.0324319 0.0113211
562.99 0.0468362 1 0.0334655 0.0133707
563.44 0.0439177 1 0.034501 0.00941669
563.89 0.0429991 1 0.0355609 0.00743822
564.34 0.0470805 1 0.0366455 0.0104351
564.79 0.047162 1 0.037755 0.00940692
565.25 0.0492452 1 0.0389154 0.0103298
565.7 0.0513266 1 0.0400762 0.0112504
566.15 0.0514079 1 0.0412628 0.0101451
566.6 0.0484893 1 0.0424755 0.00601383
567.05 0.0535707 1 0.0437144 0.0098563
567.5 0.054652 1 0.0449797 0.0096723
567.96 0.0557351 1 0.0463007 0.00943439
568.41 0.0568164 1 0.0476203 0.00919619
568.86 0.0588977 1 0.0489669 0.00993089
569.31 0.058979 1 0.0503407 0.00863832
569.76 0.0600603 1 0.051742 0.00831831
570.21 0.0581416 1 0.0531708 0.00497071
570.67 0.0602246 1 0.0546601 0.0055645
571.12 0.0633058 1 0.0561451 0.00716069
571.57 0.062387 1 0.0576581 0.00472891
572.02 0.0654682 1 0.0591992 0.00626907
572.47 0.0655494 1 0.0607683 0.00478109
572.92 0.0656306 1 0.0623657 0.0032649
573.37 0.0677118 1 0.0639913 0.00372046
573.83 0.0687947 1 0.0656822 0.00311247
574.28 0.0688758 1 0.067365 0.00151083
574.73 0.0719569 1 0.069076 0.00288092
575.18 0.072038 1 0.0708153 0.00122274
575.63 0.0751191 1 0.0725828 0.00253636
576.08 0.0762002 1 0.0743783 0.00182184
576.53 0.0762812 1 0.076202 7.92516e-05
576.98 0.0803623 1 0.0780536 0.00230871
577.44 0.0804451 1 0.079975 0.00047007
577.89 0.0815261 1 0.0818827 -0.000356587
578.34 0.0846071 1 0.0838178 0.000789249
578.79 0.0836881 1 0.0857803 -0.00209223
579.24 0.085769 1 0.0877698 -0.00200081
579.69 0.08785 1 0.0897862 -0.00193625
580.14 0.0899309 1 0.0918292 -0.0018983
580.59 0.0920118 1 0.0938985 -0.00188666
581.04 0.0930927 1 0.0959937 -0.00290105
581.49 0.0951736 1 0.0981147 -0.00294112
581.95 0.0952562 1 0.100309 -0.0050527
582.4 0.0983371 1 0.102481 -0.0041436
582.85 0.0994179 1 0.104677 -0.00525904
583.3 0.100499 1 0.106897 -0.0063986
583.75 0.10458 1 0.109141 -0.00456181
584.2 0.10766 1 0.111408 -0.00374821
584.65 0.107741 1 0.113698 -0.00595728
585.1 0.108822 1 0.11601 -0.00718851
585.55 0.114903 1 0.118344 -0.00344133
586 0.116983 1 0.120698 -0.00371517
586.45 0.117064 1 0.123073 -0.00600942
586.9 0.121145 1 0.125468 -0.00432347
587.35 0.123225 1 0.127882 -0.00465664
587.8 0.123306 1 0.130314 -0.00700827
588.25 0.126387 1 0.132764 -0.00637765
588.71 0.126469 1 0.135286 -0.00881727
589.16 0.13255 1 0.13777 -0.00522029
589.61 0.13463 1 0.140269 -0.00563879
590.06 0.135711 1 0.142783 -0.00707195
590.51 0.140791 1 0.14531 -0.00451897
590.96 0.140872 1 0.147851 -0.00697898
591.41 0.143952 1 0.150403 -0.00645111
591.86 0.147033 1 0.152967 -0.00593448
592.31 0.150113 1 0.155541 -0.00542816
592.76 0.150194 1 0.158125 -0.00793121
593.21 0.153274 1 0.160717 -0.00744267
593.66 0.156354 1 0.163316 -0.00696156
594.11 0.160435 1 0.165922 -0.00548689
594.56 0.164515 1 0.168533 -0.00401762
595.01 0.167595 1 0.171148 -0.00355273
595.46 0.168676 1 0.173767 -0.00509114
595.91 0.172756 1 0.176388 -0.00363179
596.36 0.173836 1 0.17901 -0.00517358
596.81 0.178917 1 0.181632 -0.00271541
597.26 0.180997 1 0.184253 -0.00325615
597.71 0.185077 1 0.186872 -0.00179467
598.16 0.187157 1 0.189487 -0.00232981
598.61 0.190238 1 0.192098 -0.00186041
599.06 0.193318 1 0.194703 -0.00138531
599.51 0.195398 1 0.197301 -0.00190331
599.96 0.199478 1 0.199891 -0.000413235
600.41 0.200558 1 0.202472 -0.00191388
600.86 0.207638 1 0.205042 0.00259596
601.31 0.209718 1 0.207601 0.0021175
601.76 0.210798 1 0.210146 0.000651933
602.21 0.212878 1 0.212678 0.000200486
602.65 0.216957 1 0.215138 0.00181833
603.1 0.219037 1 0.217638 0.00139837
603.55 0.225117 1 0.22012 0.00499613
604 0.226196 1 0.222584 0.00361281
604.45 0.228276 1 0.225027 0.00324961
604.9 0.229356 1 0.227449 0.00190771
605.35 0.235436 1 0.229848 0.00558829
605.8 0.235516 1 0.232224 0.00329249
606.25 0.238596 1 0.234574 0.00402148
606.7 0.241676 1 0.236899 0.00477637
607.15 0.240755 1 0.239197 0.00155827
607.6 0.242835 1 0.241467 0.00136825
608.05 0.248915 1 0.243708 0.00520737
608.5 0.248995 1 0.245918 0.00307665
608.95 0.253074 1 0.248097 0.00497709
609.39 0.253152 1 0.250197 0.00295523
609.84 0.257232 1 0.252312 0.00492006
610.29 0.256312 1 0.254393 0.00191877
610.74 0.261391 1 0.256439 0.00495218
611.19 0.260471 1 0.25845 0.00202109
611.64 0.26355 1 0.260424 0.0031262
612.09 0.26363 1 0.262362 0.00126818
612.54 0.26671 1 0.264262 0.00244765
612.99 0.267789 1 0.266124 0.00166513
613.44 0.271869 1 0.267947 0.00392109
613.88 0.269946 1 0.269693 0.000253389
614.33 0.270026 1 0.271439 -0.00141347
614.78 0.271105 1 0.273146 -0.00204094
615.23 0.273185 1 0.274813 -0.00162887
615.68 0.276264 1 0.276441 -0.000177237
616.13 0.276343 1 0.278029 -0.00168609
616.58 0.278423 1 0.279578 -0.00115562
617.03 0.277502 1 0.281088 -0.00358609
617.47 0.279579 1 0.282527 -0.00294739
617.92 0.276659 1 0.283961 -0.00730192
618.37 0.279738 1 0.285357 -0.00561896
618.82 0.280817 1 0.286716 -0.00589931
619.27 0.280896 1 0.28804 -0.00714387
619.72 0.282975 1 0.289329 -0.00635374
620.17 0.283054 1 0.290585 -0.00753013
620.61 0.284132 1 0.291781 -0.00764934
621.06 0.284211 1 0.292975 -0.00876376
621.51 0.28529 1 0.294139 -0.0088493
621.96 0.284369 1 0.295277 -0.0109079
622.41 0.287448 1 0.29639 -0.00894149
622.86 0.286527 1 0.297479 -0.0109524
623.3 0.289604 1 0.298526 -0.00892131
623.75 0.289683 1 0.299578 -0.00989471
624.2 0.291762 1 0.300615 -0.00885321
624.65 0.292841 1 0.301641 -0.00879981
625.1 0.28892 1 0.302657 -0.0137377
625.54 0.291997 1 0.303646 -0.0116496
625.99 0.294076 1 0.304656 -0.0105804
626.44 0.299154 1 0.305668 -0.00651314
626.89 0.297233 1 0.306685 -0.00945183
627.34 0.298312 1 0.307713 -0.0094006
627.78 0.300389 1 0.308731 -0.00834221
628.23 0.301468 1 0.309791 -0.00832391
628.68 0.302546 1 0.310875 -0.00832918
629.13 0.304625 1 0.311988 -0.0073629
629.58 0.305703 1 0.313134 -0.00743011
630.02 0.30978 1 0.314291 -0.00451096
630.47 0.311859 1 0.315519 -0.00365983
630.92 0.314937 1 0.316795 -0.00185805
631.37 0.316016 1 0.318127 -0.00211119
631.81 0.319093 1 0.319488 -0.000395046
632.26 0.319171 1 0.320945 -0.00177362
632.71 0.320249 1 0.322474 -0.00222424
633.16 0.326328 1 0.324081 0.00224723
633.61 0.327406 1 0.325771 0.0016349
634.05 0.330483 1 0.327511 0.00297172
634.5 0.334561 1 0.329385 0.00517635
634.95 0.336639 1 0.33136 0.00527976
635.4 0.339718 1 0.333441 0.00627623
635.84 0.343794 1 0.335586 0.00820841
636.29 0.346872 1 0.337895 0.00897693
636.74 0.34895 1 0.340328 0.00862221
637.18 0.352027 1 0.342831 0.00919575
637.63 0.356105 1 0.345523 0.0105825
638.08 0.362183 1 0.348352 0.0138314
638.53 0.364261 1 0.351323 0.0129383
638.97 0.366337 1 0.354369 0.0119684
639.42 0.374415 1 0.357632 0.0167831
639.87 0.373493 1 0.361048 0.012445
640.32 0.378571 1 0.36462 0.0139515
640.76 0.384648 1 0.368264 0.0163832
641.21 0.386725 1 0.372149 0.0145761
641.66 0.390803 1 0.376195 0.0146084
642.1 0.396879 1 0.380306 0.0165731
642.55 0.397957 1 0.384671 0.0132865
643 0.405035 1 0.389195 0.0158395
643.44 0.412111 1 0.393774 0.0183373
643.89 0.416189 1 0.398611 0.0175772
644.34 0.416266 1 0.403604 0.0126627
644.79 0.427344 1 0.408747 0.0185971
645.23 0.42942 1 0.413918 0.0155023
645.68 0.437498 1 0.419346 0.0181514
646.13 0.442575 1 0.42491 0.0176646
646.57 0.445651 1 0.430476 0.0151747
647.02 0.452728 1 0.436289 0.0164395
647.47 0.456806 1 0.442215 0.0145905
647.91 0.460882 1 0.448111 0.0127704
648.36 0.466959 1 0.454235 0.0127242
648.81 0.470036 1 0.460443 0.00959384
649.25 0.477112 1 0.466583 0.0105293
649.7 0.480189 1 0.472922 0.00726709
650.15 0.485267 1 0.47931 0.00595715
650.59 0.490342 1 0.485588 0.00475449
651.04 0.493419 1 0.492028 0.00139131
651.48 0.501495 1 0.49833 0.00316476
651.93 0.505572 1 0.504765 0.000807174
652.38 0.509649 1 0.511173 -0.00152372
652.82 0.513725 1 0.517397 -0.00367206
653.27 0.515802 1 0.523702 -0.00790047
653.72 0.524879 1 0.52993 -0.00505106
654.16 0.530954 1 0.535927 -0.00497255
654.61 0.531031 1 0.541947 -0.0109162
655.06 0.540108 1 0.547836 -0.00772797
655.5 0.538183 1 0.553449 -0.0152652
655.95 0.54226 1 0.559022 -0.0167614
656.39 0.550335 1 0.56429 -0.0139545
656.84 0.551412 1 0.569475 -0.0180625
657.29 0.553489 1 0.574436 -0.0209467
657.73 0.560564 1 0.579053 -0.0184888
658.18 0.563641 1 0.583518 -0.0198776
658.62 0.569716 1 0.587617 -0.0179017
659.07 0.569792 1 0.59152 -0.0217272
659.52 0.569869 1 0.595112 -0.0252434
659.96 0.576944 1 0.598311 -0.0213671
660.41 0.578021 1 0.601246 -0.0232256
660.85 0.582095 1 0.603774 -0.0216783
661.3 0.585172 1 0.605996 -0.0208236
661.74 0.589247 1 0.607801 -0.0185542
662.19 0.589323 1 0.609261 -0.0199374
662.64 0.5944 1 0.610319 -0.0159191
663.08 0.598474 1 0.610956 -0.0124818
663.53 0.598551 1 0.611193 -0.0126429
663.97 0.598625 1 0.611014 -0.0123884
664.42 0.596701 1 0.610402 -0.0137009
664.86 0.597776 1 0.609383 -0.0116065
665.31 0.598852 1 0.607904 -0.00905219
665.75 0.597927 1 0.606032 -0.00810488
666.2 0.599003 1 0.603678 -0.00467526
666.65 0.602079 1 0.600882 0.0011969
667.09 0.599153 1 0.597722 0.00143143
667.54 0.598229 1 0.594057 0.00417237
667.98 0.591304 1 0.590054 0.0012493
668.43 0.59238 1 0.585538 0.00684203
668.87 0.591454 1 0.580714 0.0107399
669.32 0.58553 1 0.575372 0.0101576
669.76 0.582604 1 0.569758 0.0128456
670.21 0.57668 1 0.563628 0.0130521
670.65 0.572754 1 0.557264 0.0154904
671.1 0.56983 1 0.550389 0.0194408
671.54 0.563904 1 0.543322 0.0205816
671.99 0.554979 1 0.535756 0.0192231
672.43 0.551053 1 0.528042 0.0230111
672.88 0.542129 1 0.519845 0.0222838
673.32 0.529203 1 0.511546 0.0176575
673.77 0.524279 1 0.502783 0.0214956
674.21 0.516352 1 0.493964 0.0223882
674.66 0.507428 1 0.484707 0.0227211
675.1 0.497502 1 0.47544 0.0220615
675.55 0.484577 1 0.465762 0.0188149
675.99 0.476651 1 0.456122 0.0205292
676.44 0.464726 1 0.4461 0.0186265
676.88 0.4538 1 0.436161 0.017639
677.33 0.440875 1 0.425873 0.0150022
677.77 0.426949 1 0.415712 0.0112365
678.22 0.418024 1 0.405236 0.0127878
678.66 0.406097 1 0.394929 0.0111684
679.11 0.391172 1 0.384341 0.00683104
679.55 0.382246 1 0.373962 0.00828373
679.99 0.371319 1 0.363574 0.00774551
680.44 0.357394 1 0.352958 0.0044367
680.88 0.348468 1 0.342602 0.00586523
681.33 0.332543 1 0.332054 0.00048824
681.77 0.321616 1 0.321798 -0.000182211
682.22 0.309691 1 0.311383 -0.00169227
682.66 0.299764 1 0.301287 -0.00152271
683.11 0.285839 1 0.291064 -0.00522559
683.55 0.275912 1 0.281183 -0.00527172
683.99 0.263985 1 0.271428 -0.0074433
684.44 0.257059 1 0.261593 -0.00453321
684.88 0.244132 1 0.252125 -0.00799284
685.33 0.234207 1 0.242606 -0.00839897
685.77 0.22428 1 0.233467 -0.00918736
686.21 0.213353 1 0.224504 -0.0111514
686.66 0.204427 1 0.215527 -0.0110997
687.1 0.1935 1 0.206942 -0.0134415
687.55 0.185575 1 0.198364 -0.0127896
687.99 0.175647 1 0.190182 -0.0145341
688.44 0.168722 1 0.182026 -0.0133045
688.88 0.160794 1 0.174265 -0.0134705
689.32 0.151867 1 0.166717 -0.01485
689.77 0.146941 1 0.159221 -0.0122796
690.21 0.139014 1 0.152111 -0.0130977
690.65 0.129086 1 0.145221 -0.0161347
691.1 0.12416 1 0.138401 -0.0142405
691.54 0.117233 1 0.131954 -0.0147214
691.99 0.110307 1 0.125587 -0.0152805
692.43 0.106379 1 0.119582 -0.0132029
692.87 0.0984515 1 0.113793 -0.0153414
693.32 0.0965255 1 0.108093 -0.0115679
693.76 0.0905977 1 0.102734 -0.0121366
694.2 0.0856699 1 0.0975836 -0.0119137
694.65 0.0807437 1 0.0925281 -0.0117844
695.09 0.0748158 1 0.0877887 -0.0129729
695.53 0.0728879 1 0.0832469 -0.010359
695.98 0.0669616 1 0.0788019 -0.0118403
696.42 0.0620336 1 0.0746467 -0.0126131
696.86 0.0581056 1 0.0706758 -0.0125702
697.31 0.0571792 1 0.0668002 -0.009621
697.75 0.054251 1 0.063187 -0.00893599
698.19 0.0493229 1 0.0597432 -0.0104203
698.64 0.0473963 1 0.0563907 -0.00899439
699.08 0.0444681 1 0.0532733 -0.00880521
699.52 0.0415399 1 0.0503093 -0.00876945
699.97 0.0366132 1 0.047431 -0.0108178
700.41 0.0376848 1 0.0447609 -0.00707604
700.85 0.0317565 1 0.042228 -0.0104715
701.3 0.0298297 1 0.0397739 -0.00994421
701.74 0.0319012 1 0.0375023 -0.0056011
702.18 0.0259727 1 0.035352 -0.00937931
702.63 0.0260458 1 0.0332729 -0.00722717
703.07 0.0241172 1 0.0313524 -0.00723517
703.51 0.0241886 1 0.0295378 -0.00534922
703.96 0.0192615 1 0.0277866 -0.00852506
704.4 0.0193328 1 0.0261718 -0.00683893
704.84 0.0194041 1 0.0246486 -0.00524455
705.28 0.0164753 1 0.0232127 -0.00673743
705.73 0.0175481 1 0.0218299 -0.00428178
706.17 0.0126192 1 0.0205572 -0.00793802
706.61 0.0126903 1 0.0193591 -0.00666879
707.06 0.011763 1 0.0182067 -0.00644372
707.5 0.010834 1 0.0171474 -0.00631341
707.94 0.00790496 1 0.0161512 -0.00824622
708.38 0.00697589 1 0.0152146 -0.00823866
708.83 0.00704839 1 0.0143148 -0.00726641
709.27 0.00811924 1 0.0134887 -0.00536941
709.71 0.00719004 1 0.0127124 -0.0055224
710.15 0.00726081 1 0.0119833 -0.00472246
710.6 0.00433314 1 0.0112833 -0.00695015
711.04 0.00540381 1 0.0106409 -0.00523711
711.48 0.00447445 1 0.0100376 -0.00556318
711.92 -0.000454951 1 0.00947105 -0.009926
712.37 0.00361721 1 0.00892721 -0.00531
712.81 0.00268772 1 0.00842813 -0.00574041
713.25 -0.000241811 1 0.00795932 -0.00820113
713.69 0.00282862 1 0.00751891 -0.00469029
714.13 0.000899004 1 0.00710509 -0.00620609
714.58 0.00297095 1 0.00670764 -0.00373669
715.02 4.12463e-05 1 0.0063426 -0.00630135
715.46 -0.0018885 1 0.00599937 -0.00788787
715.9 0.00118172 1 0.00567657 -0.00449485
716.35 0.000253488 1 0.0053662 -0.00511271
716.79 -0.000676382 1 0.00508079 -0.00575717
717.23 -0.00260629 1 0.0048121 -0.00741839
717.67 0.00046375 1 0.00455904 -0.00409529
718.11 -0.00446625 1 0.00432062 -0.00878687
718.56 -0.0013947 1 0.00409094 -0.00548564
719 -0.00432479 1 0.0038793 -0.00820409
719.44 -0.00225492 1 0.00367965 -0.00593457
719.88 -0.000185087 1 0.00349122 -0.00367631
720.32 -0.0031153 1 0.00331329 -0.00642859
720.76 -0.00504556 1 0.0031452 -0.00819076
721.21 -0.00297428 1 0.00298283 -0.00595711
721.65 -0.00390463 1 0.0028328 -0.00673743
722.09 -0.00183502 1 0.00269087 -0.00452589
722.53 -0.00276545 1 0.00255654 -0.00532199
722.97 -0.00269593 1 0.00242935 -0.00512528
723.41 -0.00362645 1 0.00230886 -0.00593531
723.86 -0.00155544 1 0.00219214 -0.00374758
724.3 -0.00248605 1 0.00208401 -0.00457006
724.74 -0.00341671 1 0.00198144 -0.00539814
725.18 -0.0043474 1 0.00188411 -0.00623152
725.62 -0.00327815 1 0.00179173 -0.00506988
726.06 -0.00320894 1 0.001704 -0.00491293
726.5 -0.00113977 1 0.00162066 -0.00276043
726.95 0.000930923 1 0.00153972 -0.000608799
727.39 0 1 0.00146454 -0.00146454
727.83 -0.00193097 1 0.00139306 -0.00332403
728.27 -0.000861981 1 0.00132507 -0.00218705
728.71 -0.00179304 1 0.0012604 -0.00305344
729.15 0.00127586 1 0.00119887 7.69917e-05
729.59 0.000344718 1 0.00114031 -0.000795592
730.03 0.00041353 1 0.00108457 -0.000671039
730.48 -0.000516138 1 0.00103033 -0.00154647
730.92 -0.00144741 1 0.000979857 -0.00242727
731.36 0.000621271 1 0.000931796 -0.000310525
731.8 -0.00131009 1 0.000886024 -0.00219611
732.24 -0.00124149 1 0.000842428 -0.00208392
732.68 -0.000172931 1 0.000800903 -0.000973834
733.12 0.000895586 1 0.000761348 0.000134237
733.56 -3.59387e-05 1 0.000723668 -0.000759607
734 0.0020325 1 0.000687774 0.00134472
734.44 0.00110089 1 0.00065358 0.000447311
734.89 0.0011708 1 0.000620285 0.000550513
735.33 0.00123911 1 0.000589291 0.000649822
735.77 -0.000692612 1 0.000559768 -0.00125238
736.21 0.00137562 1 0.000531648 0.000843975
736.65 -0.00055618 1 0.000504865 -0.00106105
737.09 -0.000488022 1 0.000479358 -0.00096738
737.53 0.0015801 1 0.000455068 0.00112503
737.97 0.00164818 1 0.00043194 0.00121624
738.41 0.00171622 1 0.000409919 0.00130631
738.85 0.00278423 1 0.000388956 0.00239528
739.29 0.0018522 1 0.000369002 0.0014832
739.73 0.00392014 1 0.000350011 0.00357012
740.17 0.00398803 1 0.000331939 0.00365609
740.61 0.00405589 1 0.000314743 0.00374115
741.05 0.00212372 1 0.000298385 0.00182533
741.49 0.00219151 1 0.000282824 0.00190868
741.93 0.00325926 1 0.000268026 0.00299124
742.37 0.00432698 1 0.000253954 0.00407303
742.81 0.00139467 1 0.000240576 0.00115409
743.26 0.000463854 1 0.000227578 0.000236276
743.7 0.00053147 1 0.000215506 0.000315964
744.14 -0.000400948 1 0.000204035 -0.000604984
744.58 0.0036666 1 0.000193137 0.00347346
745.02 0.000734116 1 0.000182786 0.000551329
745.46 0.0028016 1 0.000172956 0.00262864
745.9 0.00386905 1 0.000163622 0.00370543
746.34 0.00393647 1 0.000154761 0.0037817
746.78 0.00300385 1 0.000146351 0.0028575
747.22 0.00407121 1 0.000138371 0.00393284
747.66 0.00213853 1 0.000130799 0.00200773
748.1 0.00520582 1 0.000123618 0.0050822
748.54 0.00427308 1 0.000116807 0.00415628
748.98 0.00334031 1 0.000110349 0.00322996
749.42 0.00340751 1 0.000104227 0.00330329
749.86 0.00647468 1 9.84246e-05 0.00637626
750.29 0.000540301 1 9.30483e-05 0.000447252
750.73 -0.000392587 1 8.78333e-05 -0.00048042
751.17 0.0026745 1 8.28937e-05 0.0025916
751.61 0.000741552 1 7.8216e-05 0.000663336
752.05 0.00380858 1 7.37873e-05 0.00373479
752.49 0.00587558 1 6.95951e-05 0.00580598
752.93 0.000942549 1 6.56278e-05 0.000876922
753.37 0.00300949 1 6.1874e-05 0.00294762
753.81 0.00307641 1 5.83229e-05 0.00301809
754.25 0.0021433 1 5.49645e-05 0.00208833
754.69 0.00521016 1 5.17889e-05 0.00515837
755.13 0.003277 1 4.87867e-05 0.00322821
755.57 0.00434381 1 4.59492e-05 0.00429786
756.01 0.0034106 1 4.32679e-05 0.00336733
756.45 0.00147736 1 4.07346e-05 0.00143662
756.89 0.000544091 1 3.83419e-05 0.000505749
757.33 0.0066108 1 3.60823e-05 0.00657472
757.77 0.00267749 1 3.39489e-05 0.00264354
758.21 0.00374415 1 3.19351e-05 0.00371221
758.64 0.00280927 1 3.00765e-05 0.0027792
759.08 0.000875887 1 2.8281e-05 0.000847606
759.52 0.00294248 1 2.65871e-05 0.00291589
759.96 0.00300905 1 2.49896e-05 0.00298406
760.4 0.00507559 1 2.34833e-05 0.00505211
760.84 0.00314212 1 2.20632e-05 0.00312005
761.28 0.00320862 1 2.07247e-05 0.00318789
761.72 0.0012751 1 1.94635e-05 0.00125563
762.16 0.00634156 1 1.82752e-05 0.00632328
762.6 0.00440799 1 1.7156e-05 0.00439084
763.03 0.0014729 1 1.61253e-05 0.00145678
763.47 0.0025393 1 1.51316e-05 0.00252417
763.91 0.00460567 1 1.41962e-05 0.00459148
764.35 0.00167203 1 1.33159e-05 0.00165871
764.79 0.00273837 1 1.24876e-05 0.00272588
765.23 0.00680468 1 1.17084e-05 0.00679297
765.67 0.00187098 1 1.09756e-05 0.00186
766.11 0.00193726 1 1.02866e-05 0.00192697
766.54 0.00800201 1 9.65311e-06 0.00799236
766.98 0.00406826 1 9.04341e-06 0.00405921
767.42 0.00313448 1 8.47049e-06 0.00312601
767.86 0.00620069 1 7.93223e-06 0.00619276
768.3 0.00426688 1 7.42665e-06 0.00425945
768.74 0.00333305 1 6.95186e-06 0.0033261
769.17 0.00339771 1 6.51592e-06 0.00339119
769.61 0.00346385 1 6.09688e-06 0.00345775
770.05 0.00652997 1 5.70361e-06 0.00652427
770.49 0.00659608 1 5.33462e-06 0.00659075
770.93 0.00366217 1 4.98848e-06 0.00365718
771.37 0.00472825 1 4.66383e-06 0.00472359
771.8 0.00379281 1 4.36613e-06 0.00378845
772.24 0.000858862 1 4.08033e-06 0.000854782
772.68 0.0059249 1 3.81245e-06 0.00592108
773.12 0.00499092 1 3.56143e-06 0.00498736
773.56 0.00605692 1 3.32626e-06 0.0060536
774 0.00412292 1 3.10597e-06 0.00411981
774.43 0.0041874 1 2.90422e-06 0.00418449
774.87 0.00425337 1 2.71078e-06 0.00425066
775.31 0.00331932 1 2.52971e-06 0.00331679
775.75 0.00438527 1 2.36025e-06 0.00438291
776.19 0.0054512 1 2.20169e-06 0.005449
776.62 0.00451562 1 2.05662e-06 0.00451356
777.06 0.00358153 1 1.91767e-06 0.00357961
777.5 0.00564742 1 1.78775e-06 0.00564564
777.94 0.00271331 1 1.66629e-06 0.00271165
778.37 0.00477769 1 1.55525e-06 0.00477614
778.81 0.00484356 1 1.449e-06 0.00484211
779.25 0.00690941 1 1.34972e-06 0.00690806
779.69 0.00797526 1 1.25699e-06 0.007974
780.13 0.0080411 1 1.17039e-06 0.00803993
780.56 0.00810543 1 1.09131e-06 0.00810434
781 0.00717125 1 1.01571e-06 0.00717024
781.44 0.00423707 1 9.45157e-07 0.00423612
781.88 0.00330287 1 8.79322e-07 0.00330199
782.31 0.00536717 1 8.19253e-07 0.00536635
782.75 0.00443296 1 7.61878e-07 0.0044322
783.19 0.00349874 1 7.08376e-07 0.00349803
783.63 0.00156452 1 6.58496e-07 0.00156386
784.06 0.00462879 1 6.13022e-07 0.00462818
784.5 0.00769456 1 5.69625e-07 0.00769399
784.94 0.00876031 1 5.29191e-07 0.00875978
785.37 0.00582457 1 4.92353e-07 0.00582408
785.81 0.00889032 1 4.57218e-07 0.00888986
786.25 0.00495606 1 4.24503e-07 0.00495563
786.69 0.00602179 1 3.94048e-07 0.0060214
787.12 0.00508603 1 3.66325e-07 0.00508566
787.56 0.00215176 1 3.39906e-07 0.00215142
788 0.00721748 1 3.15327e-07 0.00721717
788.43 0.00428171 1 2.92967e-07 0.00428141
788.87 0.00234742 1 2.71672e-07 0.00234715
789.31 0.00741314 1 2.51874e-07 0.00741289
789.75 0.00647885 1 2.3347e-07 0.00647862
790.18 0.00654307 1 2.16741e-07 0.00654285
790.62 0.00760877 1 2.00823e-07 0.00760857
791.06 0.00467448 1 1.86035e-07 0.00467429
791.49 0.00673869 1 1.72602e-07 0.00673851
791.93 0.00880439 1 1.59828e-07 0.00880423
792.37 0.00787009 1 1.47969e-07 0.00786994
792.8 0.0029343 1 1.37202e-07 0.00293416
793.24 0 1 1.2697e-07 -1.2697e-07
793.68 0.0070657 1 1.17477e-07 0.00706558
794.11 0.00712991 1 1.08864e-07 0.0071298
794.55 0.00519561 1 1.00684e-07 0.00519551
794.99 0.00526131 1 9.30988e-08 0.00526122
795.42 0.00632552 1 8.62217e-08 0.00632544
795.86 0.00339123 1 7.9694e-08 0.00339115
796.3 0.00645693 1 7.36454e-08 0.00645686
796.73 0.00452115 1 6.81645e-08 0.00452108
797.17 0.00758686 1 6.29653e-08 0.0075868
797.61 0.00565258 1 5.81508e-08 0.00565252
798.04 0.0057168 1 5.37909e-08 0.00571675
798.48 0.00778252 1 4.96577e-08 0.00778247
798.91 0.00584675 1 4.59163e-08 0.0058467
799.35 0.00791248 1 4.2371e-08 0.00791243
799.79 0.00397821 1 3.90913e-08 0.00397817
800.22 0.00804245 1 3.61245e-08 0.00804241
800.66 0.00510819 1 3.33148e-08 0.00510816
801.1 0.00417394 1 3.07173e-08 0.00417391
