500.34 0.000884378 1 3.05575e-05 0.00085382
500.8 0.00204524 1 3.25613e-05 0.00201268
501.25 0.000202614 1 3.46409e-05 0.000167973
501.71 -0.000636514 1 3.68956e-05 -0.000673409
502.17 0.000524361 1 3.92879e-05 0.000485073
502.62 0.00268174 1 4.1769e-05 0.00263997
503.08 -0.000157381 1 4.4457e-05 -0.000201838
503.53 0 1 4.72433e-05 -4.72433e-05
503.99 -0.00283912 1 5.02607e-05 -0.00288938
504.44 0.00031826 1 5.33869e-05 0.000264873
504.9 -0.000520864 1 5.67707e-05 -0.000577634
505.36 0.000640011 1 6.03551e-05 0.000579656
505.81 -0.000202614 1 6.4066e-05 -0.00026668
506.27 0.00195825 1 6.80799e-05 0.00189017
506.72 0.00111562 1 7.22335e-05 0.00104339
507.18 0.000276482 1 7.6724e-05 0.000199758
507.63 0.00143384 1 8.13686e-05 0.00135247
508.09 -0.000405312 1 8.63875e-05 -0.0004917
508.54 -0.00124797 1 9.15762e-05 -0.00133954
509 -0.00208713 1 9.71802e-05 -0.00218431
509.45 7.01963e-05 1 0.000102971 -3.27749e-05
509.91 0.000231013 1 0.000109223 0.000121791
510.36 -0.00161167 1 0.000115679 -0.00172735
510.82 0.00154912 1 0.000122646 0.00142648
511.27 0.00170641 1 0.000129839 0.00157658
511.73 -0.00113281 1 0.000137595 -0.00127041
512.19 -0.00197205 1 0.000145782 -0.00211783
512.64 0.00118521 1 0.000154227 0.00103098
513.1 -0.000654057 1 0.000163329 -0.000817385
513.55 -0.00149683 1 0.000172713 -0.00166954
514.01 -0.00133612 1 0.000182822 -0.00151894
514.46 -0.00117892 1 0.00019324 -0.00137216
514.92 -0.00201825 1 0.000204457 -0.0022227
515.37 -0.00386108 1 0.000216011 -0.00407709
515.83 0.00129956 1 0.000228445 0.00107111
516.28 0.000456689 1 0.000241247 0.000215442
516.73 -0.0013862 1 0.00025471 -0.00164091
517.19 -0.00222561 1 0.000269188 -0.0024948
517.64 0.00193146 1 0.000284084 0.00164737
518.1 9.2001e-05 1 0.000300094 -0.000208093
518.55 -0.00375097 1 0.000316558 -0.00406753
519.01 -0.000590469 1 0.000334246 -0.000924715
519.46 -0.000433482 1 0.000352426 -0.000785908
519.92 -0.00227303 1 0.000371948 -0.00264498
520.37 0.00088391 1 0.000392004 0.000491906
520.83 0.00104431 1 0.000413529 0.000630784
521.28 0.000201203 1 0.000435632 -0.000234429
521.74 -0.000638447 1 0.000459343 -0.00109779
522.19 -0.000481609 1 0.000483678 -0.000965287
522.65 -0.00132131 1 0.000509771 -0.00183108
523.1 -0.00116453 1 0.000536539 -0.00170107
523.55 -0.00100778 1 0.000564586 -0.00157236
524.01 -0.000847567 1 0.000594638 -0.00144221
524.46 -0.00169087 1 0.000625443 -0.00231631
524.92 0.000469275 1 0.000658433 -0.000189158
525.37 -0.00137409 1 0.000692234 -0.00206632
525.83 -0.000214008 1 0.000728414 -0.000942422
526.28 -0.00105744 1 0.000765465 -0.0018229
526.73 -0.000900901 1 0.000804223 -0.00170512
527.19 0.000259081 1 0.000845678 -0.000586598
527.64 0.00141555 1 0.000888101 0.000527449
528.1 -0.00042454 1 0.000933453 -0.00135799
528.55 -0.00126814 1 0.00097984 -0.00224798
529.01 0.00189169 1 0.00102941 0.000862287
529.46 4.8019e-05 1 0.00108008 -0.00103206
529.91 0.00120431 1 0.001133 7.13096e-05
530.37 0.000364027 1 0.0011895 -0.000825471
530.82 -0.00147976 1 0.00124722 -0.00272698
531.28 0.000679878 1 0.00130882 -0.00062894
531.73 0.000836008 1 0.00137171 -0.000535707
532.18 0.0019921 1 0.00143732 0.000554781
532.64 0.00215161 1 0.00150727 0.000644338
533.09 0.00230762 1 0.00157865 0.000728964
533.54 0.00046358 1 0.00165305 -0.00118947
534 -0.00137704 1 0.00173232 -0.00310936
534.45 0.00177884 1 0.00181315 -3.43085e-05
534.91 0.00193813 1 0.00189923 3.88985e-05
535.36 0.00109391 1 0.00198695 -0.000893041
535.81 0.000249652 1 0.00207827 -0.00182862
536.27 0.0034088 1 0.00217546 0.00123335
536.72 0.00256445 1 0.00227442 0.000290026
537.17 0.00172004 1 0.00237736 -0.000657316
537.63 0.00387904 1 0.00248683 0.00139221
538.08 0.00403454 1 0.00259822 0.00143632
538.54 0.00419344 1 0.00271663 0.00147682
538.99 0.00434884 1 0.00283704 0.0015118
539.44 0.00650418 1 0.00296214 0.00354205
539.9 0.00466293 1 0.00309501 0.00156792
540.35 0.00681817 1 0.00323004 0.00358813
540.8 0.00597335 1 0.00337021 0.00260314
541.26 0.00513193 1 0.00351899 0.00161295
541.71 0.00328701 1 0.00367006 -0.000383049
542.16 0.00544203 1 0.00382677 0.00161526
542.62 0.00860044 1 0.00399297 0.00460747
543.07 0.00575535 1 0.00416161 0.00159374
543.52 0.0059102 1 0.00433641 0.00157379
543.98 0.00506844 1 0.00452166 0.000546777
544.43 0.00722317 1 0.00470948 0.00251369
544.88 0.00937785 1 0.00490402 0.00447383
545.34 0.0095359 1 0.00511002 0.00442588
545.79 0.00769046 1 0.00531873 0.00237173
546.24 0.00984495 1 0.00553473 0.00431022
546.69 0.00899938 1 0.00575824 0.00324114
547.15 0.0101572 1 0.00599467 0.00416251
547.6 0.00931149 1 0.00623397 0.00307752
548.05 0.0124657 1 0.00648138 0.00598435
548.51 0.00962334 1 0.0067429 0.00288044
548.96 0.00977745 1 0.00700738 0.00277007
549.41 0.0119315 1 0.00728062 0.00465088
549.86 0.0110855 1 0.00756284 0.00352264
550.32 0.0122428 1 0.00786085 0.00438196
550.77 0.0143967 1 0.00816191 0.00623474
551.22 0.0135504 1 0.00847264 0.0050778
551.68 0.0137076 1 0.00880049 0.00490708
552.13 0.0148612 1 0.00913144 0.00572976
552.58 0.0170148 1 0.00947274 0.00754203
553.03 0.0131683 1 0.00982463 0.00334364
553.49 0.0153251 1 0.0101955 0.00512958
553.94 0.0164785 1 0.0105695 0.00590892
554.39 0.0186317 1 0.0109548 0.0076769
554.84 0.0157849 1 0.0113517 0.00443326
555.3 0.0179415 1 0.0117695 0.00617195
555.75 0.0180945 1 0.0121904 0.0059041
556.2 0.0152475 1 0.0126236 0.00262391
556.65 0.0214004 1 0.0130693 0.00833115
557.11 0.0185566 1 0.013538 0.00501862
557.56 0.0227094 1 0.0140097 0.00869968
558.01 0.0198621 1 0.0144946 0.00536743
558.46 0.0210147 1 0.014993 0.00602163
558.92 0.0241706 1 0.0155167 0.0086539
559.37 0.023323 1 0.016043 0.00727997
559.82 0.0224754 1 0.0165836 0.00589177
560.27 0.0236276 1 0.0171386 0.00648907
560.72 0.0227798 1 0.0177082 0.00507162
561.18 0.0259353 1 0.0183059 0.00762943
561.63 0.0250873 1 0.0189059 0.00618147
562.08 0.0242393 1 0.0195212 0.00471809
562.53 0.0273911 1 0.0201521 0.00723904
562.99 0.0275463 1 0.0208133 0.00673294
563.44 0.027698 1 0.0214764 0.00622157
563.89 0.0288496 1 0.0221557 0.00669388
564.34 0.0300011 1 0.0228514 0.00714968
564.79 0.0281525 1 0.0235637 0.00458875
565.25 0.0323072 1 0.0243093 0.00799786
565.7 0.0334584 1 0.0250559 0.0084025
566.15 0.0336096 1 0.0258197 0.00778983
566.6 0.0327606 1 0.026601 0.00615967
567.05 0.0359116 1 0.0273998 0.00851184
567.5 0.0370625 1 0.0282163 0.00884617
567.96 0.0352166 1 0.0290695 0.00614709
568.41 0.0353673 1 0.0299225 0.00544485
568.86 0.0395179 1 0.0307936 0.0087243
569.31 0.0376684 1 0.0316832 0.00598529
569.76 0.0378189 1 0.0325912 0.0052277
570.21 0.0379692 1 0.0335178 0.0044514
570.67 0.0391227 1 0.0344843 0.00463839
571.12 0.0392729 1 0.0354489 0.00382392
571.57 0.0404229 1 0.0364325 0.00399043
572.02 0.0415728 1 0.037435 0.00413782
572.47 0.0407226 1 0.0384566 0.00226603
572.92 0.0408724 1 0.0394974 0.001375
573.37 0.042022 1 0.0405573 0.00146466
573.83 0.0451748 1 0.0416607 0.0035141
574.28 0.0433243 1 0.0427597 0.000564622
574.73 0.0434736 1 0.0438778 -0.000404246
575.18 0.0476228 1 0.0450153 0.00260749
575.63 0.0477719 1 0.0461721 0.00159985
576.08 0.050921 1 0.0473481 0.00357284
576.53 0.0500699 1 0.0485433 0.00152651
576.98 0.0502187 1 0.0497578 0.000460903
577.44 0.0513707 1 0.0510189 0.000351754
577.89 0.0535193 1 0.0522719 0.00124737
578.34 0.0546677 1 0.0535438 0.00112394
578.79 0.0548161 1 0.0548345 -1.84162e-05
579.24 0.0549644 1 0.056144 -0.00117959
579.69 0.0571125 1 0.057472 -0.000359432
580.14 0.0592606 1 0.0588184 0.000442205
580.59 0.0574085 1 0.060183 -0.00277451
581.04 0.0595564 1 0.0615657 -0.00200938
581.49 0.0607041 1 0.0629663 -0.00226221
581.95 0.058855 1 0.0644162 -0.00556122
582.4 0.0620024 1 0.0658521 -0.00384968
582.85 0.0651498 1 0.0673052 -0.00215539
583.3 0.0652971 1 0.0687751 -0.00347807
583.75 0.0684442 1 0.0702617 -0.00181743
584.2 0.0695913 1 0.0717644 -0.00217318
584.65 0.0707382 1 0.0732832 -0.00254498
585.1 0.071885 1 0.0748175 -0.0029325
585.55 0.0750316 1 0.076367 -0.00133539
586 0.0741782 1 0.0779315 -0.00375325
586.45 0.0763247 1 0.0795104 -0.00318571
586.9 0.078471 1 0.0811033 -0.00263235
587.35 0.0786172 1 0.0827099 -0.00409274
587.8 0.0807633 1 0.0843297 -0.00356644
588.25 0.0819092 1 0.0859622 -0.00405298
588.71 0.0830583 1 0.0876436 -0.00458532
589.16 0.088204 1 0.0893004 -0.00109635
589.61 0.0873496 1 0.0909683 -0.0036187
590.06 0.0904951 1 0.0926469 -0.00215186
590.51 0.0936404 1 0.0943357 -0.000695277
590.96 0.0907856 1 0.096034 -0.00524838
591.41 0.0959307 1 0.0977413 -0.00181058
591.86 0.0970757 1 0.099457 -0.00238129
592.31 0.0982205 1 0.10118 -0.00295988
592.76 0.0973652 1 0.102911 -0.00554573
593.21 0.10151 1 0.104648 -0.0031382
593.66 0.103654 1 0.106391 -0.00273661
594.11 0.104799 1 0.108139 -0.0033403
594.56 0.107943 1 0.109891 -0.00194858
595.01 0.110087 1 0.111648 -0.00156074
595.46 0.111231 1 0.113407 -0.00217606
595.91 0.112375 1 0.115168 -0.00279382
596.36 0.113518 1 0.116932 -0.00341328
596.81 0.116662 1 0.118695 -0.00203368
597.26 0.119805 1 0.120459 -0.000654267
597.71 0.122948 1 0.122223 0.000725745
598.16 0.123092 1 0.123984 -0.000892868
598.61 0.124235 1 0.125744 -0.00150931
599.06 0.126377 1 0.1275 -0.00112279
599.51 0.12752 1 0.129253 -0.00173249
599.96 0.130663 1 0.131 -0.000337602
600.41 0.130805 1 0.132742 -0.00193731
600.86 0.133947 1 0.134478 -0.000530784
601.31 0.13609 1 0.136207 -0.000117204
601.76 0.138232 1 0.137927 0.000304263
602.21 0.139373 1 0.139639 -0.000265554
602.65 0.142512 1 0.141303 0.00120874
603.1 0.145654 1 0.142995 0.00265861
603.55 0.148795 1 0.144675 0.00411966
604 0.146936 1 0.146344 0.00059272
604.45 0.150078 1 0.147999 0.00207861
604.9 0.151219 1 0.14964 0.00157814
605.35 0.153359 1 0.151267 0.00209211
605.8 0.1535 1 0.152879 0.000621326
606.25 0.157641 1 0.154474 0.00316656
606.7 0.158781 1 0.156053 0.00272859
607.15 0.159921 1 0.157613 0.00230817
607.6 0.161062 1 0.159156 0.00190604
608.05 0.163202 1 0.160679 0.00252291
608.5 0.162341 1 0.162182 0.0001595
608.95 0.164481 1 0.163665 0.00081647
609.39 0.168618 1 0.165094 0.00352362
609.84 0.169757 1 0.166534 0.0032228
610.29 0.171896 1 0.167952 0.00394423
610.74 0.170035 1 0.169347 0.000688457
611.19 0.173174 1 0.170718 0.00245602
611.64 0.174313 1 0.172066 0.0022474
612.09 0.169452 1 0.173388 -0.00393695
612.54 0.17659 1 0.174687 0.00190338
612.99 0.174728 1 0.17596 -0.00123125
613.44 0.176866 1 0.177207 -0.000340549
613.88 0.179001 1 0.178402 0.000599559
614.33 0.177139 1 0.179598 -0.00245891
614.78 0.180277 1 0.180768 -0.000491449
615.23 0.179414 1 0.181912 -0.00249797
615.68 0.180552 1 0.18303 -0.00247847
616.13 0.183689 1 0.184122 -0.000432994
616.58 0.182826 1 0.185188 -0.00236169
617.03 0.180963 1 0.186227 -0.00526475
617.47 0.185096 1 0.18722 -0.00212325
617.92 0.186233 1 0.188209 -0.00197658
618.37 0.183369 1 0.189175 -0.0058054
618.82 0.184505 1 0.190116 -0.00561026
619.27 0.186642 1 0.191033 -0.00439183
619.72 0.188777 1 0.191928 -0.00315085
620.17 0.185913 1 0.192801 -0.00688816
620.61 0.189046 1 0.193635 -0.00458904
621.06 0.188181 1 0.194467 -0.00628638
621.51 0.190316 1 0.195281 -0.0049652
621.96 0.190451 1 0.196078 -0.00562681
622.41 0.191586 1 0.196859 -0.00527261
622.86 0.190721 1 0.197625 -0.00690414
623.3 0.189852 1 0.198362 -0.00850943
623.75 0.194987 1 0.199104 -0.00411773
624.2 0.194121 1 0.199838 -0.00571707
624.65 0.193255 1 0.200564 -0.00730948
625.1 0.194389 1 0.201286 -0.00689711
625.54 0.193519 1 0.201989 -0.00846926
625.99 0.195653 1 0.202707 -0.0070543
626.44 0.198786 1 0.203428 -0.00464176
626.89 0.195919 1 0.204154 -0.00823429
627.34 0.200052 1 0.204887 -0.00483468
627.78 0.200182 1 0.205614 -0.00543211
628.23 0.202315 1 0.206371 -0.00405669
628.68 0.203447 1 0.207145 -0.00369812
629.13 0.203579 1 0.207939 -0.00435962
629.58 0.202711 1 0.208756 -0.00604453
630.02 0.20784 1 0.20958 -0.00174012
630.47 0.206972 1 0.210453 -0.00348148
630.92 0.212104 1 0.21136 0.000743336
631.37 0.212235 1 0.212304 -6.93339e-05
631.81 0.211363 1 0.213267 -0.00190374
632.26 0.215494 1 0.214296 0.00119853
632.71 0.216625 1 0.215373 0.00125218
633.16 0.217755 1 0.216502 0.00125344
633.61 0.219886 1 0.217687 0.00219851
634.05 0.223013 1 0.218904 0.00410907
634.5 0.224143 1 0.220211 0.00393194
634.95 0.224273 1 0.221586 0.0026875
635.4 0.226403 1 0.223031 0.00337213
635.84 0.228529 1 0.224515 0.00401401
636.29 0.231659 1 0.226111 0.00554802
636.74 0.233788 1 0.227787 0.00600091
637.18 0.237914 1 0.229507 0.00840668
637.63 0.236042 1 0.231352 0.00468996
638.08 0.240171 1 0.233288 0.00688321
638.53 0.244299 1 0.235315 0.00898386
638.97 0.246425 1 0.23739 0.00903492
639.42 0.251553 1 0.239607 0.0119457
639.87 0.25268 1 0.241923 0.0107578
640.32 0.252808 1 0.244338 0.00846948
640.76 0.256932 1 0.246798 0.0101339
641.21 0.26006 1 0.249415 0.0106441
641.66 0.259186 1 0.252135 0.00705153
642.1 0.26631 1 0.254893 0.0114171
642.55 0.269437 1 0.257815 0.0116215
643 0.272563 1 0.260839 0.0117241
643.44 0.274687 1 0.263893 0.0107939
643.89 0.279813 1 0.267113 0.0126993
644.34 0.282938 1 0.27043 0.012508
644.79 0.286064 1 0.273842 0.0122225
645.23 0.285187 1 0.277265 0.00792201
645.68 0.293312 1 0.280852 0.0124601
646.13 0.293437 1 0.284522 0.00891482
646.57 0.299559 1 0.288186 0.0113723
647.02 0.302683 1 0.292007 0.0106766
647.47 0.304808 1 0.295895 0.00891298
647.91 0.306929 1 0.299756 0.0071734
648.36 0.311053 1 0.303758 0.00729445
648.81 0.316177 1 0.307809 0.0083677
649.25 0.318297 1 0.311808 0.00648941
649.7 0.320421 1 0.315929 0.00449133
650.15 0.322544 1 0.320074 0.00246988
650.59 0.326664 1 0.32414 0.00252391
651.04 0.329787 1 0.328303 0.00148343
651.48 0.329906 1 0.332369 -0.00246255
651.93 0.336029 1 0.336512 -0.000483303
652.38 0.339151 1 0.340629 -0.00147843
652.82 0.34127 1 0.344619 -0.00334954
653.27 0.345391 1 0.348653 -0.0032616
653.72 0.346513 1 0.352628 -0.00611478
654.16 0.349631 1 0.356446 -0.00681428
654.61 0.354752 1 0.360269 -0.00551673
655.06 0.357873 1 0.363999 -0.00612539
655.5 0.358991 1 0.367543 -0.00855174
655.95 0.361111 1 0.371051 -0.00993984
656.39 0.362229 1 0.374357 -0.0121278
656.84 0.368349 1 0.377598 -0.00924898
657.29 0.367468 1 0.380686 -0.0132178
657.73 0.368585 1 0.383547 -0.0149623
658.18 0.375704 1 0.386301 -0.0105962
658.62 0.377821 1 0.388813 -0.0109921
659.07 0.37794 1 0.391188 -0.0132485
659.52 0.376058 1 0.393357 -0.0172985
659.96 0.385174 1 0.395268 -0.0100942
660.41 0.380292 1 0.397 -0.0167078
660.85 0.384407 1 0.398467 -0.0140594
661.3 0.385525 1 0.399727 -0.0142022
661.74 0.38764 1 0.400718 -0.0130783
662.19 0.388757 1 0.401478 -0.0127206
662.64 0.389874 1 0.401974 -0.0121
663.08 0.392988 1 0.4022 -0.00921142
663.53 0.396105 1 0.40216 -0.0060551
663.97 0.390218 1 0.401853 -0.0116341
664.42 0.392335 1 0.40126 -0.0089259
664.86 0.391448 1 0.400407 -0.00895963
665.31 0.394563 1 0.399253 -0.00468961
665.75 0.391676 1 0.397848 -0.00617141
666.2 0.394792 1 0.396127 -0.00133593
666.65 0.397906 1 0.394122 0.00378479
667.09 0.392019 1 0.391886 0.000132661
667.54 0.388133 1 0.389321 -0.00118793
667.98 0.389245 1 0.386544 0.00270088
668.43 0.389359 1 0.383432 0.00592646
668.87 0.38547 1 0.380129 0.00534088
669.32 0.384584 1 0.37649 0.0080939
669.76 0.380694 1 0.372682 0.00801271
670.21 0.379807 1 0.368539 0.0112686
670.65 0.374918 1 0.364253 0.010665
671.1 0.37103 1 0.359637 0.0113936
671.54 0.36714 1 0.354904 0.0122357
671.99 0.363252 1 0.34985 0.0134021
672.43 0.357362 1 0.344708 0.0126535
672.88 0.351473 1 0.339255 0.0122184
673.32 0.346582 1 0.333743 0.0128388
673.77 0.343693 1 0.327934 0.0157591
674.21 0.335802 1 0.322097 0.013705
674.66 0.331912 1 0.315978 0.0159348
675.1 0.32402 1 0.30986 0.0141601
675.55 0.316131 1 0.303479 0.0126514
675.99 0.311238 1 0.29713 0.0141083
676.44 0.303348 1 0.290536 0.0128116
676.88 0.295455 1 0.284003 0.0114513
677.33 0.285564 1 0.277247 0.00831654
677.77 0.27867 1 0.27058 0.00809003
678.22 0.272779 1 0.263712 0.0090672
678.66 0.263885 1 0.256959 0.00692598
679.11 0.256993 1 0.250027 0.00696595
679.55 0.248099 1 0.243236 0.00486264
679.99 0.241204 1 0.236443 0.00476111
680.44 0.235312 1 0.229505 0.00580686
680.88 0.226417 1 0.222741 0.00367599
681.33 0.218523 1 0.215853 0.00266997
681.77 0.210628 1 0.20916 0.0014679
682.22 0.202734 1 0.202365 0.000368805
682.66 0.194838 1 0.195781 -0.000943261
683.11 0.186944 1 0.189117 -0.00217338
683.55 0.179047 1 0.182678 -0.0036308
683.99 0.17515 1 0.176322 -0.00117202
684.44 0.168256 1 0.169916 -0.00166068
684.88 0.157358 1 0.163751 -0.00639311
685.33 0.152463 1 0.157554 -0.00509101
685.77 0.145565 1 0.151605 -0.0060404
686.21 0.139667 1 0.145772 -0.00610533
686.66 0.13377 1 0.13993 -0.00615987
687.1 0.123872 1 0.134344 -0.0104727
687.55 0.119975 1 0.128764 -0.00878928
687.99 0.115076 1 0.123442 -0.00836566
688.44 0.108179 1 0.118137 -0.0099583
688.88 0.104279 1 0.113089 -0.00881
689.32 0.0983791 1 0.10818 -0.00980098
689.77 0.0944811 1 0.103305 -0.00882379
690.21 0.0895806 1 0.0986813 -0.00910075
690.65 0.0836799 1 0.0942002 -0.0105203
691.1 0.0787811 1 0.0897647 -0.0109836
691.54 0.0758798 1 0.0855721 -0.00969225
691.99 0.0709805 1 0.0814312 -0.0104506
692.43 0.0650787 1 0.0775253 -0.0124466
692.87 0.0641767 1 0.0737597 -0.00958304
693.32 0.0602766 1 0.0700523 -0.0097757
693.76 0.055374 1 0.0665661 -0.0111921
694.2 0.0544712 1 0.0632152 -0.00874406
694.65 0.0495702 1 0.059926 -0.0103558
695.09 0.0476669 1 0.0568422 -0.00917538
695.53 0.0467632 1 0.0538868 -0.00712357
695.98 0.0438615 1 0.0509941 -0.00713258
696.42 0.0409573 1 0.0482898 -0.00733243
696.86 0.0360529 1 0.0457051 -0.00965224
697.31 0.0371504 1 0.0431823 -0.00603199
697.75 0.0342454 1 0.0408302 -0.00658485
698.19 0.0293401 1 0.0385881 -0.00924801
698.64 0.0304368 1 0.0364054 -0.00596865
699.08 0.028531 1 0.0343756 -0.00584462
699.52 0.0246249 1 0.0324455 -0.00782062
699.97 0.0247207 1 0.0305712 -0.00585051
700.41 0.0218141 1 0.0288324 -0.00701831
700.85 0.0209072 1 0.0271829 -0.00627571
701.3 0.0190022 1 0.0255848 -0.0065826
701.74 0.0180948 1 0.0241055 -0.00601077
702.18 0.0171871 1 0.0227053 -0.00551824
702.63 0.0152812 1 0.0213515 -0.00607036
703.07 0.0123729 1 0.0201011 -0.00772815
703.51 0.0164644 1 0.0189198 -0.00245536
703.96 0.0115577 1 0.0177799 -0.00622219
704.4 0.00964859 1 0.0167289 -0.00708032
704.84 0.0117392 1 0.0157378 -0.0039986
705.28 0.0088296 1 0.0148037 -0.00597414
705.73 0.00792173 1 0.0139044 -0.00598268
706.17 0.00801153 1 0.013077 -0.00506548
706.61 0.00610105 1 0.0122983 -0.00619728
707.06 0.00719232 1 0.0115497 -0.00435736
707.5 0.00828127 1 0.0108618 -0.00258055
707.94 0.00336995 1 0.0102153 -0.0068453
708.38 0.00345834 1 0.00960769 -0.00614935
708.83 0.00654845 1 0.00902441 -0.00247596
709.27 0.00263628 1 0.00848921 -0.00585294
709.71 0.00372382 1 0.00798673 -0.00426292
710.15 0.00381107 1 0.00751507 -0.003704
710.6 0.000900018 1 0.00706269 -0.00616267
711.04 0.0019867 1 0.00664793 -0.00466123
711.48 0.00207309 1 0.00625878 -0.00418569
711.92 -0.0018408 1 0.0058937 -0.0077345
712.37 0.00124697 1 0.00554368 -0.00429671
712.81 0.0013325 1 0.00522285 -0.00389035
713.25 0.00141774 1 0.00492188 -0.00350414
713.69 0.00150269 1 0.00463951 -0.00313682
714.13 0.00158735 1 0.00437458 -0.00278723
714.58 0.000673637 1 0.0041205 -0.00344687
715.02 -0.000242288 1 0.00388752 -0.00412981
715.46 -0.0041585 1 0.00366883 -0.00782733
715.9 0.000924988 1 0.0034635 -0.00253851
716.35 -0.00198992 1 0.00326643 -0.00525636
716.79 -0.000907025 1 0.00308556 -0.00399259
717.23 -0.000824418 1 0.00291561 -0.00374003
717.67 -0.000742105 1 0.00275587 -0.00349797
718.11 0.00133991 1 0.00260567 -0.00126576
718.56 -0.000576511 1 0.00246128 -0.0030378
719 -0.00249509 1 0.00232854 -0.00482363
719.44 -0.00241397 1 0.00220359 -0.00461756
719.88 -0.00133314 1 0.00208592 -0.00341906
720.32 -0.00325261 1 0.00197507 -0.00522768
720.76 -0.00117238 1 0.0018706 -0.00304298
721.21 -0.00409064 1 0.00176992 -0.00586056
721.65 -0.00501101 1 0.00167712 -0.00668813
722.09 -0.00093169 1 0.00158954 -0.00252123
722.53 -0.000852666 1 0.00150685 -0.00235952
722.97 -0.000773944 1 0.00142875 -0.0022027
723.41 -0.00269552 1 0.00135495 -0.00405047
723.86 0.000384366 1 0.00128364 -0.000899274
724.3 -0.000537827 1 0.00121774 -0.00175556
724.74 -0.00146032 1 0.00115538 -0.0026157
725.18 -0.000383124 1 0.00109636 -0.00147948
725.62 -0.00330623 1 0.00104047 -0.0043467
726.06 -0.00422964 1 0.000987525 -0.00521717
726.5 -0.00315336 1 0.000937356 -0.00409072
726.95 -0.00107566 1 0.000888748 -0.00196441
727.39 0 1 0.000843708 -0.000843708
727.83 7.53531e-05 1 0.000800985 -0.000725632
728.27 -0.0008496 1 0.000760449 -0.00161005
728.71 -0.00277486 1 0.000721978 -0.00349683
729.15 -0.000700415 1 0.000685457 -0.00138587
729.59 0.000373726 1 0.000650779 -0.000277053
730.03 0.000447569 1 0.000617844 -0.000170275
730.48 0.000522785 1 0.000585867 -6.3082e-05
730.92 -0.00140397 1 0.000556179 -0.00196015
731.36 0.00166899 1 0.000527969 0.00114102
731.8 0.000741655 1 0.000501159 0.000240496
732.24 -0.00318597 1 0.000475677 -0.00366164
732.68 0.00188613 1 0.000451456 0.00143467
733.12 0.00295794 1 0.00042843 0.00252951
733.56 0.00102947 1 0.000406541 0.000622925
734 0.00310072 1 0.000385729 0.00271499
734.44 0.00317169 1 0.000365943 0.00280574
734.89 0.00124399 1 0.000346714 0.000897274
735.33 0.00331441 1 0.000328849 0.00298556
735.77 0.00138455 1 0.000311863 0.00107269
736.21 0.00345443 1 0.000295715 0.00315872
736.65 0.00152404 1 0.000280363 0.00124368
737.09 0.000593389 1 0.000265769 0.000327621
737.53 0.00466247 1 0.000251896 0.00441058
737.97 0.0027313 1 0.00023871 0.00249259
738.41 0.000799861 1 0.000226179 0.000573682
738.85 0.00286817 1 0.00021427 0.0026539
739.29 0.00193622 1 0.000202954 0.00173327
739.73 0.00300402 1 0.000192202 0.00281182
740.17 0.00607157 1 0.000181989 0.00588959
740.61 0.00313888 1 0.000172287 0.00296659
741.05 0.00320593 1 0.000163073 0.00304286
741.49 0.00727274 1 0.000154324 0.00711842
741.93 0.00233931 1 0.000146017 0.0021933
742.37 0.00440564 1 0.000138132 0.00426751
742.81 0.00247174 1 0.000130647 0.00234109
743.26 0.00253909 1 0.000123388 0.0024157
743.7 0.0046047 1 0.000116657 0.00448805
744.14 0.00467009 1 0.000110272 0.00455982
744.58 0.00273524 1 0.000104215 0.00263103
745.02 0.00180017 1 9.84724e-05 0.0017017
745.46 0.00286487 1 9.30274e-05 0.00277184
745.9 0.00092935 1 8.78659e-05 0.000841484
746.34 0.00499361 1 8.29742e-05 0.00491063
746.78 0.00205764 1 7.83389e-05 0.00197931
747.22 0.00212146 1 7.39476e-05 0.00204752
747.66 0.00418507 1 6.97883e-05 0.00411528
748.1 0.00124846 1 6.58494e-05 0.00118261
748.54 0.00631164 1 6.21202e-05 0.00624952
748.98 0.00237461 1 5.859e-05 0.00231602
749.42 0.00343738 1 5.52492e-05 0.00338213
749.86 0.00549993 1 5.2088e-05 0.00544785
750.29 0.00156088 1 4.91637e-05 0.00151171
750.73 0.00162303 1 4.63317e-05 0.0015767
751.17 0.001685 1 4.36538e-05 0.00164134
751.61 0.00474676 1 4.11221e-05 0.00470564
752.05 0.00180833 1 3.87292e-05 0.0017696
752.49 0.0038697 1 3.64679e-05 0.00383324
752.93 -0.00206911 1 3.43314e-05 -0.00210344
753.37 0.00199189 1 3.23134e-05 0.00195957
753.81 0.0010527 1 3.04076e-05 0.00102229
754.25 0.000113324 1 2.86082e-05 8.47153e-05
754.69 0.00517377 1 2.69096e-05 0.00514686
755.13 0.00223403 1 2.53066e-05 0.00220872
755.57 0.00129412 1 2.37941e-05 0.00127032
756.01 0.00135402 1 2.23672e-05 0.00133166
756.45 0.00341376 1 2.10215e-05 0.00339274
756.89 -0.000526679 1 1.97526e-05 -0.000546432
757.33 0.00453271 1 1.85564e-05 0.00451416
757.77 0.000591937 1 1.7429e-05 0.000574508
758.21 0.002651 1 1.63666e-05 0.00263463
758.64 0.00270855 1 1.53878e-05 0.00269317
759.08 -0.00223271 1 1.44438e-05 -0.00224715
759.52 0.00382587 1 1.35549e-05 0.00381231
759.96 0.00188428 1 1.27179e-05 0.00187157
760.4 -5.74531e-05 1 1.19302e-05 -6.93833e-05
760.84 0.00400066 1 1.11889e-05 0.00398947
761.28 0.00205861 1 1.04914e-05 0.00204812
761.72 0.000116422 1 9.83531e-06 0.000106586
762.16 0.00417408 1 9.21831e-06 0.00416486
762.6 0.0052316 1 8.6382e-06 0.00522296
763.03 0.00228767 1 8.10491e-06 0.00227956
763.47 0.0013449 1 7.59169e-06 0.00133731
763.91 -0.000598005 1 7.10947e-06 -0.000605114
764.35 -0.00154105 1 6.65648e-06 -0.0015477
764.79 0.000515774 1 6.23103e-06 0.000509543
765.23 0.00257246 1 5.83154e-06 0.00256663
765.67 0.00162902 1 5.45651e-06 0.00162356
766.11 0.00068545 1 5.10453e-06 0.000680345
766.54 0.00374047 1 4.78151e-06 0.00373569
766.98 0.00479665 1 4.47119e-06 0.00479218
767.42 0.00085271 1 4.18014e-06 0.00084853
767.86 0.00490865 1 3.9072e-06 0.00490474
768.3 0.00396446 1 3.65131e-06 0.00396081
768.74 0.00402016 1 3.41146e-06 0.00401675
769.17 0.00207449 1 3.19164e-06 0.0020713
769.61 0.00112996 1 2.98074e-06 0.00112698
770.05 0.00418533 1 2.78319e-06 0.00418255
770.49 0.00424059 1 2.59818e-06 0.00423799
770.93 0.00429574 1 2.42496e-06 0.00429331
771.37 0.00235078 1 2.2628e-06 0.00234852
771.8 0.00540448 1 2.11439e-06 0.00540237
772.24 0.00245933 1 1.97218e-06 0.00245735
772.68 0.00151407 1 1.83914e-06 0.00151223
773.12 0.00156872 1 1.71472e-06 0.00156701
773.56 0.00362328 1 1.59838e-06 0.00362168
774 0.00267775 1 1.48962e-06 0.00267626
774.43 0.00173089 1 1.39019e-06 0.0017295
774.87 -0.000214823 1 1.29506e-06 -0.000216119
775.31 0.00283938 1 1.20617e-06 0.00283817
775.75 0.0018935 1 1.12315e-06 0.00189238
776.19 0.00294754 1 1.04563e-06 0.00294649
776.62 0.00300027 1 9.74837e-07 0.00299929
777.06 0.00605415 1 9.07168e-07 0.00605324
777.5 0.000107956 1 8.44019e-07 0.000107112
777.94 0.000161689 1 7.851e-07 0.000160904
778.37 0.00521413 1 7.31346e-07 0.0052134
778.81 0.00426772 1 6.80008e-07 0.00426704
779.25 0.00332125 1 6.3214e-07 0.00332062
779.69 0.000374709 1 5.87518e-07 0.000374121
780.13 0.00742811 1 5.4593e-07 0.00742756
780.56 0.00248023 1 5.08029e-07 0.00247972
781 0.00353351 1 4.71871e-07 0.00353303
781.44 0.00758673 1 4.38193e-07 0.00758629
781.88 0.00263989 1 4.06833e-07 0.00263948
782.31 0.000691795 1 3.78278e-07 0.000691417
782.75 0.000744857 1 3.51059e-07 0.000744506
783.19 0.00179787 1 3.2573e-07 0.00179754
783.63 0.00185083 1 3.02165e-07 0.00185053
784.06 0.00290255 1 2.80725e-07 0.00290227
784.5 0.00195543 1 2.60307e-07 0.00195517
784.94 0.00300827 1 2.41323e-07 0.00300803
785.37 -0.00194013 1 2.24063e-07 -0.00194036
785.81 0.00511263 1 2.07635e-07 0.00511242
786.25 0.00316536 1 1.92371e-07 0.00316517
786.69 0.00121805 1 1.78192e-07 0.00121788
787.12 0.00126952 1 1.65311e-07 0.00126936
787.56 -0.00067784 1 1.53062e-07 -0.000677994
788 0.00437477 1 1.41691e-07 0.00437463
788.43 0.00142616 1 1.31368e-07 0.00142603
788.87 0.000478724 1 1.21558e-07 0.000478603
789.31 0.00153127 1 1.12456e-07 0.00153115
789.75 0.00258379 1 1.04014e-07 0.00258369
790.18 0.00263511 1 9.63568e-08 0.00263501
790.62 0.0016876 1 8.90861e-08 0.00168751
791.06 0.00374008 1 8.23467e-08 0.00374
791.49 -0.000208636 1 7.62377e-08 -0.000208712
791.93 0.00184383 1 7.04408e-08 0.00184376
792.37 0.000896286 1 6.50709e-08 0.000896221
792.8 0.00294755 1 6.02065e-08 0.00294749
793.24 0 1 5.55935e-08 -5.55935e-08
793.68 0.00305245 1 5.13232e-08 0.0030524
794.11 0.00210371 1 4.74573e-08 0.00210367
794.55 0.00615617 1 4.37936e-08 0.00615613
794.99 0.00120864 1 4.04043e-08 0.0012086
795.42 -0.00174008 1 3.73379e-08 -0.00174012
795.86 0.000312398 1 3.44337e-08 0.000312363
796.3 -0.00263511 1 3.17488e-08 -0.00263514
796.73 0.00341621 1 2.93212e-08 0.00341618
797.17 0.00846873 1 2.70236e-08 0.00846871
797.61 -0.000478724 1 2.49008e-08 -0.000478749
798.04 -0.000427355 1 2.29827e-08 -0.000427378
798.48 -0.00037477 1 2.11685e-08 -0.000374791
798.91 -0.000323356 1 1.95299e-08 -0.000323375
799.35 0.00372928 1 1.79807e-08 0.00372926
799.79 0.000781945 1 1.65509e-08 0.000781929
800.22 0.00483344 1 1.52604e-08 0.00483343
800.66 0.00288617 1 1.4041e-08 0.00288616
801.1 0.00193893 1 1.29164e-08 0.00193892
