500.34 0.000486165 1 1.39983e-05 0.000472166
500.8 0.000704449 1 1.49856e-05 0.000689463
501.25 0.000917993 1 1.60148e-05 0.000901978
501.71 0.00213629 1 1.71359e-05 0.00211915
502.17 -0.00164542 1 1.83308e-05 -0.00166375
502.62 0.00156814 1 1.95756e-05 0.00154856
503.08 -0.000213558 1 2.09304e-05 -0.000234488
503.53 0 1 2.23409e-05 -2.23409e-05
503.99 -0.0027817 1 2.38753e-05 -0.00280557
504.44 0.00043186 1 2.54721e-05 0.000406388
504.9 -0.000349839 1 2.7208e-05 -0.000377047
505.36 -0.000131541 1 2.90551e-05 -0.000160596
505.81 -0.00191799 1 3.09758e-05 -0.00194897
506.27 -0.000699703 1 3.30623e-05 -0.000732766
506.72 -0.000486165 1 3.5231e-05 -0.000521396
507.18 -0.000267887 1 3.75856e-05 -0.000305473
507.63 -0.00105436 1 4.00316e-05 -0.00109439
508.09 -0.0018361 1 4.2686e-05 -0.00187879
508.54 -0.00262259 1 4.5442e-05 -0.00266804
509 -0.00340435 1 4.84314e-05 -0.00345278
509.45 -0.000190865 1 5.15335e-05 -0.000242398
509.91 -0.00197265 1 5.48965e-05 -0.00202754
510.36 -0.00175918 1 5.83845e-05 -0.00181757
510.82 -0.00354099 1 6.21639e-05 -0.00360316
511.27 -0.000327559 1 6.60819e-05 -0.00039364
511.73 -0.0021094 1 7.03249e-05 -0.00217972
512.19 -0.00189125 1 7.48218e-05 -0.00196608
512.64 -0.000677869 1 7.94798e-05 -0.000757349
513.1 -0.00345976 1 8.45204e-05 -0.00354428
513.55 -0.00324641 1 8.97389e-05 -0.00333615
514.01 -0.00202835 1 9.53831e-05 -0.00212373
514.46 -0.00281504 1 0.000101224 -0.00291626
514.92 -0.00259702 1 0.000107537 -0.00270455
515.37 -0.00338375 1 0.000114067 -0.00349782
515.83 -0.00116578 1 0.000121122 -0.0012869
516.28 -0.00295256 1 0.000128414 -0.00308098
516.73 -0.00273937 1 0.000136113 -0.00287549
517.19 -0.00252148 1 0.000144425 -0.0026659
517.64 -0.00230834 1 0.000153011 -0.00246135
518.1 -9.04992e-05 1 0.000162275 -0.000252774
518.55 -0.00287742 1 0.000171838 -0.00304926
519.01 -0.00265964 1 0.000182152 -0.00284179
519.46 -0.00244662 1 0.000192794 -0.00263942
519.92 -0.00122891 1 0.000204265 -0.00143317
520.37 -0.00301595 1 0.000216095 -0.00323205
520.83 -0.0017983 1 0.00022884 -0.00202714
521.28 -0.00258542 1 0.000241976 -0.0028274
521.74 -0.00436784 1 0.000256121 -0.00462396
522.19 -0.00615503 1 0.000270693 -0.00642572
522.65 -0.00393753 1 0.000286375 -0.0042239
523.1 -0.00372479 1 0.000302522 -0.00402731
523.55 -0.00351209 1 0.000319504 -0.0038316
524.01 -0.00329471 1 0.000337765 -0.00363247
524.46 -0.00308209 1 0.000356553 -0.00343864
524.92 -0.00286479 1 0.000376746 -0.00324154
525.37 -0.00165226 1 0.00039751 -0.00204977
525.83 -0.00243505 1 0.000419816 -0.00285487
526.28 -0.00422261 1 0.000442741 -0.00466535
526.73 -0.00301021 1 0.000466806 -0.00347701
527.19 -0.00279313 1 0.000492638 -0.00328577
527.64 -0.00158083 1 0.000519165 -0.00209999
528.1 -0.00436385 1 0.000547623 -0.00491148
528.55 -0.00315165 1 0.000576833 -0.00372848
529.01 -0.00193477 1 0.000608153 -0.00254293
529.46 -0.00272266 1 0.000640283 -0.00336295
529.91 -0.00251061 1 0.000673949 -0.00318456
530.37 -0.00129389 1 0.000710019 -0.00200391
530.82 -0.00608194 1 0.000746993 -0.00682894
531.28 -0.00286534 1 0.000786584 -0.00365192
531.73 -0.000653498 1 0.000827145 -0.00148064
532.18 -0.00244171 1 0.000869591 -0.0033113
532.64 -0.00222528 1 0.000915006 -0.00314029
533.09 -0.00101361 1 0.000961497 -0.00197511
533.54 -0.001802 1 0.00101011 -0.00281211
534 -0.00258575 1 0.00106208 -0.00364783
534.45 -0.00137426 1 0.00111524 -0.0024895
534.91 0.000841867 1 0.00117204 -0.000330175
535.36 5.32327e-05 1 0.00123011 -0.00117688
535.81 -0.00173546 1 0.00129075 -0.00302622
536.27 0.00148047 1 0.00135549 0.000124973
536.72 -0.00230836 1 0.00142163 -0.00372999
537.17 -0.00109725 1 0.00149064 -0.00258789
537.63 0.00211848 1 0.00156425 0.000554225
538.08 0.00132945 1 0.00163939 -0.000309941
538.54 -0.00045496 1 0.00171951 -0.00217447
538.99 0.000755873 1 0.00180123 -0.00104536
539.44 0.000966636 1 0.0018864 -0.000919761
539.9 0.00218201 1 0.00197713 0.000204882
540.35 0.00139263 1 0.00206961 -0.00067698
540.8 0.000603174 1 0.0021659 -0.00156272
541.26 0.000818322 1 0.0022684 -0.00145008
541.71 2.87184e-05 1 0.00237279 -0.00234408
542.16 -0.000760961 1 0.0024814 -0.00324236
542.62 0.00245395 1 0.00259692 -0.000142967
543.07 0.00166412 1 0.00271448 -0.00105036
543.52 0.000874208 1 0.00283668 -0.00196247
543.98 0.00108888 1 0.00296656 -0.00187767
544.43 0.00229881 1 0.00309861 -0.000799803
544.88 0.00550865 1 0.00323578 0.00227288
545.34 0.00372308 1 0.00338143 0.000341649
545.79 0.00393276 1 0.00352941 0.000403348
546.24 0.00214236 1 0.00368299 -0.00154063
546.69 0.00235187 1 0.00384233 -0.00149047
547.15 0.00556595 1 0.00401136 0.00155459
547.6 0.00477529 1 0.0041829 0.000592391
548.05 0.00798454 1 0.00436073 0.00362381
548.51 0.00619835 1 0.0045492 0.00164914
548.96 0.00540742 1 0.00474032 0.0006671
549.41 0.00461641 1 0.00493829 -0.000321887
549.86 0.0078253 1 0.0051433 0.00268199
550.32 0.00903874 1 0.00536035 0.00367839
550.77 0.00724744 1 0.00558019 0.00166725
551.22 0.00845606 1 0.00580766 0.00264839
551.68 0.00866921 1 0.00604829 0.00262092
552.13 0.00787763 1 0.00629181 0.00158582
552.58 0.010086 1 0.00654358 0.00354238
553.03 0.00829419 1 0.0068038 0.00149039
553.49 0.0125069 1 0.00707875 0.00542819
553.94 0.011715 1 0.0073567 0.00435827
554.39 0.0119229 1 0.00764375 0.00427915
554.84 0.0101307 1 0.0079401 0.00219063
555.3 0.0123431 1 0.00825288 0.00409019
555.75 0.0105507 1 0.00856872 0.00198198
556.2 0.0127582 1 0.00889452 0.0038637
556.65 0.0129656 1 0.00923051 0.00373513
557.11 0.0121776 1 0.00958473 0.00259283
557.56 0.0143848 1 0.00994199 0.00444277
558.01 0.0145919 1 0.0103101 0.00428174
558.46 0.0157988 1 0.0106893 0.00510952
558.92 0.0180103 1 0.0110887 0.00692168
559.37 0.0162171 1 0.011491 0.00472614
559.82 0.0164238 1 0.011905 0.00451874
560.27 0.0156303 1 0.0123311 0.00329925
560.72 0.0158367 1 0.0127693 0.00306745
561.18 0.0200476 1 0.0132301 0.00681753
561.63 0.0182539 1 0.0136937 0.00456015
562.08 0.0184599 1 0.0141702 0.00428978
562.53 0.0186659 1 0.0146597 0.00400622
562.99 0.0208764 1 0.0151739 0.00570249
563.44 0.0190821 1 0.0156905 0.00339158
563.89 0.0212877 1 0.0162209 0.00506683
564.34 0.0224932 1 0.0167652 0.00572803
564.79 0.0206986 1 0.0173236 0.00337497
565.25 0.0229084 1 0.0179093 0.00499913
565.7 0.0241136 1 0.0184969 0.00561664
566.15 0.0253186 1 0.0190993 0.0062193
566.6 0.0225235 1 0.0197165 0.00280692
567.05 0.0267282 1 0.0203489 0.00637932
567.5 0.0269329 1 0.0209965 0.00593632
567.96 0.0281419 1 0.0216745 0.00646737
568.41 0.0253463 1 0.0223536 0.0029927
568.86 0.0285506 1 0.0230484 0.00550213
569.31 0.0287547 1 0.0237592 0.00499549
569.76 0.0289587 1 0.024486 0.00447264
570.21 0.0291625 1 0.0252291 0.00393343
570.67 0.0293708 1 0.0260056 0.00336521
571.12 0.0295744 1 0.0267819 0.00279254
571.57 0.0297779 1 0.0275747 0.00220314
572.02 0.0319812 1 0.0283843 0.00359691
572.47 0.0331844 1 0.0292107 0.00397373
572.92 0.0323875 1 0.0300539 0.00233352
573.37 0.0345904 1 0.0309142 0.00367621
573.83 0.0327977 1 0.0318111 0.000986528
574.28 0.0340003 1 0.0327059 0.00129441
574.73 0.0342028 1 0.0336178 0.000584993
575.18 0.0374052 1 0.0345469 0.00285825
575.63 0.0356074 1 0.0354932 0.000114149
576.08 0.0398095 1 0.0364568 0.00335268
576.53 0.0390114 1 0.0374376 0.00157383
576.98 0.0412132 1 0.0384356 0.00277762
577.44 0.0384193 1 0.0394735 -0.00105422
577.89 0.0426208 1 0.0405063 0.00211453
578.34 0.0438222 1 0.0415561 0.00226602
578.79 0.0430234 1 0.042623 0.000400319
579.24 0.0422244 1 0.0437069 -0.00148251
579.69 0.0454253 1 0.0448077 0.000617641
580.14 0.0476261 1 0.0459252 0.00170086
580.59 0.0468267 1 0.0470594 -0.000232716
581.04 0.0490271 1 0.0482101 0.000817036
581.49 0.0512274 1 0.0493771 0.00185027
581.95 0.048432 1 0.0505869 -0.00215488
582.4 0.051632 1 0.0517865 -0.000154523
582.85 0.0518318 1 0.0530019 -0.00117013
583.3 0.0520315 1 0.054233 -0.0022015
583.75 0.055231 1 0.0554794 -0.000248389
584.2 0.0534303 1 0.0567409 -0.00331055
584.65 0.0566295 1 0.0580173 -0.00138773
585.1 0.0578286 1 0.0593082 -0.00147964
585.55 0.0590275 1 0.0606134 -0.00158599
586 0.0602262 1 0.0619326 -0.00170646
586.45 0.0594247 1 0.0632654 -0.00384072
586.9 0.0636231 1 0.0646115 -0.000988423
587.35 0.0638213 1 0.0659705 -0.00214921
587.8 0.0670194 1 0.0673421 -0.000322688
588.25 0.0652173 1 0.0687257 -0.00350847
588.71 0.0664194 1 0.0701523 -0.00373288
589.16 0.0726169 1 0.0715592 0.00105776
589.61 0.0718143 1 0.0729769 -0.0011626
590.06 0.0730115 1 0.074405 -0.00139348
590.51 0.0762086 1 0.075843 0.000365589
590.96 0.0744054 1 0.0772903 -0.00288488
591.41 0.0766021 1 0.0787465 -0.00214438
591.86 0.0777986 1 0.080211 -0.00241238
592.31 0.081995 1 0.0816833 0.000311668
592.76 0.0801912 1 0.0831628 -0.00297167
593.21 0.0813872 1 0.084649 -0.00326183
593.66 0.083583 1 0.0861412 -0.0025582
594.11 0.0847786 1 0.0876388 -0.00286019
594.56 0.0869741 1 0.0891412 -0.00216717
595.01 0.0881694 1 0.0906479 -0.00247852
595.46 0.0923645 1 0.092158 0.000206423
595.91 0.0945594 1 0.0936711 0.00088831
596.36 0.0947541 1 0.0951863 -0.000432187
596.81 0.0939487 1 0.0967031 -0.00275438
597.26 0.098143 1 0.0982206 -7.75858e-05
597.71 0.100337 1 0.0997383 0.00059891
598.16 0.100531 1 0.101255 -0.000724183
598.61 0.101725 1 0.102771 -0.00104614
599.06 0.102919 1 0.104285 -0.00136623
599.51 0.107112 1 0.105796 0.00131628
599.96 0.107305 1 0.107303 2.13691e-06
600.41 0.110498 1 0.108806 0.0016921
600.86 0.109691 1 0.110304 -0.000613093
601.31 0.110884 1 0.111797 -0.000912668
601.76 0.113076 1 0.113282 -0.00020587
602.21 0.116269 1 0.114761 0.00150807
602.65 0.116457 1 0.116198 0.000258215
603.1 0.118648 1 0.11766 0.000988515
603.55 0.12184 1 0.119112 0.00272822
604 0.121032 1 0.120554 0.000478097
604.45 0.124223 1 0.121984 0.00223889
604.9 0.126414 1 0.123403 0.00301135
605.35 0.128605 1 0.124809 0.00379622
605.8 0.128796 1 0.126201 0.00259423
606.25 0.130986 1 0.12758 0.0034061
606.7 0.131176 1 0.128944 0.00223254
607.15 0.132367 1 0.130292 0.00207424
607.6 0.134556 1 0.131625 0.00293188
608.05 0.135746 1 0.13294 0.00280613
608.5 0.136936 1 0.134238 0.00269762
608.95 0.138125 1 0.135518 0.00260698
609.39 0.13631 1 0.136751 -0.000441582
609.84 0.140499 1 0.137994 0.00250484
610.29 0.139687 1 0.139216 0.000470831
610.74 0.141876 1 0.140419 0.0014569
611.19 0.141064 1 0.1416 -0.000536484
611.64 0.144252 1 0.142761 0.00149114
612.09 0.14344 1 0.1439 -0.000459839
612.54 0.145627 1 0.145016 0.000610957
612.99 0.145815 1 0.146111 -0.000296155
613.44 0.147002 1 0.147183 -0.000180898
613.88 0.145185 1 0.148209 -0.00302413
614.33 0.145371 1 0.149235 -0.00386402
614.78 0.149558 1 0.150239 -0.000681022
615.23 0.147744 1 0.151219 -0.00347507
615.68 0.14793 1 0.152176 -0.00424618
616.13 0.151116 1 0.15311 -0.00199439
616.58 0.152302 1 0.154021 -0.00171985
617.03 0.151487 1 0.15491 -0.00342275
617.47 0.153668 1 0.155757 -0.00208848
617.92 0.151853 1 0.156601 -0.00474765
618.37 0.154038 1 0.157423 -0.00338531
618.82 0.154222 1 0.158224 -0.00400197
619.27 0.154407 1 0.159005 -0.00459823
619.72 0.155591 1 0.159765 -0.00417478
620.17 0.154774 1 0.160507 -0.00573239
620.61 0.154954 1 0.161214 -0.00626014
621.06 0.153137 1 0.16192 -0.00878296
621.51 0.15632 1 0.16261 -0.00628973
621.96 0.158503 1 0.163285 -0.00478162
622.41 0.157686 1 0.163946 -0.00625989
622.86 0.156868 1 0.164594 -0.00772593
623.3 0.162046 1 0.165218 -0.00317119
623.75 0.159228 1 0.165846 -0.00661749
624.2 0.16041 1 0.166466 -0.00605627
624.65 0.163592 1 0.167081 -0.00348934
625.1 0.160773 1 0.167691 -0.0069186
625.54 0.16195 1 0.168286 -0.00633658
625.99 0.163131 1 0.168895 -0.00576437
626.44 0.165311 1 0.169506 -0.00419466
626.89 0.163491 1 0.170121 -0.00662979
627.34 0.164671 1 0.170744 -0.00607219
627.78 0.166847 1 0.171361 -0.00451421
628.23 0.170027 1 0.172005 -0.0019785
628.68 0.169206 1 0.172664 -0.00345783
629.13 0.171385 1 0.17334 -0.00195499
629.58 0.171564 1 0.174037 -0.00247284
630.02 0.172739 1 0.174741 -0.002002
630.47 0.173917 1 0.175486 -0.00156945
630.92 0.174095 1 0.176261 -0.00216648
631.37 0.176273 1 0.177069 -0.000796178
631.81 0.178446 1 0.177893 0.000553534
632.26 0.177624 1 0.178774 -0.00114999
632.71 0.178801 1 0.179696 -0.000895527
633.16 0.181978 1 0.180664 0.00131376
633.61 0.182154 1 0.181679 0.000474735
634.05 0.185327 1 0.182722 0.00260465
634.5 0.186503 1 0.183842 0.00266094
634.95 0.190678 1 0.185019 0.00565977
635.4 0.191854 1 0.186256 0.00559822
635.84 0.191025 1 0.187526 0.00349912
636.29 0.1952 1 0.18889 0.00630981
636.74 0.197375 1 0.190323 0.00705195
637.18 0.197546 1 0.191792 0.00575335
637.63 0.20072 1 0.193367 0.00735271
638.08 0.202894 1 0.195017 0.00787659
638.53 0.205067 1 0.196744 0.00832304
638.97 0.207237 1 0.19851 0.00872746
639.42 0.20941 1 0.200394 0.00901585
639.87 0.209583 1 0.202361 0.00722232
640.32 0.212756 1 0.20441 0.00834588
640.76 0.212924 1 0.206494 0.0064303
641.21 0.219096 1 0.208708 0.0103881
641.66 0.218268 1 0.211006 0.00726181
642.1 0.223436 1 0.213334 0.0101017
642.55 0.223607 1 0.215797 0.00781015
643 0.227778 1 0.218342 0.00943631
643.44 0.229945 1 0.220908 0.00903693
643.89 0.229116 1 0.223611 0.00550464
644.34 0.234286 1 0.226391 0.0078952
644.79 0.239456 1 0.229245 0.0102111
645.23 0.238622 1 0.232104 0.0065174
645.68 0.246791 1 0.235096 0.0116948
646.13 0.24896 1 0.238152 0.0108077
646.57 0.250125 1 0.241199 0.00892622
647.02 0.255294 1 0.244369 0.0109241
647.47 0.255462 1 0.247591 0.00787112
647.91 0.257626 1 0.250784 0.00684212
648.36 0.261794 1 0.254088 0.00770515
648.81 0.261961 1 0.257426 0.00453485
649.25 0.266124 1 0.260715 0.00540916
649.7 0.267291 1 0.264098 0.00319292
650.15 0.267458 1 0.267493 -3.57056e-05
650.59 0.27262 1 0.270817 0.00180285
651.04 0.275786 1 0.274213 0.00157281
651.48 0.279948 1 0.277522 0.00242568
651.93 0.279114 1 0.280887 -0.00177313
652.38 0.281279 1 0.284222 -0.00294306
652.82 0.28444 1 0.287446 -0.00300589
653.27 0.285604 1 0.290696 -0.00509176
653.72 0.288768 1 0.29389 -0.00512115
654.16 0.291929 1 0.296948 -0.00501946
654.61 0.294092 1 0.300001 -0.00590897
655.06 0.299256 1 0.302969 -0.00371336
655.5 0.295415 1 0.305779 -0.0103638
655.95 0.298578 1 0.308549 -0.00997133
656.39 0.301737 1 0.311147 -0.00941086
656.84 0.302899 1 0.313683 -0.010784
657.29 0.306061 1 0.316085 -0.0100246
657.73 0.308218 1 0.318297 -0.0100785
658.18 0.31238 1 0.32041 -0.00803033
658.62 0.309537 1 0.322322 -0.012785
659.07 0.312698 1 0.324112 -0.0114141
659.52 0.309858 1 0.325726 -0.015868
659.96 0.316014 1 0.327127 -0.0111127
660.41 0.317174 1 0.328372 -0.0111979
660.85 0.31633 1 0.329399 -0.0130686
661.3 0.316489 1 0.330248 -0.0137585
661.74 0.321644 1 0.330876 -0.00923132
662.19 0.320803 1 0.331306 -0.0105033
662.64 0.322961 1 0.331518 -0.00855685
663.08 0.323115 1 0.331509 -0.00839394
663.53 0.325273 1 0.331277 -0.00600378
663.97 0.321426 1 0.330827 -0.00940099
664.42 0.323583 1 0.330139 -0.00655601
664.86 0.322736 1 0.329241 -0.00650489
665.31 0.324893 1 0.328092 -0.00319897
665.75 0.324045 1 0.326741 -0.00269607
666.2 0.324201 1 0.325129 -0.000928304
666.65 0.326356 1 0.323285 0.00307165
667.09 0.319508 1 0.321258 -0.00175004
667.54 0.319662 1 0.318959 0.000703235
667.98 0.319813 1 0.316494 0.00331949
668.43 0.317967 1 0.313753 0.00421398
668.87 0.318118 1 0.310864 0.0072539
669.32 0.315271 1 0.307699 0.00757256
669.76 0.309421 1 0.304404 0.00501717
670.21 0.308574 1 0.300835 0.0077383
670.65 0.305723 1 0.297158 0.00856426
671.1 0.300875 1 0.293213 0.00766191
671.54 0.301023 1 0.289181 0.0118419
671.99 0.297175 1 0.284888 0.0122863
672.43 0.291322 1 0.280533 0.0107895
672.88 0.285473 1 0.275926 0.00954744
673.32 0.28262 1 0.27128 0.01134
673.77 0.28077 1 0.266395 0.0143757
674.21 0.272917 1 0.261495 0.0114215
674.66 0.268066 1 0.256369 0.0116968
675.1 0.264212 1 0.251254 0.0129577
675.55 0.254361 1 0.245928 0.00843312
675.99 0.253506 1 0.240636 0.0128698
676.44 0.247654 1 0.235149 0.0125047
676.88 0.240799 1 0.229721 0.0110774
677.33 0.232946 1 0.224115 0.00883092
677.77 0.22709 1 0.21859 0.00849966
678.22 0.218237 1 0.212905 0.00533121
678.66 0.21238 1 0.207323 0.00505668
679.11 0.206526 1 0.201599 0.00492652
679.55 0.199668 1 0.195998 0.0036705
679.99 0.19381 1 0.1904 0.00340996
680.44 0.188955 1 0.184689 0.0042661
680.88 0.183097 1 0.179127 0.00397002
681.33 0.175241 1 0.173469 0.00177239
681.77 0.169382 1 0.167975 0.00140729
682.22 0.163526 1 0.162403 0.00112292
682.66 0.156666 1 0.157008 -0.00034211
683.11 0.151809 1 0.151552 0.000256598
683.55 0.142948 1 0.146285 -0.00333641
683.99 0.139087 1 0.141089 -0.00200212
684.44 0.134229 1 0.135857 -0.00162776
684.88 0.126368 1 0.130825 -0.00445763
685.33 0.120509 1 0.125771 -0.0052619
685.77 0.116647 1 0.120923 -0.00427611
686.21 0.111784 1 0.116172 -0.00438789
686.66 0.105924 1 0.111418 -0.0054934
687.1 0.0990608 1 0.106874 -0.00781354
687.55 0.0942002 1 0.102339 -0.00813869
687.99 0.0913362 1 0.0980154 -0.0066792
688.44 0.0874749 1 0.0937095 -0.00623465
688.88 0.0806101 1 0.0896145 -0.00900439
689.32 0.079745 1 0.0856348 -0.00588981
689.77 0.0768827 1 0.0816851 -0.00480247
690.21 0.0720169 1 0.0779417 -0.00592481
690.65 0.0651507 1 0.0743158 -0.00916506
691.1 0.0612872 1 0.0707292 -0.00944195
691.54 0.0594204 1 0.0673411 -0.00792075
691.99 0.0555562 1 0.0639971 -0.00844092
692.43 0.0496886 1 0.0608449 -0.0111563
692.87 0.0488206 1 0.057808 -0.00898739
693.32 0.0449553 1 0.0548201 -0.00986473
693.76 0.0420867 1 0.0520124 -0.00992569
694.2 0.0442176 1 0.0493156 -0.00509794
694.65 0.0383512 1 0.0466704 -0.00831914
695.09 0.0374815 1 0.0441922 -0.00671076
695.53 0.0356114 1 0.041819 -0.00620768
695.98 0.0317438 1 0.0394981 -0.00775427
696.42 0.027873 1 0.0373301 -0.00945711
696.86 0.0260018 1 0.0352598 -0.00925805
697.31 0.0261331 1 0.0332408 -0.00710776
697.75 0.0242611 1 0.0313602 -0.0070991
698.19 0.0223888 1 0.0295693 -0.00718051
698.64 0.021519 1 0.0278276 -0.00630856
699.08 0.018646 1 0.0262096 -0.00756361
699.52 0.0187725 1 0.0246728 -0.00590024
699.97 0.0159016 1 0.0231821 -0.00728048
700.41 0.0150274 1 0.0218008 -0.00677343
700.85 0.0131528 1 0.0204922 -0.00733936
701.3 0.0142808 1 0.019226 -0.00494524
701.74 0.0114054 1 0.0180556 -0.00665018
702.18 0.0105298 1 0.0169494 -0.00641965
702.63 0.0106565 1 0.0158816 -0.00522506
703.07 0.00878008 1 0.0148968 -0.00611676
703.51 0.00990326 1 0.0139681 -0.00406488
703.96 0.00602884 1 0.0130736 -0.00704478
704.4 0.00715126 1 0.0122505 -0.00509923
704.84 0.0062733 1 0.0114758 -0.00520252
705.28 0.00339495 1 0.0107472 -0.00735224
705.73 0.00651898 1 0.0100473 -0.00352829
706.17 0.00363986 1 0.00940484 -0.00576498
706.61 0.00276036 1 0.00880172 -0.00604136
707.06 0.00288321 1 0.00822337 -0.00534016
707.5 0.00200293 1 0.00769344 -0.00569051
707.94 0.000122272 1 0.00719674 -0.00707447
708.38 -0.00175877 1 0.00673141 -0.00849018
708.83 0.000362483 1 0.00628609 -0.00592361
709.27 0.000480653 1 0.00587884 -0.00539819
709.71 -0.00140156 1 0.00549782 -0.00689938
710.15 -0.00128417 1 0.00514145 -0.00642562
710.6 -0.00116452 1 0.00480096 -0.00596548
711.04 -0.00104791 1 0.00449004 -0.00553796
711.48 -0.0029317 1 0.00419954 -0.00713124
711.92 -0.00181588 1 0.00392817 -0.00574405
712.37 -0.000697842 1 0.00366918 -0.00436702
712.81 -0.00158282 1 0.00343292 -0.00501575
713.25 -0.00246819 1 0.00321237 -0.00568056
713.69 -0.000353965 1 0.0030065 -0.00336046
714.13 -0.00124013 1 0.00281435 -0.00405448
714.58 -0.00412412 1 0.0026311 -0.00675522
715.02 -0.0010111 1 0.00246402 -0.00347511
715.46 -0.00689847 1 0.0023081 -0.00920656
715.9 -0.00378624 1 0.00216258 -0.00594882
716.35 -0.00267188 1 0.0020238 -0.00469568
716.79 -0.00156046 1 0.00189724 -0.0034577
717.23 -0.00144945 1 0.00177911 -0.00322855
717.67 -0.00133884 1 0.00166881 -0.00300765
718.11 -0.00422863 1 0.00156582 -0.00579445
718.56 -0.00411634 1 0.00146751 -0.00558385
719 -0.00500696 1 0.00137779 -0.00638475
719.44 -0.00589798 1 0.00129395 -0.00719193
719.88 -0.00378941 1 0.00121558 -0.00500499
720.32 -0.00468125 1 0.00114231 -0.00582355
720.76 -0.0035735 1 0.00107377 -0.00464727
721.21 -0.00446372 1 0.00100825 -0.00547197
721.65 -0.0053568 1 0.000948326 -0.00630512
722.09 -0.00225029 1 0.000892221 -0.00314251
722.53 -0.00314419 1 0.000839669 -0.00398386
722.97 -0.00303851 1 0.000790426 -0.00382893
723.41 -0.00393324 1 0.000744264 -0.0046775
723.86 -0.00382601 1 0.00070002 -0.00452603
724.3 -0.00172158 1 0.000659463 -0.00238104
724.74 -0.00361757 1 0.000621396 -0.00423896
725.18 -0.00551397 1 0.000585651 -0.00609962
725.62 -0.0054108 1 0.000552072 -0.00596287
726.06 -0.00530804 1 0.000520516 -0.00582856
726.5 -0.00120571 1 0.000490848 -0.00169656
726.95 -0.00310148 1 0.000462329 -0.00356381
727.39 0 1 0.000436111 -0.000436111
727.83 -0.00289894 1 0.000411432 -0.00331037
728.27 -0.0027983 1 0.000388194 -0.00318649
728.71 -0.00469808 1 0.000366305 -0.00506438
729.15 -0.000598266 1 0.00034568 -0.000943946
729.59 -0.000498868 1 0.00032624 -0.000825108
730.03 -0.00239988 1 0.000307911 -0.00270779
730.48 -0.00129906 1 0.000290242 -0.0015893
730.92 -0.00220089 1 0.000273956 -0.00247484
731.36 -0.00210312 1 0.000258587 -0.0023617
731.8 -0.00300574 1 0.000244082 -0.00324983
732.24 -0.00190876 1 0.000230388 -0.00213915
732.68 -0.00181218 1 0.000217458 -0.00202963
733.12 0.00128402 1 0.000205247 0.00107878
733.56 0.000379837 1 0.000193714 0.000186123
734 0.00147527 1 0.000182818 0.00129245
734.44 -0.00142968 1 0.000172524 -0.00160221
734.89 -0.00133286 1 0.000162583 -0.00149545
735.33 0.000761425 1 0.000153404 0.000608021
735.77 0.000855342 1 0.000144729 0.000710613
736.21 -0.00205111 1 0.000136531 -0.00218764
736.65 -0.00195793 1 0.000128783 -0.00208671
737.09 0.000134892 1 0.000121461 1.3431e-05
737.53 0.00122735 1 0.00011454 0.00111281
737.97 0.00131945 1 0.000108 0.00121145
738.41 -0.000588803 1 0.000101819 -0.000690621
738.85 0.000502591 1 9.59773e-05 0.000406614
739.29 -0.000406364 1 9.04573e-05 -0.000496821
739.73 -0.00131567 1 8.52415e-05 -0.00140091
740.17 0.00177469 1 8.03134e-05 0.00169438
740.61 0.0028647 1 7.56576e-05 0.00278905
741.05 0.00095438 1 7.12595e-05 0.000883121
741.49 4.37217e-05 1 6.71052e-05 -2.33836e-05
741.93 -0.000867269 1 6.31819e-05 -0.000930451
742.37 0.00122141 1 5.9477e-05 0.00116193
742.81 -0.00169024 1 5.59788e-05 -0.00174622
743.26 -0.00060021 1 5.26036e-05 -0.000652814
743.7 -0.000512509 1 4.94906e-05 -0.000561999
744.14 -0.00242513 1 4.65526e-05 -0.00247168
744.58 0.00166194 1 4.37804e-05 0.00161816
745.02 -0.0012513 1 4.1165e-05 -0.00129247
745.46 -0.000164856 1 3.8698e-05 -0.000203554
745.9 0.000921283 1 3.63714e-05 0.000884912
746.34 0.00200712 1 3.41775e-05 0.00197294
746.78 -0.000907347 1 3.21093e-05 -0.000939457
747.22 0.000177889 1 3.01599e-05 0.000147729
747.66 0.000262829 1 2.83229e-05 0.000234506
748.1 0.00134748 1 2.6592e-05 0.00132089
748.54 0.00143184 1 2.49616e-05 0.00140687
748.98 -0.000484093 1 2.34261e-05 -0.00050752
749.42 0.00159969 1 2.19803e-05 0.00157771
749.86 0.0016832 1 2.06192e-05 0.00166258
750.29 -0.000235462 1 1.93664e-05 -0.000254828
750.73 -0.0011525 1 1.81593e-05 -0.00117066
751.17 0.000930181 1 1.70237e-05 0.000913157
751.61 -0.0019874 1 1.59556e-05 -0.00200336
752.05 0.00209474 1 1.49512e-05 0.00207979
752.49 0.00317663 1 1.40068e-05 0.00316262
752.93 0.000258248 1 1.31193e-05 0.000245129
753.37 0.000339611 1 1.22852e-05 0.000327325
753.81 0.000420717 1 1.15015e-05 0.000409216
754.25 -0.000498429 1 1.07655e-05 -0.000509195
754.69 0.00358217 1 1.00743e-05 0.0035721
755.13 0.00066253 1 9.4253e-06 0.000653105
755.57 0.00274264 1 8.81617e-06 0.00273383
756.01 -0.000177489 1 8.24454e-06 -0.000185734
756.45 -0.00109786 1 7.70823e-06 -0.00110557
756.89 -0.00101846 1 7.20518e-06 -0.00102567
757.33 0.0030607 1 6.73344e-06 0.00305396
757.77 -0.00286037 1 6.29116e-06 -0.00286667
758.21 -0.000781671 1 5.87661e-06 -0.000787548
758.64 0.00329503 1 5.49667e-06 0.00328953
759.08 -0.00162671 1 5.13216e-06 -0.00163185
759.52 -0.00254867 1 4.79074e-06 -0.00255346
759.96 -0.00147085 1 4.47102e-06 -0.00147532
760.4 -0.000393237 1 4.17169e-06 -0.000397409
760.84 0.000684164 1 3.89151e-06 0.000680272
761.28 -0.00223864 1 3.62933e-06 -0.00224227
761.72 -0.00116166 1 3.38404e-06 -0.00116504
762.16 0.000915128 1 3.15461e-06 0.000911973
762.6 -8.28683e-06 1 2.94006e-06 -1.12269e-05
763.03 -0.00293363 1 2.7439e-06 -0.00293638
763.47 0.00214257 1 2.55614e-06 0.00214001
763.91 -0.00278143 1 2.38068e-06 -0.00278381
764.35 -0.00170561 1 2.21677e-06 -0.00170782
764.79 -0.000629971 1 2.06367e-06 -0.000632035
765.23 0.00044548 1 1.9207e-06 0.00044356
765.67 -0.00147925 1 1.78724e-06 -0.00148104
766.11 -0.00140415 1 1.66266e-06 -0.00140582
766.54 0.000669067 1 1.54898e-06 0.000667518
766.98 0.00374382 1 1.44036e-06 0.00374238
767.42 -0.0021816 1 1.33906e-06 -0.00218293
767.86 0.000892823 1 1.2446e-06 0.000891578
768.3 0.00296708 1 1.15654e-06 0.00296592
768.74 -0.00195883 1 1.07446e-06 -0.0019599
769.17 0.000113434 1 9.99665e-07 0.000112435
769.61 -0.000812778 1 9.28304e-07 -0.000813707
770.05 0.00226086 1 8.61841e-07 0.00226
770.49 0.000334344 1 7.99954e-07 0.000333544
770.93 -0.000592315 1 7.42342e-07 -0.000593057
771.37 0.00148088 1 6.88722e-07 0.00148019
771.8 -0.000447719 1 6.39924e-07 -0.000448359
772.24 -0.0013748 1 5.93434e-07 -0.00137539
772.68 0.000697992 1 5.50197e-07 0.000697441
773.12 0.00177065 1 5.09993e-07 0.00177014
773.56 -0.000156826 1 4.7262e-07 -0.000157298
774 -0.00108443 1 4.37885e-07 -0.00108486
774.43 -0.00101379 1 4.06318e-07 -0.0010142
774.87 0.00105837 1 3.76287e-07 0.00105799
775.31 -0.00186959 1 3.48396e-07 -0.00186994
775.75 -0.00279766 1 3.22499e-07 -0.00279799
776.19 -0.00172585 1 2.98458e-07 -0.00172615
776.62 0.00134423 1 2.76636e-07 0.00134395
777.06 0.000415825 1 2.55899e-07 0.000415569
777.5 -0.000512679 1 2.36662e-07 -0.000512916
777.94 -0.000441284 1 2.18822e-07 -0.000441503
778.37 -0.00237161 1 2.02643e-07 -0.00237181
778.81 -0.000300403 1 1.87283e-07 -0.000300591
779.25 0.00277071 1 1.73048e-07 0.00277053
779.69 -0.00115827 1 1.59858e-07 -0.00115843
780.13 0.00191266 1 1.4764e-07 0.00191251
780.56 0.000981903 1 1.36572e-07 0.000981767
781 0.00105267 1 1.26077e-07 0.00105255
781.44 0.00412337 1 1.16362e-07 0.00412325
781.88 0.00119398 1 1.07371e-07 0.00119387
782.31 -0.000737078 1 9.92339e-08 -0.000737177
782.75 -0.000666604 1 9.1525e-08 -0.000666695
783.19 -0.0015962 1 8.43958e-08 -0.00159628
783.63 0.000474146 1 7.78042e-08 0.000474068
784.06 0.00254283 1 7.18443e-08 0.00254276
784.5 0.00161305 1 6.62031e-08 0.00161299
784.94 0.00368322 1 6.0991e-08 0.00368316
785.37 -0.000248258 1 5.62817e-08 -0.000248314
785.81 0.00282181 1 5.18273e-08 0.00282176
786.25 -0.00110818 1 4.77146e-08 -0.00110822
786.69 -3.82039e-05 1 4.39183e-08 -3.82479e-05
787.12 0.00103014 1 4.04913e-08 0.0010301
787.56 -0.00189997 1 3.72528e-08 -0.00190001
788 0.00116988 1 3.42656e-08 0.00116985
788.43 0.00123812 1 3.15709e-08 0.00123809
788.87 0.00130791 1 2.90262e-08 0.00130788
789.31 -0.000622326 1 2.66805e-08 -0.000622353
789.75 0.00244741 1 2.45188e-08 0.00244739
790.18 -0.00148446 1 2.25706e-08 -0.00148448
790.62 0.00158524 1 2.07326e-08 0.00158522
791.06 0.00065492 1 1.90398e-08 0.000654901
791.49 -0.001277 1 1.75154e-08 -0.00127701
791.93 0.00279266 1 1.60781e-08 0.00279264
792.37 -0.0011377 1 1.47554e-08 -0.00113771
792.8 -0.00406964 1 1.35649e-08 -0.00406965
793.24 0 1 1.24434e-08 -1.24434e-08
793.68 -0.00193036 1 1.14119e-08 -0.00193037
794.11 -0.0028623 1 1.04843e-08 -0.00286231
794.55 -0.00179266 1 9.6109e-09 -0.00179267
794.99 -0.001723 1 8.80827e-09 -0.00172301
795.42 -0.00165492 1 8.0869e-09 -0.00165493
795.86 0.00041476 1 7.4082e-09 0.000414752
796.3 -0.000515544 1 6.78492e-09 -0.00051555
796.73 0.00155259 1 6.22513e-09 0.00155258
797.17 0.00362233 1 5.69881e-09 0.00362232
797.61 -0.00130791 1 5.21581e-09 -0.00130792
798.04 -0.000239706 1 4.7823e-09 -0.00023971
798.48 0.000830116 1 4.375e-09 0.000830111
798.91 -0.000101617 1 4.00962e-09 -0.000101621
799.35 0.00396827 1 3.66647e-09 0.00396827
799.79 -0.000961796 1 3.35193e-09 -0.000961799
800.22 0.00310659 1 3.06995e-09 0.00310658
800.66 0.0011766 1 2.80532e-09 0.0011766
801.1 0.000246665 1 2.56292e-09 0.000246662
