500.34 -0.000479315 1 7.93939e-05 -0.000558708
500.8 -0.0004102 1 8.43024e-05 -0.000494503
501.25 -0.00134259 1 8.93789e-05 -0.00143197
501.71 -0.00127347 1 9.48638e-05 -0.00136833
502.17 -0.00120435 1 0.000100663 -0.00130502
502.62 -0.000136736 1 0.000106657 -0.000243393
503.08 -0.00106762 1 0.000113129 -0.00118075
503.53 0 1 0.000119815 -0.000119815
503.99 -0.00193088 1 0.00012703 -0.00205791
504.44 -0.000863264 1 0.00013448 -0.000997745
504.9 -0.00279415 1 0.000142518 -0.00293666
505.36 -0.000725028 1 0.000151002 -0.00087603
505.81 -0.00265741 1 0.000159757 -0.00281717
506.27 -0.000588297 1 0.000169195 -0.000757492
506.72 0.000479315 1 0.000178929 0.000300385
507.18 -0.000451573 1 0.000189418 -0.000640991
507.63 -0.00238396 1 0.000200231 -0.0025842
508.09 -0.00131486 1 0.000211878 -0.00152673
508.54 -0.00224725 1 0.000223879 -0.00247113
509 -0.00117815 1 0.000236798 -0.00141495
509.45 -0.00111055 1 0.000250105 -0.00136065
509.91 -4.14514e-05 1 0.000264424 -0.000305875
510.36 -0.00197386 1 0.000279166 -0.00225302
510.82 -0.000904768 1 0.000295021 -0.00119979
511.27 0.000162817 1 0.000311337 -0.00014852
511.73 -0.0007681 1 0.000328878 -0.00109698
512.19 -0.00269902 1 0.000347332 -0.00304635
512.64 0.000368552 1 0.000366308 2.24372e-06
513.1 -0.00156238 1 0.000386695 -0.00194907
513.55 -0.00149482 1 0.00040765 -0.00190247
514.01 -0.00142576 1 0.000430153 -0.00185591
514.46 0.000641797 1 0.000453272 0.000188525
514.92 -0.00128915 1 0.000478086 -0.00176724
515.37 -0.00222161 1 0.000503569 -0.00272518
515.83 -0.00115258 1 0.000530908 -0.00168348
516.28 -0.00208505 1 0.000558971 -0.00264402
516.73 -1.75247e-05 1 0.000588394 -0.000605918
517.19 -0.00294851 1 0.000619938 -0.00356845
517.64 0.002119 1 0.000652296 0.00146671
518.1 0.000188003 1 0.00068697 -0.000498967
518.55 -0.000744502 1 0.000722521 -0.00146702
519.01 -0.00167552 1 0.0007606 -0.00243612
519.46 -0.000608036 1 0.000799625 -0.00140766
519.92 0.000460934 1 0.000841405 -0.000380471
520.37 -0.000471603 1 0.000884202 -0.0013558
520.83 -0.00040265 1 0.00093 -0.00133265
521.28 -0.000335205 1 0.000976891 -0.0013121
521.74 0.00173373 1 0.00102705 0.000706683
522.19 -0.00119884 1 0.00107838 -0.00227722
522.65 -0.00112993 1 0.00113326 -0.00226318
523.1 0.000937481 1 0.00118939 -0.00025191
523.55 0.00100488 1 0.00124805 -0.000243168
524.01 7.37649e-05 1 0.00131072 -0.00123695
524.46 0.00214114 1 0.00137477 0.000766368
524.92 0.00221001 1 0.00144318 0.000766823
525.37 0.00127736 1 0.00151308 -0.000235716
525.83 0.000346204 1 0.00158769 -0.00124148
526.28 0.00241354 1 0.00166388 0.00074966
526.73 0.00148086 1 0.00174336 -0.000262502
527.19 0.00154967 1 0.00182814 -0.000278479
527.64 -0.000383035 1 0.00191467 -0.0022977
528.1 0.00268575 1 0.00200692 0.000678829
528.55 0.00275302 1 0.00210102 0.000652003
529.01 0.00382178 1 0.00220129 0.00162048
529.46 0.00188902 1 0.00230353 -0.000414511
529.91 0.00295626 1 0.00241002 0.000546237
530.37 0.00302497 1 0.00252342 0.000501553
530.82 0.00209218 1 0.00263896 -0.000546778
531.28 0.00216087 1 0.00276194 -0.000601071
531.73 0.00522805 1 0.00288718 0.00234087
532.18 0.00529522 1 0.00301747 0.00227774
532.64 0.00536386 1 0.00315606 0.0022078
533.09 0.005431 1 0.00329709 0.0021339
533.54 0.00649812 1 0.00344371 0.00305441
534 0.00556672 1 0.00359955 0.00196716
534.45 0.00663381 1 0.00375804 0.00287577
534.91 0.00770237 1 0.00392641 0.00377596
535.36 0.00676943 1 0.00409756 0.00267188
535.81 0.00583647 1 0.00427527 0.0015612
536.27 0.00790499 1 0.00446394 0.00344105
536.72 0.008972 1 0.00465558 0.00431642
537.17 0.006039 1 0.00485444 0.00118456
537.63 0.0101075 1 0.0050654 0.00504206
538.08 0.00917442 1 0.00527953 0.00389489
538.54 0.00824285 1 0.0055066 0.00273625
538.99 0.0103098 1 0.00573696 0.00457281
539.44 0.0103767 1 0.00597572 0.00440096
539.9 0.0114451 1 0.00622871 0.00521635
540.35 0.00951192 1 0.00648519 0.00302673
540.8 0.0125788 1 0.00675083 0.00582795
541.26 0.0116471 1 0.0070321 0.00461499
541.71 0.0107139 1 0.00731705 0.00339685
542.16 0.0117807 1 0.00761197 0.00416873
542.62 0.013849 1 0.00792401 0.00592495
543.07 0.0139157 1 0.00823991 0.0056758
543.52 0.0129824 1 0.00856662 0.00441583
543.98 0.0140506 1 0.00891205 0.00513859
544.43 0.0171173 1 0.0092615 0.00785583
544.88 0.019184 1 0.00962264 0.00956136
545.34 0.0172521 1 0.0100042 0.00724792
545.79 0.0163188 1 0.0103899 0.00592883
546.24 0.0193854 1 0.0107883 0.0085971
546.69 0.017452 1 0.0111996 0.00625241
547.15 0.02152 1 0.0116337 0.00988633
547.6 0.0185866 1 0.0120721 0.00651446
548.05 0.0236531 1 0.0125244 0.0111287
548.51 0.0217211 1 0.0130015 0.00871953
548.96 0.0227875 1 0.013483 0.00930455
549.41 0.023854 1 0.0139794 0.00987462
549.86 0.0239204 1 0.014491 0.00942943
550.32 0.0249883 1 0.0150301 0.00995819
550.77 0.0260547 1 0.0155736 0.0104811
551.22 0.028121 1 0.0161334 0.0119876
551.68 0.0271889 1 0.0167229 0.010466
552.13 0.0282552 1 0.0173167 0.0109385
552.58 0.0283215 1 0.0179278 0.0103936
553.03 0.0313877 1 0.0185567 0.012831
553.49 0.0294554 1 0.0192182 0.0102372
553.94 0.0325216 1 0.0198839 0.0126377
554.39 0.0335878 1 0.0205684 0.0130194
554.84 0.030654 1 0.021272 0.00938194
555.3 0.0307216 1 0.0220114 0.00871015
555.75 0.0337877 1 0.0227548 0.0110329
556.2 0.0338538 1 0.0235184 0.0103354
556.65 0.0369198 1 0.0243026 0.0126173
557.11 0.0369873 1 0.0251258 0.0118616
557.56 0.0390533 1 0.0259525 0.0131008
558.01 0.0401193 1 0.026801 0.0133183
558.46 0.0401852 1 0.0276713 0.0125139
558.92 0.0422526 1 0.0285841 0.0136685
559.37 0.0413185 1 0.0294999 0.0118186
559.82 0.0413844 1 0.0304388 0.0109456
560.27 0.0424502 1 0.0314009 0.0110493
560.72 0.042516 1 0.0323867 0.0101293
561.18 0.0455833 1 0.0334193 0.012164
561.63 0.044649 1 0.0344539 0.0101951
562.08 0.0477147 1 0.0355132 0.0122015
562.53 0.0477804 1 0.0365974 0.011183
562.99 0.0508475 1 0.0377318 0.0131158
563.44 0.0489132 1 0.0388673 0.0100458
563.89 0.0499788 1 0.0400287 0.00995008
564.34 0.0510443 1 0.0412162 0.00982817
564.79 0.0521099 1 0.04243 0.00967986
565.25 0.0521768 1 0.0436984 0.00847846
565.7 0.0542423 1 0.0449664 0.00927595
566.15 0.0573078 1 0.0462615 0.0110463
566.6 0.0553732 1 0.047584 0.00778917
567.05 0.0594385 1 0.0489341 0.0105044
567.5 0.0605039 1 0.050312 0.0101919
567.96 0.0615707 1 0.0517495 0.00982114
568.41 0.062636 1 0.0531843 0.00945166
568.86 0.0637012 1 0.0546474 0.00905377
569.31 0.0637664 1 0.0561391 0.0076273
569.76 0.0648316 1 0.0576595 0.0071721
570.21 0.0658968 1 0.0592087 0.00668805
570.67 0.0669633 1 0.0608223 0.00614107
571.12 0.0680284 1 0.0624301 0.0055983
571.57 0.0690935 1 0.0640671 0.00502636
572.02 0.0721585 1 0.0657333 0.00642518
572.47 0.0732235 1 0.0674288 0.00579469
572.92 0.0722884 1 0.0691535 0.00313486
573.37 0.0743533 1 0.0709077 0.00344567
573.83 0.0744196 1 0.0727311 0.00168858
574.28 0.0774845 1 0.0745445 0.00294002
574.73 0.0775493 1 0.0763871 0.00116214
575.18 0.0796141 1 0.0782591 0.00135499
575.63 0.0796788 1 0.0801601 -0.000481341
576.08 0.0847435 1 0.0820903 0.00265323
576.53 0.0818081 1 0.0840493 -0.00224117
576.98 0.0888728 1 0.0860372 0.00283557
577.44 0.0879388 1 0.0880989 -0.000160063
577.89 0.0910033 1 0.0901445 0.000858861
578.34 0.0920679 1 0.0922184 -0.000150517
578.79 0.0931323 1 0.0943203 -0.00118797
579.24 0.0951968 1 0.09645 -0.00125326
579.69 0.0952612 1 0.0986073 -0.0033461
580.14 0.0993255 1 0.100792 -0.00146621
580.59 0.0993899 1 0.103003 -0.00361326
581.04 0.101454 1 0.105241 -0.00378693
581.49 0.102518 1 0.107505 -0.00498683
581.95 0.106584 1 0.109846 -0.00326233
582.4 0.106648 1 0.112162 -0.00551408
582.85 0.110712 1 0.114503 -0.00379081
583.3 0.111776 1 0.116868 -0.00509205
583.75 0.11284 1 0.119258 -0.00641733
584.2 0.118904 1 0.121671 -0.00276612
584.65 0.116968 1 0.124106 -0.00713788
585.1 0.120032 1 0.126564 -0.00653204
585.55 0.123096 1 0.129044 -0.00594801
586 0.12616 1 0.131545 -0.00538518
586.45 0.127224 1 0.134067 -0.00684291
586.9 0.130288 1 0.136608 -0.00632051
587.35 0.130351 1 0.139169 -0.00881731
587.8 0.133415 1 0.141748 -0.00833259
588.25 0.135479 1 0.144344 -0.00886559
588.71 0.139544 1 0.147016 -0.00747241
589.16 0.144607 1 0.149646 -0.00503889
589.61 0.144671 1 0.152291 -0.00762071
590.06 0.148734 1 0.154951 -0.00621703
590.51 0.152798 1 0.157625 -0.00482697
590.96 0.151861 1 0.160311 -0.00844965
591.41 0.155924 1 0.163008 -0.00708417
591.86 0.159988 1 0.165717 -0.00572958
592.31 0.162051 1 0.168436 -0.00638493
592.76 0.163114 1 0.171163 -0.00804924
593.21 0.165177 1 0.173899 -0.00872152
593.66 0.16924 1 0.176641 -0.00740074
594.11 0.173303 1 0.179389 -0.00608587
594.56 0.177366 1 0.182142 -0.00477585
595.01 0.179429 1 0.184899 -0.0054696
595.46 0.182492 1 0.187658 -0.00516602
595.91 0.186555 1 0.190419 -0.00386401
596.36 0.187618 1 0.19318 -0.00556244
596.81 0.192681 1 0.195941 -0.00326016
597.26 0.195743 1 0.198699 -0.00295601
597.71 0.199806 1 0.201455 -0.00164883
598.16 0.200869 1 0.204206 -0.00333743
598.61 0.204931 1 0.206952 -0.00202062
599.06 0.206994 1 0.209691 -0.00269719
599.51 0.209056 1 0.212422 -0.00336592
599.96 0.215119 1 0.215144 -2.55914e-05
600.41 0.218181 1 0.217856 0.000325023
600.86 0.220244 1 0.220556 -0.000312842
601.31 0.223306 1 0.223244 6.20546e-05
601.76 0.225368 1 0.225917 -0.000549048
602.21 0.22943 1 0.228575 0.000855092
602.65 0.231491 1 0.231158 0.000332847
603.1 0.235553 1 0.233783 0.00177079
603.55 0.238615 1 0.236388 0.00222765
604 0.239677 1 0.238973 0.000704675
604.45 0.244739 1 0.241536 0.00320307
604.9 0.247801 1 0.244077 0.00372406
605.35 0.251863 1 0.246594 0.00526882
605.8 0.251925 1 0.249086 0.00283855
606.25 0.255987 1 0.251552 0.00443441
606.7 0.258048 1 0.253991 0.00405754
607.15 0.26311 1 0.256401 0.00670907
607.6 0.261172 1 0.258782 0.0023901
608.05 0.266233 1 0.261131 0.00510169
608.5 0.269295 1 0.26345 0.00584489
608.95 0.270356 1 0.265735 0.0046207
609.39 0.273416 1 0.267938 0.0054784
609.84 0.274477 1 0.270156 0.00432152
610.29 0.277539 1 0.272339 0.00520001
610.74 0.2776 1 0.274485 0.0031147
611.19 0.279661 1 0.276595 0.00306639
611.64 0.283722 1 0.278666 0.0050558
612.09 0.282783 1 0.2807 0.0020836
612.54 0.284844 1 0.282694 0.00215039
612.99 0.285905 1 0.284649 0.0012567
613.44 0.286966 1 0.286563 0.000403003
613.88 0.290026 1 0.288396 0.00162953
614.33 0.290086 1 0.290231 -0.000144038
614.78 0.290147 1 0.292024 -0.00187673
615.23 0.291208 1 0.293776 -0.00256843
615.68 0.293269 1 0.295488 -0.00221913
616.13 0.297329 1 0.297158 0.000171104
616.58 0.29739 1 0.298788 -0.00139794
617.03 0.29545 1 0.300377 -0.00492658
617.47 0.298509 1 0.301892 -0.00338259
617.92 0.299569 1 0.303402 -0.00383271
618.37 0.30163 1 0.304874 -0.00324411
618.82 0.29969 1 0.306308 -0.00661762
619.27 0.30175 1 0.307704 -0.00595423
619.72 0.30181 1 0.309065 -0.00725507
620.17 0.30287 1 0.310392 -0.00752143
620.61 0.302929 1 0.311657 -0.00872771
621.06 0.302989 1 0.312919 -0.00993033
621.51 0.305049 1 0.314152 -0.00910333
621.96 0.306109 1 0.315357 -0.00924866
622.41 0.308168 1 0.316537 -0.0083685
622.86 0.307228 1 0.317693 -0.0104652
623.3 0.309286 1 0.318804 -0.00951758
623.75 0.309346 1 0.319922 -0.0105762
624.2 0.312406 1 0.321025 -0.00861979
624.65 0.312465 1 0.322117 -0.00965154
625.1 0.314524 1 0.323199 -0.00867479
625.54 0.312582 1 0.324253 -0.0116705
625.99 0.316642 1 0.325329 -0.00868753
626.44 0.318701 1 0.326408 -0.00770725
626.89 0.31776 1 0.327494 -0.00973378
627.34 0.320819 1 0.328591 -0.00777148
627.78 0.319877 1 0.329678 -0.00980129
628.23 0.323936 1 0.330811 -0.00687468
628.68 0.322995 1 0.331968 -0.00897337
629.13 0.326054 1 0.333156 -0.00710246
629.58 0.326112 1 0.33438 -0.00826724
630.02 0.33017 1 0.335616 -0.00544585
630.47 0.333228 1 0.336926 -0.00369737
630.92 0.332287 1 0.338288 -0.0060012
631.37 0.337346 1 0.339709 -0.00236319
631.81 0.338403 1 0.34116 -0.00275687
632.26 0.341461 1 0.342713 -0.0012515
632.71 0.342519 1 0.344342 -0.00182227
633.16 0.347578 1 0.346053 0.00152469
633.61 0.350636 1 0.347853 0.00278317
634.05 0.352693 1 0.349704 0.00298888
634.5 0.355751 1 0.351697 0.00405422
634.95 0.359809 1 0.353796 0.00601277
635.4 0.361867 1 0.356008 0.0058585
635.84 0.361923 1 0.358286 0.00363736
636.29 0.368981 1 0.360739 0.0082427
636.74 0.374039 1 0.363321 0.0107181
637.18 0.376095 1 0.365977 0.0101187
637.63 0.378153 1 0.368832 0.0093213
638.08 0.382211 1 0.371832 0.0103786
638.53 0.387268 1 0.374982 0.0122862
638.97 0.392324 1 0.378211 0.0141135
639.42 0.397382 1 0.381669 0.0157126
639.87 0.401439 1 0.385288 0.0161506
640.32 0.403496 1 0.389072 0.0144245
640.76 0.408552 1 0.392932 0.0156202
641.21 0.413609 1 0.397046 0.0165629
641.66 0.415666 1 0.40133 0.014336
642.1 0.424722 1 0.405683 0.0190383
642.55 0.428779 1 0.410304 0.0184744
643 0.432835 1 0.415095 0.0177407
643.44 0.437891 1 0.419941 0.0179493
643.89 0.443947 1 0.425063 0.0188845
644.34 0.447004 1 0.430348 0.0166561
644.79 0.454061 1 0.435793 0.0182676
645.23 0.458116 1 0.441267 0.0168485
645.68 0.464172 1 0.447015 0.0171575
646.13 0.468228 1 0.452906 0.0153221
646.57 0.473283 1 0.4588 0.0144836
647.02 0.48034 1 0.464956 0.015384
647.47 0.486396 1 0.471232 0.0151634
647.91 0.49145 1 0.477477 0.013973
648.36 0.498506 1 0.483965 0.0145417
648.81 0.504562 1 0.490542 0.0140202
649.25 0.506617 1 0.497049 0.00956794
649.7 0.512673 1 0.503768 0.00890428
650.15 0.516728 1 0.51054 0.00618869
650.59 0.519783 1 0.517197 0.00258596
651.04 0.526838 1 0.524027 0.00281082
651.48 0.531892 1 0.530713 0.00117947
651.93 0.540948 1 0.537541 0.00340666
652.38 0.545003 1 0.544343 0.000660137
652.82 0.546057 1 0.550951 -0.00489413
653.27 0.551112 1 0.557648 -0.00653628
653.72 0.556167 1 0.564265 -0.00809826
654.16 0.561221 1 0.57064 -0.00941876
654.61 0.568276 1 0.577042 -0.00876622
655.06 0.570331 1 0.583307 -0.0129764
655.5 0.577384 1 0.589281 -0.011897
655.95 0.581439 1 0.595217 -0.0137778
656.39 0.582492 1 0.600831 -0.0183388
656.84 0.586547 1 0.60636 -0.0198134
657.29 0.593601 1 0.611655 -0.0180536
657.73 0.593654 1 0.616587 -0.0229323
658.18 0.603709 1 0.621362 -0.0176528
658.62 0.603762 1 0.625749 -0.0219875
659.07 0.609816 1 0.629932 -0.0201161
659.52 0.61087 1 0.633789 -0.0229192
659.96 0.615923 1 0.63723 -0.021307
660.41 0.616977 1 0.640395 -0.0234179
660.85 0.619029 1 0.643128 -0.024099
661.3 0.621083 1 0.645541 -0.0244583
661.74 0.628136 1 0.647514 -0.019378
662.19 0.629189 1 0.649123 -0.0199334
662.64 0.633243 1 0.650308 -0.0170649
663.08 0.634295 1 0.651047 -0.0167518
663.53 0.637348 1 0.651365 -0.0140165
663.97 0.640401 1 0.65124 -0.0108397
664.42 0.638454 1 0.650661 -0.0122072
664.86 0.642506 1 0.649648 -0.00714203
665.31 0.642559 1 0.648151 -0.00559209
665.75 0.638611 1 0.646234 -0.00762384
666.2 0.640663 1 0.64381 -0.00314673
666.65 0.639716 1 0.640917 -0.00120052
667.09 0.635768 1 0.637636 -0.00186777
667.54 0.63382 1 0.63382 6.37479e-08
667.98 0.632872 1 0.629645 0.0032269
668.43 0.628924 1 0.624925 0.00399925
668.87 0.628976 1 0.619877 0.0090983
669.32 0.625028 1 0.61428 0.0107477
669.76 0.620079 1 0.608392 0.0116871
670.21 0.615131 1 0.601955 0.013176
670.65 0.616182 1 0.595268 0.0209145
671.1 0.607234 1 0.588038 0.0191962
671.54 0.599285 1 0.580601 0.0186839
671.99 0.594337 1 0.572634 0.0217031
672.43 0.585387 1 0.564505 0.0208821
672.88 0.577439 1 0.555863 0.0215761
673.32 0.569489 1 0.547107 0.0223819
673.77 0.560541 1 0.537859 0.0226817
674.21 0.551591 1 0.528547 0.0230439
674.66 0.540642 1 0.518767 0.021875
675.1 0.529692 1 0.508974 0.0207189
675.55 0.517744 1 0.498741 0.019003
675.99 0.509794 1 0.488543 0.0212506
676.44 0.497845 1 0.477938 0.0199068
676.88 0.486894 1 0.467416 0.019478
677.33 0.474945 1 0.456521 0.018424
677.77 0.460995 1 0.445757 0.0152381
678.22 0.449045 1 0.434654 0.0143914
678.66 0.436095 1 0.423726 0.0123682
679.11 0.420145 1 0.412498 0.00764745
679.55 0.409194 1 0.401486 0.00770847
679.99 0.398244 1 0.390461 0.00778288
680.44 0.384294 1 0.37919 0.00510395
680.88 0.373343 1 0.368192 0.00515054
681.33 0.358393 1 0.356986 0.00140678
681.77 0.346442 1 0.346086 0.00035557
682.22 0.333491 1 0.335014 -0.00152214
682.66 0.32354 1 0.324276 -0.000736203
683.11 0.30859 1 0.313401 -0.00481163
683.55 0.295638 1 0.302886 -0.00724803
683.99 0.282687 1 0.292501 -0.00981447
684.44 0.275736 1 0.282027 -0.00629112
684.88 0.262784 1 0.271942 -0.00915737
685.33 0.252833 1 0.261797 -0.00896385
685.77 0.243882 1 0.252055 -0.00817365
686.21 0.228929 1 0.242497 -0.0135674
686.66 0.221978 1 0.23292 -0.0109416
687.1 0.207026 1 0.223758 -0.0167318
687.55 0.200075 1 0.214601 -0.0145261
687.99 0.192123 1 0.205862 -0.0137397
688.44 0.185171 1 0.197149 -0.0119783
688.88 0.175219 1 0.188854 -0.0136358
689.32 0.165266 1 0.180784 -0.0155184
689.77 0.159314 1 0.172766 -0.0134523
690.21 0.152361 1 0.165159 -0.0127979
690.65 0.140408 1 0.157783 -0.0173749
691.1 0.134456 1 0.15048 -0.0160232
691.54 0.128503 1 0.143573 -0.0150696
691.99 0.120551 1 0.136749 -0.0161976
692.43 0.114598 1 0.130309 -0.0157114
692.87 0.110644 1 0.124099 -0.0134542
693.32 0.104692 1 0.117981 -0.0132894
693.76 0.0967384 1 0.112227 -0.0154883
694.2 0.0957847 1 0.106693 -0.0109085
694.65 0.087832 1 0.101259 -0.0134272
695.09 0.0848781 1 0.0961624 -0.0112842
695.53 0.0799242 1 0.0912754 -0.0113512
695.98 0.0729712 1 0.08649 -0.0135188
696.42 0.0690171 1 0.082014 -0.012997
696.86 0.0650628 1 0.0777341 -0.0126713
697.31 0.0631095 1 0.0735544 -0.0104449
697.75 0.0611551 1 0.0696554 -0.00850026
698.19 0.0562006 1 0.0659366 -0.00973605
698.64 0.053247 1 0.0623142 -0.00906721
699.08 0.0492923 1 0.0589435 -0.00965116
699.52 0.0463375 1 0.0557363 -0.00939881
699.97 0.0443836 1 0.0526197 -0.008236
700.41 0.0414287 1 0.0497262 -0.00829754
700.85 0.0384736 1 0.0469793 -0.00850573
701.3 0.0385194 1 0.0443157 -0.00579631
701.74 0.0355641 1 0.0418482 -0.00628401
702.18 0.0326088 1 0.0395103 -0.00690155
702.63 0.0306543 1 0.0372479 -0.00659356
703.07 0.0276988 1 0.0351559 -0.00745716
703.51 0.0277431 1 0.0331775 -0.00543443
703.96 0.0237884 1 0.0312663 -0.00747795
704.4 0.0228325 1 0.029502 -0.00666954
704.84 0.0228766 1 0.0278362 -0.00495963
705.28 0.0209205 1 0.026264 -0.00534345
705.73 0.0199654 1 0.024748 -0.00478269
706.17 0.0180091 1 0.0233513 -0.00534215
706.61 0.0170528 1 0.0220346 -0.00498183
707.06 0.0160973 1 0.0207665 -0.00466921
707.5 0.0151408 1 0.0195993 -0.00445855
707.94 0.0111842 1 0.0185001 -0.00731597
708.38 0.00822742 1 0.0174652 -0.00923774
708.83 0.0102716 1 0.0164695 -0.00619789
709.27 0.00931464 1 0.0155538 -0.00623914
709.71 0.00835761 1 0.0146921 -0.00633448
710.15 0.00840048 1 0.0138813 -0.00548079
710.6 0.00644422 1 0.0131016 -0.00665736
711.04 0.00748689 1 0.0123848 -0.00489791
711.48 0.00552946 1 0.0117104 -0.00618095
711.92 0.00357193 1 0.0110759 -0.00750394
712.37 0.00561526 1 0.0104656 -0.00485037
712.81 0.00365753 1 0.0099045 -0.00624697
713.25 0.0036997 1 0.00937635 -0.00567665
713.69 0.00474176 1 0.00887916 -0.0041374
714.13 0.00378373 1 0.00841101 -0.00462728
714.58 0.00282654 1 0.00796039 -0.00513385
715.02 0.0038683 1 0.0075456 -0.0036773
715.46 -9.00389e-05 1 0.00715472 -0.00724476
715.9 0.000951518 1 0.00678626 -0.00583474
716.35 -6.08569e-06 1 0.00643115 -0.00643723
716.79 -0.000964735 1 0.00610383 -0.00706856
717.23 0.00107651 1 0.00579493 -0.00471842
717.67 0.00211766 1 0.00550331 -0.00338566
718.11 0.0011587 1 0.00522789 -0.00406918
718.56 0.00120057 1 0.00496189 -0.00376132
719 -0.000758595 1 0.00471619 -0.00547478
719.44 -0.000717865 1 0.00448381 -0.00520168
719.88 0.000322762 1 0.00426394 -0.00394118
720.32 -0.000636714 1 0.0040558 -0.00469252
720.76 -0.000596295 1 0.00385868 -0.00445497
721.21 -0.00155507 1 0.00366777 -0.00522284
721.65 -0.00351486 1 0.00349093 -0.00700579
722.09 0.00152525 1 0.00332321 -0.00179797
722.53 -0.000434756 1 0.00316408 -0.00359883
722.97 0.000605137 1 0.00301302 -0.00240788
723.41 0.000644925 1 0.00286956 -0.00222464
723.86 0.000685507 1 0.00273026 -0.00204475
724.3 -0.00127492 1 0.00260087 -0.00387579
724.74 -0.000235451 1 0.00247785 -0.0027133
725.18 0.000803911 1 0.00236084 -0.00155692
725.62 -0.00215683 1 0.00224949 -0.00440633
726.06 -0.00211769 1 0.00214352 -0.0042612
726.5 -0.00207864 1 0.00204261 -0.00412125
726.95 -3.8825e-05 1 0.00194438 -0.0019832
727.39 0 1 0.00185292 -0.00185292
727.83 0.00103872 1 0.00176577 -0.000727054
728.27 7.73286e-05 1 0.0016827 -0.00160537
728.71 -0.000884166 1 0.00160351 -0.00248768
729.15 0.00115423 1 0.00152799 -0.000373761
729.59 0.00119253 1 0.00145597 -0.000263446
730.03 0.00323072 1 0.00138728 0.00184344
730.48 0.00126967 1 0.00132028 -5.06134e-05
730.92 -0.000692345 1 0.00125782 -0.00195017
731.36 0.00134554 1 0.00119822 0.000147317
731.8 -0.000616684 1 0.00114134 -0.00175803
732.24 -0.000579004 1 0.00108706 -0.00166606
732.68 0.000458577 1 0.00103526 -0.000576679
733.12 0.00349606 1 0.000985813 0.00251025
733.56 0.00153344 1 0.000938623 0.000594819
734 0.00457073 1 0.000893583 0.00367714
734.44 0.00360792 1 0.000850597 0.00275732
734.89 0.000645853 1 0.000808661 -0.000162808
735.33 -0.000317151 1 0.00076955 -0.0010867
735.77 0.00071975 1 0.000732226 -1.24753e-05
736.21 0.00175656 1 0.00069661 0.00105995
736.65 0.00179327 1 0.000662627 0.00113065
737.09 0.000829895 1 0.000630204 0.000199691
737.53 0.00186643 1 0.000599273 0.00126715
737.97 0.00190287 1 0.000569768 0.0013331
738.41 0.00293921 1 0.000541626 0.00239759
738.85 0.00597547 1 0.000514788 0.00546069
739.29 0.00301165 1 0.000489197 0.00252245
739.73 0.00404773 1 0.000464798 0.00358293
740.17 0.00308372 1 0.000441539 0.00264219
740.61 0.00211963 1 0.000419369 0.00170026
741.05 0.00415546 1 0.000398241 0.00375722
741.49 0.00119119 1 0.000378109 0.000813085
741.93 0.00122685 1 0.00035893 0.000867918
742.37 0.00226242 1 0.000340661 0.00192176
742.81 0.0022979 1 0.000323262 0.00197464
743.26 0.00233411 1 0.000306327 0.00202779
743.7 0.00236943 1 0.000290571 0.00207886
744.14 0.00440467 1 0.000275574 0.0041291
744.58 0.00443983 1 0.000261301 0.00417853
745.02 0.00147491 1 0.00024772 0.00122719
745.46 0.00350992 1 0.0002348 0.00327512
745.9 0.00354484 1 0.000222512 0.00332233
746.34 0.00557969 1 0.000210825 0.00536886
746.78 0.00361446 1 0.000199714 0.00341474
747.22 0.00264915 1 0.000189152 0.00246
747.66 0.00268377 1 0.000179113 0.00250466
748.1 0.00371832 1 0.000169574 0.00354874
748.54 0.00575279 1 0.000160512 0.00559227
748.98 0.00278718 1 0.000151904 0.00263528
749.42 0.00382151 1 0.00014373 0.00367778
749.86 0.00485576 1 0.000135968 0.0047198
750.29 0.00188917 1 0.000128764 0.00176041
750.73 -7.67133e-05 1 0.000121764 -0.000198477
751.17 0.00295733 1 0.000115121 0.00284221
751.61 0.00299131 1 0.000108819 0.00288249
752.05 0.00402522 1 0.000102842 0.00392238
752.49 0.00505906 1 9.71739e-05 0.00496189
752.93 -0.000907165 1 9.18e-05 -0.000998965
753.37 0.00312654 1 8.67061e-05 0.00303984
753.81 0.00316019 1 8.18786e-05 0.00307831
754.25 0.00219377 1 7.73046e-05 0.00211646
754.69 0.00522729 1 7.29716e-05 0.00515431
755.13 0.00226074 1 6.88677e-05 0.00219187
755.57 0.00229413 1 6.49818e-05 0.00222915
756.01 0.00332746 1 6.13029e-05 0.00326616
756.45 0.00236073 1 5.78208e-05 0.00230291
756.89 0.00139394 1 5.45257e-05 0.00133941
757.33 0.00542709 1 5.14081e-05 0.00537568
757.77 0.00146018 1 4.84591e-05 0.00141172
758.21 0.00449321 1 4.56702e-05 0.00444754
758.64 0.00552544 1 4.30915e-05 0.00548235
759.08 0.000558359 1 4.05955e-05 0.000517763
759.52 0.00259122 1 3.82365e-05 0.00255299
759.96 0.000624033 1 3.60074e-05 0.000588026
760.4 0.00365679 1 3.39014e-05 0.00362289
760.84 0.00468949 1 3.19123e-05 0.00465758
761.28 -0.00027786 1 3.00339e-05 -0.000307894
761.72 0.00275474 1 2.82605e-05 0.00272648
762.16 0.00578728 1 2.65865e-05 0.0057607
762.6 0.00381978 1 2.50066e-05 0.00379477
763.03 0.00185148 1 2.35489e-05 0.00182794
763.47 0.00388388 1 2.21408e-05 0.00386174
763.91 0.00291623 1 2.08127e-05 0.00289542
764.35 -5.14706e-05 1 1.95605e-05 -7.1031e-05
764.79 0.000980782 1 1.83799e-05 0.000962402
765.23 0.00501299 1 1.72671e-05 0.00499572
765.67 0.00204515 1 1.62184e-05 0.00202893
766.11 0.00107727 1 1.52305e-05 0.00106203
766.54 0.00810861 1 1.43203e-05 0.00809429
766.98 0.00414064 1 1.34427e-05 0.00412719
767.42 0.00317262 1 1.26163e-05 0.00316001
767.86 0.00320457 1 1.18383e-05 0.00319273
768.3 0.00423647 1 1.11061e-05 0.00422536
768.74 0.00426833 1 1.04172e-05 0.00425791
769.17 0.00229943 1 9.78326e-06 0.00228965
769.61 0.00233121 1 9.17272e-06 0.00232204
770.05 0.00536296 1 8.59857e-06 0.00535436
770.49 0.00639467 1 8.05876e-06 0.00638661
770.93 0.00242634 1 7.55132e-06 0.00241878
771.37 -0.000542032 1 7.07443e-06 -0.000549106
771.8 0.00248885 1 6.63621e-06 0.00248221
772.24 0.00152041 1 6.21466e-06 0.0015142
772.68 0.00455194 1 5.81873e-06 0.00454612
773.12 0.00658344 1 5.44693e-06 0.00657799
773.56 0.0046149 1 5.09788e-06 0.0046098
774 0.00564633 1 4.77024e-06 0.00564156
774.43 0.00367702 1 4.46954e-06 0.00367255
774.87 0.00270839 1 4.18064e-06 0.0027042
775.31 0.00373972 1 3.90963e-06 0.00373582
775.75 0.000771035 1 3.65546e-06 0.000767379
776.19 0.00180232 1 3.41713e-06 0.0017989
776.62 0.00583286 1 3.19863e-06 0.00582966
777.06 0.00486409 1 2.98891e-06 0.0048611
777.5 0.00489529 1 2.79238e-06 0.0048925
777.94 0.00292646 1 2.60825e-06 0.00292385
778.37 0.00595691 1 2.43958e-06 0.00595447
778.81 0.00398803 1 2.27782e-06 0.00398575
779.25 0.00601913 1 2.12636e-06 0.00601701
779.69 5.02143e-05 1 1.98458e-06 4.82297e-05
780.13 0.00608127 1 1.85188e-06 0.00607942
780.56 0.0071116 1 1.73044e-06 0.00710987
781 0.00514262 1 1.6141e-06 0.00514101
781.44 0.00417362 1 1.50527e-06 0.00417211
781.88 0.00620459 1 1.40351e-06 0.00620319
782.31 0.00423485 1 1.31046e-06 0.00423354
782.75 0.00226579 1 1.22138e-06 0.00226457
783.19 0.000296713 1 1.13814e-06 0.000295575
783.63 0.00232762 1 1.06035e-06 0.00232656
784.06 0.00635781 1 9.89283e-07 0.00635682
784.5 0.00338869 1 9.21308e-07 0.00338777
784.94 0.00641955 1 8.57833e-07 0.00641869
785.37 0.0024497 1 7.99873e-07 0.0024489
785.81 0.00348054 1 7.44471e-07 0.00347979
786.25 0.00251136 1 6.92768e-07 0.00251067
786.69 0.00454217 1 6.44527e-07 0.00454153
787.12 0.00457228 1 6.00514e-07 0.00457168
787.56 0.00160307 1 5.58477e-07 0.00160251
788 0.00363385 1 5.19279e-07 0.00363333
788.43 0.00266393 1 4.83539e-07 0.00266344
788.87 0.0046947 1 4.49423e-07 0.00469425
789.31 0.00272546 1 4.17632e-07 0.00272504
789.75 0.00775621 1 3.88011e-07 0.00775582
790.18 0.00378626 1 3.61026e-07 0.0037859
790.62 0.005817 1 3.35288e-07 0.00581667
791.06 0.00584774 1 3.11323e-07 0.00584743
791.49 0.00387778 1 2.89503e-07 0.00387749
791.93 0.00490851 1 2.68705e-07 0.00490824
792.37 0.00393924 1 2.49351e-07 0.00393899
792.8 0.00196927 1 2.3174e-07 0.00196904
793.24 0 1 2.14963e-07 -2.14963e-07
793.68 0.00603073 1 1.99362e-07 0.00603053
794.11 0.00106076 1 1.85174e-07 0.00106057
794.55 0.00409149 1 1.71667e-07 0.00409132
794.99 0.000122222 1 1.59113e-07 0.000122063
795.42 0.00215226 1 1.47704e-07 0.00215211
795.86 0.000182998 1 1.36849e-07 0.000182861
796.3 0.00321374 1 1.26766e-07 0.00321361
796.73 0.00224379 1 1.17608e-07 0.00224367
797.17 0.00827454 1 1.089e-07 0.00827444
797.61 0.0033053 1 1.00817e-07 0.0033052
798.04 0.00533537 1 9.3479e-08 0.00533528
798.48 0.00536615 1 8.65061e-08 0.00536606
798.91 0.00139623 1 8.01792e-08 0.00139615
799.35 0.00642702 1 7.41692e-08 0.00642695
799.79 0.000457826 1 6.8596e-08 0.000457758
800.22 0.00648794 1 6.3542e-08 0.00648788
800.66 0.00151876 1 5.87442e-08 0.00151871
801.1 0.0045496 1 5.42978e-08 0.00454955
