500.34 -0.00143981 1 7.52845e-05 -0.00151509
500.8 -0.00137639 1 7.99791e-05 -0.00145637
501.25 -0.000314348 1 8.48366e-05 -0.000399185
501.71 -0.00325093 1 9.00876e-05 -0.00334102
502.17 -0.00218751 1 9.56426e-05 -0.00228315
502.62 -0.00112546 1 0.000101387 -0.00122685
503.08 -0.00106204 1 0.000107591 -0.00116963
503.53 0 1 0.000114004 -0.000114004
503.99 -0.00393658 1 0.000120929 -0.00405751
504.44 -0.00287454 1 0.000128082 -0.00300262
504.9 -0.00281111 1 0.000135803 -0.00294692
505.36 -0.00174769 1 0.000143957 -0.00189165
505.81 -0.00168565 1 0.000152375 -0.00183803
506.27 -0.000622233 1 0.000161454 -0.000783687
506.72 -0.00156019 1 0.000170823 -0.00173102
507.18 -0.00149678 1 0.000180922 -0.0016777
507.63 -0.00243474 1 0.000191339 -0.00262608
508.09 -0.000371329 1 0.000202563 -0.000573892
508.54 -0.0023093 1 0.000214134 -0.00252343
509 -0.00124589 1 0.000226597 -0.00147248
509.45 -0.000183859 1 0.00023944 -0.000423299
509.91 -0.00112046 1 0.000253265 -0.00137372
510.36 -0.00205843 1 0.000267505 -0.00232594
510.82 -0.00199503 1 0.000282828 -0.00227786
511.27 -0.000933018 1 0.000298604 -0.00123162
511.73 -0.000869626 1 0.000315571 -0.0011852
512.19 -0.00180624 1 0.000333428 -0.00213967
512.64 0.000255769 1 0.0003518 -9.60318e-05
513.1 -0.000680851 1 0.000371547 -0.0010524
513.55 -0.00161885 1 0.000391852 -0.0020107
514.01 -0.00055548 1 0.000413667 -0.000969147
514.46 -0.000493491 1 0.000436089 -0.000929579
514.92 -0.00343013 1 0.000460165 -0.00389029
515.37 -0.00336815 1 0.000484901 -0.00385305
515.83 0.00169521 1 0.00051145 0.00118375
516.28 -0.000242825 1 0.000538714 -0.000781539
516.73 -0.00218086 1 0.000567311 -0.00274817
517.19 -0.00311752 1 0.000597983 -0.00371551
517.64 0.00094443 1 0.000629459 0.000314971
518.1 -0.000992246 1 0.000663203 -0.00165545
518.55 -0.0019303 1 0.000697815 -0.00262812
519.01 -0.000866993 1 0.000734903 -0.0016019
519.46 -0.00280507 1 0.000772927 -0.00357799
519.92 -0.00174177 1 0.000813654 -0.00255542
520.37 -0.000679853 1 0.000855389 -0.00153524
520.83 0.000383431 1 0.000900069 -0.000516638
521.28 -0.000554669 1 0.000945834 -0.0015005
521.74 -0.000491401 1 0.000994806 -0.00148621
522.19 -0.000429516 1 0.00104494 -0.00147446
522.65 -0.000366263 1 0.00109857 -0.00146483
523.1 -0.000304394 1 0.00115344 -0.00145784
523.55 0.000757467 1 0.0012108 -0.000453338
524.01 -0.000179306 1 0.00127211 -0.00145142
524.46 -0.000117463 1 0.00133481 -0.00145227
524.92 0.000945747 1 0.00140179 -0.000456042
525.37 0.00100757 1 0.00147025 -0.000462676
525.83 0.00207076 1 0.00154335 0.000527411
526.28 0.00113257 1 0.00161804 -0.000485467
526.73 -0.000805632 1 0.00169598 -0.00250161
527.19 0.00125753 1 0.00177915 -0.000521621
527.64 0.00231931 1 0.00186406 0.000455247
528.1 0.000382447 1 0.00195462 -0.00157217
528.55 0.0014442 1 0.00204703 -0.00060283
529.01 0.00350732 1 0.00214555 0.00136177
529.46 0.00256906 1 0.00224604 0.000323023
529.91 0.00263078 1 0.00235073 0.000280053
530.37 0.00169387 1 0.00246226 -0.000768394
530.82 0.00275557 1 0.00257594 0.00017963
531.28 0.00181863 1 0.00269698 -0.000878352
531.73 0.00588031 1 0.0028203 0.00306001
532.18 0.00294198 1 0.00294863 -6.65108e-06
532.64 0.00400501 1 0.00308518 0.000919824
533.09 0.00406665 1 0.00322419 0.000842455
533.54 0.00712828 1 0.00336876 0.00375952
534 0.00419127 1 0.00352248 0.00066879
534.45 0.00625287 1 0.00367885 0.00257402
534.91 0.00631583 1 0.00384504 0.00247079
535.36 0.00537741 1 0.00401403 0.00136338
535.81 0.00643898 1 0.00418956 0.00224941
536.27 0.00750189 1 0.00437598 0.00312592
536.72 0.00656343 1 0.0045654 0.00199804
537.17 0.00562496 1 0.00476201 0.000862948
537.63 0.00968783 1 0.00497066 0.00471717
538.08 0.0107493 1 0.00518252 0.0055668
538.54 0.00781218 1 0.00540725 0.00240492
538.99 0.0108736 1 0.00563532 0.00523832
539.44 0.00993509 1 0.00587178 0.00406331
539.9 0.00899789 1 0.00612241 0.00287548
540.35 0.0100593 1 0.00637659 0.00368272
540.8 0.0121207 1 0.00663992 0.0054808
541.26 0.0111835 1 0.00691885 0.00426463
541.71 0.0102448 1 0.00720151 0.00304334
542.16 0.0103062 1 0.00749414 0.00281206
542.62 0.0133689 1 0.00780387 0.00556504
543.07 0.0134302 1 0.00811752 0.00531271
543.52 0.0134915 1 0.008442 0.00504954
543.98 0.0135542 1 0.00878519 0.004769
544.43 0.0156155 1 0.00913248 0.00648299
544.88 0.0176767 1 0.00949149 0.00818523
545.34 0.0177393 1 0.00987093 0.00786839
545.79 0.0168005 1 0.0102546 0.00654593
546.24 0.0178617 1 0.010651 0.00721079
546.69 0.0189229 1 0.0110603 0.00786263
547.15 0.0209855 1 0.0114925 0.00949295
547.6 0.0210466 1 0.0119291 0.00911749
548.05 0.0231077 1 0.0123797 0.010728
548.51 0.0211702 1 0.0128551 0.0083151
548.96 0.0222313 1 0.013335 0.0088963
549.41 0.0232924 1 0.0138299 0.00946248
549.86 0.0223534 1 0.0143401 0.0080133
550.32 0.0264158 1 0.0148779 0.0115379
550.77 0.0254768 1 0.0154203 0.0100565
551.22 0.0275378 1 0.015979 0.0115588
551.68 0.0266002 1 0.0165675 0.0100326
552.13 0.0286611 1 0.0171606 0.0115006
552.58 0.0297221 1 0.0177711 0.011951
553.03 0.027783 1 0.0183994 0.00938355
553.49 0.0278452 1 0.0190606 0.00878466
553.94 0.0309061 1 0.0197261 0.01118
554.39 0.0329669 1 0.0204106 0.0125563
554.84 0.0310278 1 0.0211144 0.00991337
555.3 0.0330899 1 0.0218542 0.0112358
555.75 0.0331507 1 0.0225981 0.0105526
556.2 0.0322115 1 0.0233625 0.00884898
556.65 0.0342722 1 0.0241476 0.0101246
557.11 0.0343343 1 0.0249721 0.00936221
557.56 0.039395 1 0.0258003 0.0135947
558.01 0.0384557 1 0.0266504 0.0118052
558.46 0.0405163 1 0.0275228 0.0129935
558.92 0.0425783 1 0.0284378 0.0141405
559.37 0.0426389 1 0.0293562 0.0132827
559.82 0.0436995 1 0.0302978 0.0134017
560.27 0.04376 1 0.031263 0.012497
560.72 0.0428206 1 0.0322522 0.0105683
561.18 0.0458824 1 0.0332885 0.0125939
561.63 0.0459429 1 0.0343272 0.0116157
562.08 0.0460034 1 0.0353909 0.0106125
562.53 0.0480638 1 0.0364798 0.011584
562.99 0.0501256 1 0.0376194 0.0125062
563.44 0.0511859 1 0.0387603 0.0124256
563.89 0.0502463 1 0.0399275 0.0103188
564.34 0.0513066 1 0.0411212 0.0101854
564.79 0.0523669 1 0.0423417 0.0100253
565.25 0.0554286 1 0.0436172 0.0118113
565.7 0.0554888 1 0.0448927 0.0105962
566.15 0.0565491 1 0.0461957 0.0103534
566.6 0.0556093 1 0.0475265 0.00808276
567.05 0.0596695 1 0.0488854 0.0107841
567.5 0.0587296 1 0.0502725 0.00845706
567.96 0.0617911 1 0.05172 0.0100711
568.41 0.0618512 1 0.0531649 0.00868626
568.86 0.0639112 1 0.0546387 0.00927251
569.31 0.0649713 1 0.0561416 0.0088297
569.76 0.0650313 1 0.0576736 0.00735765
570.21 0.0650913 1 0.059235 0.00585624
570.67 0.0671526 1 0.0608616 0.00629098
571.12 0.0672125 1 0.0624827 0.0047298
571.57 0.0722724 1 0.0641335 0.0081389
572.02 0.0723323 1 0.0658141 0.00651822
572.47 0.0713921 1 0.0675245 0.00386769
572.92 0.074452 1 0.0692647 0.00518725
573.37 0.0745118 1 0.0710349 0.00347689
573.83 0.0755728 1 0.0728753 0.00269757
574.28 0.0776326 1 0.0747059 0.00292667
574.73 0.0776923 1 0.0765664 0.00112588
575.18 0.0807519 1 0.0784567 0.00229523
575.63 0.0828116 1 0.0803768 0.0024348
576.08 0.0838712 1 0.0823265 0.00154467
576.53 0.0839308 1 0.0843058 -0.000375037
576.98 0.0869903 1 0.0863145 0.000675806
577.44 0.0880512 1 0.0883981 -0.000346944
577.89 0.0901107 1 0.0904658 -0.000355162
578.34 0.0951701 1 0.0925624 0.00260771
578.79 0.0912295 1 0.0946877 -0.00345812
579.24 0.0952889 1 0.0968413 -0.00155239
579.69 0.0953483 1 0.0990231 -0.00367483
580.14 0.0994076 1 0.101233 -0.00182516
580.59 0.0984669 1 0.10347 -0.00500305
581.04 0.101526 1 0.105734 -0.00420816
581.49 0.102585 1 0.108026 -0.00544012
581.95 0.105646 1 0.110395 -0.00474903
582.4 0.108705 1 0.112739 -0.00403406
582.85 0.110764 1 0.115109 -0.00434467
583.3 0.111823 1 0.117504 -0.00568041
583.75 0.113882 1 0.119923 -0.00604076
584.2 0.117941 1 0.122367 -0.0044252
584.65 0.118 1 0.124834 -0.0068332
585.1 0.119059 1 0.127324 -0.00826417
585.55 0.125118 1 0.129836 -0.00471751
586 0.126177 1 0.13237 -0.0061926
586.45 0.129236 1 0.134925 -0.00568879
586.9 0.132295 1 0.1375 -0.00520539
587.35 0.131354 1 0.140095 -0.0087417
587.8 0.136412 1 0.142709 -0.006297
588.25 0.138471 1 0.145342 -0.00687052
588.71 0.139531 1 0.14805 -0.00851926
589.16 0.14559 1 0.150717 -0.00512722
589.61 0.145648 1 0.153399 -0.00775097
590.06 0.148707 1 0.156097 -0.00738965
590.51 0.153766 1 0.158808 -0.00504238
590.96 0.150824 1 0.161532 -0.0107083
591.41 0.157883 1 0.164269 -0.00638634
591.86 0.160941 1 0.167017 -0.00607569
592.31 0.161999 1 0.169775 -0.00777532
592.76 0.163058 1 0.172542 -0.00948424
593.21 0.166116 1 0.175317 -0.00920143
593.66 0.170174 1 0.1781 -0.00792584
594.11 0.175233 1 0.180889 -0.00565642
594.56 0.177291 1 0.183683 -0.00639209
595.01 0.181349 1 0.186481 -0.00513174
595.46 0.184407 1 0.189281 -0.00487426
595.91 0.187465 1 0.192084 -0.0046185
596.36 0.191523 1 0.194887 -0.00336332
596.81 0.194581 1 0.197689 -0.00310755
597.26 0.195639 1 0.200489 -0.00485
597.71 0.201697 1 0.203287 -0.00158947
598.16 0.204755 1 0.20608 -0.00132475
598.61 0.207813 1 0.208868 -0.00105462
599.06 0.209871 1 0.211649 -0.00177784
599.51 0.212929 1 0.214422 -0.00149318
599.96 0.216986 1 0.217186 -0.000199369
600.41 0.220044 1 0.219939 0.000104842
600.86 0.222102 1 0.222681 -0.000579281
601.31 0.224159 1 0.22541 -0.00125047
601.76 0.226217 1 0.228124 -0.00190745
602.21 0.231274 1 0.230823 0.000451052
602.65 0.234331 1 0.233446 0.00088444
603.1 0.240388 1 0.236111 0.0042773
603.55 0.240445 1 0.238756 0.00168941
604 0.245503 1 0.241381 0.00412205
604.45 0.24856 1 0.243984 0.00457645
604.9 0.249617 1 0.246564 0.00305387
605.35 0.253675 1 0.249119 0.00455552
605.8 0.256732 1 0.251649 0.00508262
606.25 0.257789 1 0.254153 0.00363637
606.7 0.261846 1 0.256628 0.00521795
607.15 0.264903 1 0.259075 0.00582851
607.6 0.26596 1 0.261491 0.00446917
608.05 0.271017 1 0.263876 0.00714104
608.5 0.270074 1 0.266229 0.00384519
608.95 0.272131 1 0.268548 0.00358264
609.39 0.275187 1 0.270783 0.00440355
609.84 0.279243 1 0.273034 0.00620979
610.29 0.2813 1 0.275248 0.00605218
610.74 0.282357 1 0.277425 0.00493159
611.19 0.283414 1 0.279565 0.00384883
611.64 0.28547 1 0.281666 0.00380464
612.09 0.284527 1 0.283727 0.000799735
612.54 0.287583 1 0.285749 0.00183472
612.99 0.28964 1 0.28773 0.00191017
613.44 0.292696 1 0.28967 0.00302655
613.88 0.291751 1 0.291527 0.000224757
614.33 0.294808 1 0.293385 0.0014232
614.78 0.296864 1 0.295201 0.00166352
615.23 0.29592 1 0.296975 -0.00105416
615.68 0.296977 1 0.298706 -0.0017298
616.13 0.298033 1 0.300396 -0.00236348
616.58 0.300089 1 0.302044 -0.0019554
617.03 0.298145 1 0.303651 -0.00550585
617.47 0.3012 1 0.305182 -0.00398217
617.92 0.301256 1 0.306708 -0.00545202
618.37 0.303312 1 0.308194 -0.00488209
618.82 0.303368 1 0.309641 -0.00627322
619.27 0.305423 1 0.31105 -0.0056264
619.72 0.304479 1 0.312422 -0.00794277
620.17 0.304535 1 0.313759 -0.00922365
620.61 0.306589 1 0.315033 -0.00844315
621.06 0.306645 1 0.316303 -0.00965833
621.51 0.308701 1 0.317544 -0.0088429
621.96 0.309756 1 0.318755 -0.00899888
622.41 0.309812 1 0.31994 -0.0101285
622.86 0.308867 1 0.321101 -0.012234
623.3 0.311921 1 0.322216 -0.0102943
623.75 0.311977 1 0.323337 -0.0113602
624.2 0.316032 1 0.324442 -0.00841029
624.65 0.315087 1 0.325535 -0.0104479
625.1 0.314142 1 0.326619 -0.0124763
625.54 0.315196 1 0.327673 -0.0124766
625.99 0.319251 1 0.328749 -0.00949777
626.44 0.321306 1 0.329828 -0.00852121
626.89 0.321361 1 0.330913 -0.0095511
627.34 0.322416 1 0.332008 -0.00959188
627.78 0.32447 1 0.333095 -0.00862453
628.23 0.324525 1 0.334226 -0.00970073
628.68 0.32758 1 0.335382 -0.00780222
629.13 0.331634 1 0.336569 -0.00493421
629.58 0.327689 1 0.337791 -0.0101021
630.02 0.333742 1 0.339027 -0.00528407
630.47 0.334797 1 0.340337 -0.00553945
630.92 0.337852 1 0.341699 -0.0038477
631.37 0.340906 1 0.343121 -0.0022148
631.81 0.341959 1 0.344574 -0.00261424
632.26 0.347014 1 0.346129 0.000884294
632.71 0.349068 1 0.347762 0.00130562
633.16 0.350122 1 0.349479 0.000643446
633.61 0.352176 1 0.351285 0.000891442
634.05 0.355229 1 0.353144 0.00208544
634.5 0.358283 1 0.355146 0.00313716
634.95 0.364337 1 0.357257 0.0070803
635.4 0.365391 1 0.359483 0.00590868
635.84 0.368444 1 0.361776 0.00666854
636.29 0.371498 1 0.364246 0.00725223
636.74 0.375552 1 0.366848 0.00870354
637.18 0.378604 1 0.369526 0.00907818
637.63 0.382658 1 0.372407 0.0102516
638.08 0.388712 1 0.375435 0.013277
638.53 0.391765 1 0.378616 0.0131495
638.97 0.395818 1 0.381878 0.0139396
639.42 0.401871 1 0.385374 0.0164976
639.87 0.403925 1 0.389034 0.014891
640.32 0.406978 1 0.392861 0.014117
640.76 0.41403 1 0.396768 0.0172623
641.21 0.418083 1 0.400933 0.01715
641.66 0.418137 1 0.405272 0.0128644
642.1 0.425189 1 0.409683 0.0155056
642.55 0.434242 1 0.414366 0.0198754
643 0.436295 1 0.419223 0.0170716
643.44 0.440346 1 0.424139 0.0162078
643.89 0.448399 1 0.429334 0.019065
644.34 0.451452 1 0.434698 0.0167548
644.79 0.459505 1 0.440224 0.0192806
645.23 0.464557 1 0.445783 0.0187738
645.68 0.471609 1 0.45162 0.0199894
646.13 0.476662 1 0.457605 0.019057
646.57 0.478713 1 0.463593 0.0151199
647.02 0.486766 1 0.46985 0.016916
647.47 0.492818 1 0.476231 0.0165877
647.91 0.496869 1 0.482581 0.0142888
648.36 0.500922 1 0.489178 0.0117434
648.81 0.506974 1 0.495869 0.0111048
649.25 0.512025 1 0.50249 0.00953549
649.7 0.519077 1 0.509328 0.0097496
650.15 0.524129 1 0.51622 0.00790951
650.59 0.52818 1 0.522997 0.00518309
651.04 0.533232 1 0.529952 0.00327974
651.48 0.539283 1 0.536761 0.00252164
651.93 0.545335 1 0.543717 0.00161807
652.38 0.550386 1 0.550646 -0.000259991
652.82 0.554437 1 0.55738 -0.00294331
653.27 0.558489 1 0.564206 -0.00571755
653.72 0.56454 1 0.570952 -0.00641135
654.16 0.567591 1 0.577451 -0.0098601
654.61 0.572642 1 0.58398 -0.0113377
655.06 0.574693 1 0.59037 -0.0156765
655.5 0.580744 1 0.596465 -0.0157212
655.95 0.583795 1 0.602522 -0.0187266
656.39 0.588845 1 0.608252 -0.0194069
656.84 0.594896 1 0.613897 -0.0190004
657.29 0.599947 1 0.619303 -0.0193561
657.73 0.604997 1 0.624341 -0.0193439
658.18 0.611048 1 0.62922 -0.0181717
658.62 0.613098 1 0.633705 -0.0206068
659.07 0.620149 1 0.637982 -0.017833
659.52 0.619199 1 0.641928 -0.0227282
659.96 0.625249 1 0.64545 -0.0202005
660.41 0.6253 1 0.648691 -0.0233916
660.85 0.626349 1 0.651494 -0.0251449
661.3 0.6314 1 0.653971 -0.0225712
661.74 0.632449 1 0.655998 -0.0235495
662.19 0.637499 1 0.657657 -0.0201575
662.64 0.64355 1 0.658883 -0.0153339
663.08 0.640599 1 0.659656 -0.019057
663.53 0.642649 1 0.66 -0.0173507
663.97 0.647698 1 0.659892 -0.0121943
664.42 0.644748 1 0.659322 -0.0145742
664.86 0.649797 1 0.65831 -0.00851286
665.31 0.648847 1 0.656805 -0.00795824
665.75 0.644895 1 0.654872 -0.00997696
666.2 0.650945 1 0.652423 -0.00147782
666.65 0.650995 1 0.649496 0.00149924
667.09 0.649043 1 0.646173 0.00287065
667.54 0.643093 1 0.642306 0.000786649
667.98 0.644141 1 0.638072 0.00606895
668.43 0.639191 1 0.633284 0.00590648
668.87 0.638239 1 0.628162 0.0100774
669.32 0.632288 1 0.62248 0.0098084
669.76 0.628336 1 0.616501 0.0118354
670.21 0.624386 1 0.609964 0.0144217
670.65 0.620434 1 0.603171 0.0172627
671.1 0.615483 1 0.595826 0.0196565
671.54 0.609531 1 0.58827 0.0212605
671.99 0.606579 1 0.580174 0.0264054
672.43 0.591627 1 0.571914 0.0197135
672.88 0.583676 1 0.56313 0.0205454
673.32 0.578723 1 0.554232 0.0244916
673.77 0.568772 1 0.544832 0.0239401
674.21 0.55682 1 0.535367 0.0214525
674.66 0.547868 1 0.525426 0.0224417
675.1 0.534915 1 0.515471 0.0194441
675.55 0.527964 1 0.50507 0.022894
675.99 0.518011 1 0.494704 0.0233067
676.44 0.502059 1 0.483924 0.0181347
676.88 0.493106 1 0.47323 0.0198762
677.33 0.474154 1 0.462156 0.0119983
677.77 0.466201 1 0.451215 0.0149861
678.22 0.453249 1 0.439931 0.0133181
678.66 0.439296 1 0.428825 0.0104705
679.11 0.427343 1 0.417414 0.00992956
679.55 0.41339 1 0.406224 0.00716636
679.99 0.403436 1 0.39502 0.00841613
680.44 0.388484 1 0.383568 0.00491573
680.88 0.37353 1 0.372395 0.00113576
681.33 0.362578 1 0.36101 0.00156789
681.77 0.351624 1 0.349937 0.00168688
682.22 0.337671 1 0.33869 -0.00101889
682.66 0.325717 1 0.327785 -0.00206719
683.11 0.311764 1 0.31674 -0.00497578
683.55 0.29881 1 0.306062 -0.00725194
683.99 0.287856 1 0.295518 -0.00766122
684.44 0.277903 1 0.284884 -0.00698052
684.88 0.263949 1 0.274645 -0.0106965
685.33 0.255996 1 0.264349 -0.00835298
685.77 0.247041 1 0.254461 -0.00742002
686.21 0.234087 1 0.244762 -0.0106749
686.66 0.221133 1 0.235045 -0.0139114
687.1 0.212179 1 0.22575 -0.0135711
687.55 0.202225 1 0.216461 -0.0142364
687.99 0.19327 1 0.207598 -0.0143281
688.44 0.186316 1 0.198763 -0.0124468
688.88 0.174361 1 0.190353 -0.0159914
689.32 0.166406 1 0.182172 -0.0157655
689.77 0.160452 1 0.174045 -0.013593
690.21 0.152497 1 0.166336 -0.0138391
690.65 0.141542 1 0.158863 -0.017321
691.1 0.136588 1 0.151464 -0.0148765
691.54 0.129632 1 0.144469 -0.0148367
691.99 0.124678 1 0.137559 -0.0128808
692.43 0.116722 1 0.131039 -0.0143169
692.87 0.110767 1 0.124753 -0.013986
693.32 0.102812 1 0.118562 -0.01575
693.76 0.0978564 1 0.11274 -0.0148835
694.2 0.0939006 1 0.107143 -0.013242
694.65 0.0899457 1 0.101647 -0.0117014
695.09 0.0829897 1 0.0964939 -0.0135043
695.53 0.0790336 1 0.0915542 -0.0125206
695.98 0.0730785 1 0.0867183 -0.0136398
696.42 0.0701223 1 0.0821964 -0.0120741
696.86 0.066166 1 0.0778736 -0.0117077
697.31 0.0652106 1 0.0736533 -0.0084427
697.75 0.0602541 1 0.0697175 -0.00946335
698.19 0.0552976 1 0.0659648 -0.0106672
698.64 0.053342 1 0.0623104 -0.00896844
699.08 0.0503853 1 0.058911 -0.00852571
699.52 0.0464286 1 0.0556776 -0.00924909
699.97 0.0424727 1 0.0525365 -0.0100638
700.41 0.0405158 1 0.0496214 -0.0091056
700.85 0.0375588 1 0.0468549 -0.00929609
701.3 0.0366027 1 0.0441732 -0.00757056
701.74 0.0356455 1 0.0416899 -0.00604437
702.18 0.0316883 1 0.039338 -0.00764972
702.63 0.0297319 1 0.0370628 -0.00733093
703.07 0.0277745 1 0.03496 -0.00718549
703.51 0.027817 1 0.0329722 -0.00515513
703.96 0.0238604 1 0.0310526 -0.00719218
704.4 0.0229028 1 0.0292815 -0.00637869
704.84 0.0219451 1 0.0276099 -0.00566482
705.28 0.0189873 1 0.026033 -0.00704573
705.73 0.0210303 1 0.0245133 -0.00348299
706.17 0.0160724 1 0.0231138 -0.0070414
706.61 0.0161143 1 0.0217952 -0.00568085
707.06 0.0151572 1 0.0205259 -0.00536877
707.5 0.0141989 1 0.0193582 -0.00515931
707.94 0.0112406 1 0.0182592 -0.00701854
708.38 0.00828227 1 0.017225 -0.0089427
708.83 0.00932476 1 0.0162305 -0.00690579
709.27 0.00736622 1 0.0153166 -0.00795039
709.71 0.00740759 1 0.0144571 -0.00704947
710.15 0.00844888 1 0.0136488 -0.00519989
710.6 0.00849103 1 0.012872 -0.00438098
711.04 0.00553216 1 0.0121584 -0.00662624
711.48 0.0055732 1 0.0114874 -0.00591422
711.92 0.00461416 1 0.0108565 -0.00624236
712.37 0.00665597 1 0.0102502 -0.00359425
712.81 0.00269676 1 0.00969308 -0.00699633
713.25 0.00473746 1 0.00916908 -0.00443161
713.69 0.00377809 1 0.00867614 -0.00489806
714.13 0.00381863 1 0.00821235 -0.00439372
714.58 0.00486 1 0.00776625 -0.00290625
715.02 0.00290037 1 0.00735593 -0.00445557
715.46 -0.00305935 1 0.00696957 -0.0100289
715.9 0.00198085 1 0.00660564 -0.00462479
716.35 -0.000978122 1 0.00625518 -0.0072333
716.79 6.19058e-05 1 0.00593239 -0.00587049
717.23 0.00110185 1 0.00562802 -0.00452618
717.67 0.0031417 1 0.0053409 -0.0021992
718.11 0.00118148 1 0.00506993 -0.00388846
718.56 0.000222061 1 0.00480846 -0.0045864
719 -0.00173834 1 0.00456712 -0.00630547
719.44 0.000301168 1 0.00433906 -0.00403789
719.88 0.000340593 1 0.00412344 -0.00378285
720.32 -0.00262007 1 0.00391949 -0.00653956
720.76 -0.00158082 1 0.00372649 -0.0053073
721.21 -0.000540765 1 0.00353971 -0.00408048
721.65 -0.00250169 1 0.00336684 -0.00586853
722.09 -0.0014627 1 0.00320301 -0.00466572
722.53 -0.0034238 1 0.00304769 -0.00647149
722.97 0.00061501 1 0.00290036 -0.00228535
723.41 -0.00334626 1 0.00276055 -0.00610682
723.86 -0.00130675 1 0.00262489 -0.00393164
724.3 0.000731796 1 0.00249898 -0.00176719
724.74 -0.00322975 1 0.00237935 -0.0056091
725.18 -0.00119138 1 0.00226565 -0.00345702
725.62 -0.00315309 1 0.00215753 -0.00531063
726.06 -0.0021149 1 0.0020547 -0.0041696
726.5 -0.0010768 1 0.00195686 -0.00303366
726.95 -0.00103792 1 0.00186167 -0.00289959
727.39 0 1 0.00177311 -0.00177311
727.83 0.00103783 1 0.00168877 -0.00065094
728.27 -0.00192442 1 0.00160844 -0.00353286
728.71 -0.00288677 1 0.00153191 -0.00441867
729.15 0.000150801 1 0.00145897 -0.00130817
729.59 0.000188282 1 0.00138946 -0.00120117
730.03 0.000225676 1 0.00132319 -0.00109751
730.48 -0.000736169 1 0.00125861 -0.00199478
730.92 -0.00169895 1 0.00119843 -0.00289738
731.36 0.000338188 1 0.00114104 -0.000802856
731.8 -0.00062476 1 0.00108631 -0.00171107
732.24 -0.00258779 1 0.00103411 -0.0036219
732.68 -0.000550906 1 0.000984319 -0.00153523
733.12 0.0034859 1 0.000936825 0.00254907
733.56 0.000522619 1 0.00089152 -0.000368902
734 0.00255926 1 0.000848305 0.00171095
734.44 0.000595818 1 0.000807083 -0.000211265
734.89 -0.00136687 1 0.000766891 -0.00213376
735.33 -0.000330476 1 0.000729427 -0.0010599
735.77 0.00170584 1 0.000693695 0.00101215
736.21 0.00374209 1 0.000659616 0.00308247
736.65 0.000778249 1 0.000627118 0.000151131
737.09 0.00381434 1 0.000596128 0.00321821
737.53 0.000850346 1 0.000566581 0.000283766
737.97 0.00288628 1 0.00053841 0.00234787
738.41 0.00092214 1 0.000511556 0.000410584
738.85 0.00395793 1 0.00048596 0.00347197
739.29 0.00199364 1 0.000461566 0.00153207
739.73 0.00402927 1 0.00043832 0.00359095
740.17 0.00206484 1 0.000416172 0.00164867
740.61 0.00410033 1 0.000395073 0.00370526
741.05 0.00113575 1 0.000374976 0.000760776
741.49 0.0021711 1 0.000355837 0.00181527
741.93 0.00120638 1 0.000337613 0.000868769
742.37 0.00524159 1 0.000320262 0.00492133
742.81 0.000276732 1 0.000303747 -2.70154e-05
743.26 0.0023126 1 0.000287682 0.00202492
743.7 0.0023476 1 0.000272743 0.00207486
744.14 -0.000617462 1 0.00025853 -0.000875993
744.58 0.00341741 1 0.000245012 0.00317239
745.02 0.00145221 1 0.000232155 0.00122005
745.46 0.00348694 1 0.000219931 0.00326701
745.9 0.00352162 1 0.00020831 0.00331331
746.34 0.00555622 1 0.000197265 0.00535896
746.78 0.00359077 1 0.000186769 0.003404
747.22 0.000625247 1 0.000176797 0.000448449
747.66 0.00165966 1 0.000167325 0.00149234
748.1 0.00269402 1 0.000158329 0.00253569
748.54 0.00472831 1 0.000149787 0.00457853
748.98 0.00176255 1 0.000141678 0.00162087
749.42 0.00179672 1 0.000133981 0.00166274
749.86 0.00483083 1 0.000126677 0.00470416
750.29 0.000864115 1 0.000119901 0.000744213
750.73 0.000898112 1 0.000113321 0.000784791
751.17 0.00293205 1 0.00010708 0.00282497
751.61 0.00196593 1 0.000101163 0.00186477
752.05 0.00299976 1 9.55533e-05 0.00290421
752.49 0.00603353 1 9.0237e-05 0.00594329
752.93 0.00106724 1 8.51994e-05 0.000982044
753.37 0.0041009 1 8.0427e-05 0.00402048
753.81 0.00513451 1 7.59067e-05 0.0050586
754.25 0.00216806 1 7.16261e-05 0.00209643
754.69 0.00420156 1 6.75733e-05 0.00413398
755.13 0.003235 1 6.37371e-05 0.00317127
755.57 0.0032684 1 6.01067e-05 0.00320829
756.01 0.000301741 1 5.66716e-05 0.00024507
756.45 0.00333503 1 5.34222e-05 0.00328161
756.89 0.00136828 1 5.03489e-05 0.00131793
757.33 0.00840147 1 4.7443e-05 0.00835403
757.77 0.00143461 1 4.46957e-05 0.00138992
758.21 0.00246771 1 4.20991e-05 0.00242561
758.64 0.00550001 1 3.96996e-05 0.00546031
759.08 0.000533008 1 3.73784e-05 0.00049563
759.52 0.00256596 1 3.51859e-05 0.00253078
759.96 0.00359887 1 3.31153e-05 0.00356576
760.4 -0.000368262 1 3.11602e-05 -0.000399422
760.84 0.00166456 1 2.93147e-05 0.00163524
761.28 0.000697333 1 2.7573e-05 0.00066976
761.72 0.00373007 1 2.59295e-05 0.00370414
762.16 0.00376276 1 2.43791e-05 0.00373838
762.6 0.0027954 1 2.29168e-05 0.00277249
763.03 0.00182727 1 2.15683e-05 0.0018057
763.47 0.00185983 1 2.02665e-05 0.00183957
763.91 0.000892357 1 1.90395e-05 0.000873318
764.35 0.000924842 1 1.78831e-05 0.000906959
764.79 -4.27124e-05 1 1.67937e-05 -5.9506e-05
765.23 0.00298969 1 1.57674e-05 0.00297393
765.67 0.00302206 1 1.48008e-05 0.00300726
766.11 0.00305439 1 1.38907e-05 0.0030405
766.54 0.00608596 1 1.30529e-05 0.0060729
766.98 0.00611821 1 1.22454e-05 0.00610597
767.42 0.00115044 1 1.14855e-05 0.00113895
767.86 0.00318263 1 1.07707e-05 0.00317185
768.3 0.00521478 1 1.00983e-05 0.00520468
768.74 0.0022469 1 9.46595e-06 0.00223743
769.17 0.00327826 1 8.88454e-06 0.00326937
769.61 0.00231031 1 8.3249e-06 0.00230199
770.05 0.00434233 1 7.79894e-06 0.00433453
770.49 0.00437432 1 7.30474e-06 0.00436702
770.93 0.00240628 1 6.84049e-06 0.00239944
771.37 0.00343821 1 6.40445e-06 0.00343181
771.8 0.00346939 1 6.00402e-06 0.00346338
772.24 0.00150126 1 5.61906e-06 0.00149564
772.68 0.0025331 1 5.25773e-06 0.00252784
773.12 0.00556491 1 4.91864e-06 0.00556
773.56 0.0025967 1 4.6005e-06 0.0025921
774 0.00462846 1 4.30207e-06 0.00462416
774.43 0.000659476 1 4.02835e-06 0.000655447
774.87 0.00169118 1 3.76554e-06 0.00168742
775.31 0.00272287 1 3.51916e-06 0.00271935
775.75 0.00375453 1 3.28824e-06 0.00375124
776.19 0.00278617 1 3.07186e-06 0.00278309
776.62 0.00481706 1 2.8736e-06 0.00481419
777.06 0.00184865 1 2.68344e-06 0.00184597
777.5 0.00288022 1 2.50535e-06 0.00287771
777.94 0.00191177 1 2.33861e-06 0.00190943
778.37 0.00394258 1 2.18597e-06 0.00394039
778.81 0.00297408 1 2.03967e-06 0.00297204
779.25 0.00400557 1 1.90279e-06 0.00400367
779.69 0.00303704 1 1.77473e-06 0.00303526
780.13 0.00506849 1 1.65496e-06 0.00506683
780.56 0.00609921 1 1.54543e-06 0.00609766
781 0.00613062 1 1.44056e-06 0.00612918
781.44 0.00416202 1 1.34253e-06 0.00416068
781.88 0.0041934 1 1.25093e-06 0.00419215
782.31 0.00122406 1 1.16722e-06 0.00122289
782.75 0.00325541 1 1.08715e-06 0.00325432
783.19 -0.000713254 1 1.01236e-06 -0.000714266
783.63 0.00231807 1 9.42531e-07 0.00231713
784.06 0.00534867 1 8.78773e-07 0.00534779
784.5 0.00337997 1 8.17831e-07 0.00337915
784.94 0.00441126 1 7.60963e-07 0.0044105
785.37 0.00244182 1 7.09072e-07 0.00244111
785.81 0.00347309 1 6.59504e-07 0.00347243
786.25 0.000504343 1 6.13278e-07 0.00050373
786.69 0.00353559 1 5.70177e-07 0.00353502
787.12 0.00356612 1 5.3088e-07 0.00356558
787.56 0.000597345 1 4.93374e-07 0.000596851
788 0.00362857 1 4.58425e-07 0.00362811
788.43 0.00165907 1 4.26581e-07 0.00165864
788.87 0.00569028 1 3.96205e-07 0.00568988
789.31 0.00372148 1 3.67919e-07 0.00372111
789.75 0.00575268 1 3.41584e-07 0.00575233
790.18 0.000783159 1 3.17607e-07 0.000782841
790.62 0.00481435 1 2.94756e-07 0.00481405
791.06 0.00684553 1 2.73493e-07 0.00684526
791.49 0.004876 1 2.54147e-07 0.00487575
791.93 0.00590718 1 2.3572e-07 0.00590695
792.37 0.00493836 1 2.18586e-07 0.00493814
792.8 0.000968825 1 2.03005e-07 0.000968622
793.24 0 1 1.88173e-07 -1.88173e-07
793.68 0.00503118 1 1.7439e-07 0.005031
794.11 0.00406164 1 1.61865e-07 0.00406148
794.55 0.00309282 1 1.49949e-07 0.00309267
794.99 0.002124 1 1.38883e-07 0.00212386
795.42 0.00115447 1 1.28832e-07 0.00115434
795.86 0.000185654 1 1.19277e-07 0.000185535
796.3 0.00121684 1 1.10408e-07 0.00121673
796.73 0.00624732 1 1.02358e-07 0.00624722
797.17 0.00627852 1 9.47093e-08 0.00627843
797.61 0.00330972 1 8.76146e-08 0.00330963
798.04 0.00434022 1 8.11791e-08 0.00434014
798.48 0.00137143 1 7.50681e-08 0.00137136
798.91 0.00140195 1 6.95271e-08 0.00140188
799.35 0.00343317 1 6.42676e-08 0.00343311
799.79 0.00246441 1 5.93941e-08 0.00246435
800.22 0.00349495 1 5.49779e-08 0.00349489
800.66 0.0075262 1 5.07886e-08 0.00752615
801.1 0.00355747 1 4.6909e-08 0.00355742
